1	12 
2	23 
3	30 
4	18 
5	3 
6	7 
7	3 
8	1 
9	22 
10	23 
11	22 
12	34 
13	3 
14	42 
15	11 
16	7 
17	3 
18	8 
19	42 
20	22 
21	42 
22	36 
23	3 
24	40 
25	3 
26	8 
27	3 
28	23 
29	23 
30	9 
31	3 
32	22 
33	42 
34	7 
35	17 
36	30 
37	40 
38	14 
39	23 
40	42 
41	11 
42	36 
43	40 
44	32 
45	7 
46	7 
47	33 
48	30 
49	1 
50	5 
51	42 
52	3 
53	8 
54	3 
55	36 
56	42 
57	11 
58	40 
59	11 
60	35 
61	42 
62	16 
63	16 
64	42 
65	11 
66	21 
67	36 
68	21 
69	20 
70	42 
71	22 
72	42 
73	2 
74	40 
75	1 
76	23 
77	42 
78	21 
79	34 
80	8 
81	13 
82	7 
83	22 
84	3 
85	1 
86	8 
87	35 
88	42 
89	12 
90	5 
91	36 
92	11 
93	30 
94	8 
95	8 
96	12 
97	30 
98	16 
99	40 
100	23 
101	32 
102	8 
103	7 
104	36 
105	14 
106	11 
107	22 
108	39 
109	30 
110	3 
111	15 
112	8 
113	42 
114	3 
115	42 
116	41 
117	7 
118	27 
119	4 
120	11 
121	42 
122	3 
123	42 
124	35 
125	42 
126	1 
127	3 
128	11 
129	30 
130	11 
131	11 
132	36 
133	36 
134	19 
135	8 
136	22 
137	22 
138	1 
139	8 
140	10 
141	8 
142	12 
143	1 
144	7 
145	42 
146	15 
147	36 
148	23 
149	11 
150	11 
151	7 
152	36 
153	11 
154	42 
155	36 
156	11 
157	22 
158	32 
159	11 
160	10 
161	23 
162	42 
163	30 
164	11 
165	11 
166	12 
167	15 
168	8 
169	7 
170	5 
171	30 
172	12 
173	11 
174	40 
175	7 
176	43 
177	7 
178	30 
179	3 
180	36 
181	21 
182	36 
183	36 
184	1 
185	8 
186	3 
187	2 
188	3 
189	7 
190	40 
191	30 
192	43 
193	12 
194	42 
195	2 
196	42 
197	7 
198	35 
199	8 
200	23 
201	1 
202	40 
203	30 
204	11 
205	13 
206	5 
207	3 
208	7 
209	12 
210	11 
211	3 
212	3 
213	8 
214	35 
215	7 
216	11 
217	20 
218	12 
219	7 
220	3 
221	14 
222	6 
223	1 
224	7 
225	23 
226	30 
227	7 
228	19 
229	40 
230	3 
231	8 
232	23 
233	42 
234	36 
235	7 
236	36 
237	7 
238	40 
239	3 
240	1 
241	36 
242	3 
243	6 
244	3 
245	30 
246	23 
247	42 
248	11 
249	11 
250	42 
251	36 
252	7 
253	17 
254	30 
255	1 
256	10 
257	42 
258	19 
259	6 
260	30 
261	23 
262	1 
263	8 
264	3 
265	8 
266	11 
267	22 
268	23 
269	42 
270	2 
271	42 
272	8 
273	36 
274	23 
275	36 
276	17 
277	11 
278	43 
279	11 
280	3 
281	1 
282	23 
283	3 
284	8 
285	12 
286	36 
287	11 
288	42 
289	23 
290	7 
291	11 
292	3 
293	13 
294	30 
295	36 
296	11 
297	19 
298	40 
299	3 
300	11 
301	3 
302	6 
303	36 
304	1 
305	7 
306	40 
307	11 
308	3 
309	11 
310	11 
311	8 
312	40 
313	11 
314	17 
315	23 
316	3 
317	22 
318	42 
319	4 
320	42 
321	3 
322	3 
323	30 
324	40 
325	11 
326	8 
327	13 
328	40 
329	5 
330	7 
331	42 
332	30 
333	22 
334	42 
335	30 
336	42 
337	1 
338	11 
339	11 
340	6 
341	36 
342	13 
343	1 
344	3 
345	15 
346	11 
347	7 
348	42 
349	8 
350	30 
351	1 
352	42 
353	8 
354	42 
355	7 
356	22 
357	40 
358	40 
359	38 
360	36 
361	25 
362	1 
363	3 
364	8 
365	23 
366	42 
367	12 
368	42 
369	36 
370	23 
371	23 
372	14 
373	36 
374	23 
375	11 
376	11 
377	23 
378	36 
379	28 
380	36 
381	12 
382	23 
383	30 
384	42 
385	42 
386	21 
387	3 
388	11 
389	40 
390	7 
391	11 
392	3 
393	10 
394	1 
395	4 
396	3 
397	8 
398	3 
399	40 
400	23 
401	8 
402	11 
403	8 
404	21 
405	30 
406	34 
407	35 
408	42 
409	42 
410	7 
411	11 
412	42 
413	40 
414	3 
415	22 
416	40 
417	2 
418	23 
419	3 
420	17 
421	7 
422	30 
423	16 
424	17 
425	42 
426	8 
427	42 
428	36 
429	35 
430	16 
431	22 
432	22 
433	41 
434	42 
435	35 
436	42 
437	6 
438	8 
439	36 
440	1 
441	8 
442	19 
443	38 
444	38 
445	40 
446	7 
447	11 
448	3 
449	40 
450	35 
451	11 
452	11 
453	13 
454	15 
455	11 
456	40 
457	7 
458	23 
459	11 
460	7 
461	35 
462	23 
463	40 
464	42 
465	12 
466	40 
467	35 
468	42 
469	35 
470	8 
471	22 
472	35 
473	42 
474	7 
475	1 
476	3 
477	11 
478	3 
479	36 
480	5 
481	21 
482	26 
483	7 
484	37 
485	42 
486	3 
487	6 
488	42 
489	8 
490	39 
491	1 
492	8 
493	15 
494	8 
495	12 
496	30 
497	36 
498	8 
499	3 
500	35 
501	21 
502	38 
503	1 
504	14 
505	35 
506	30 
507	17 
508	8 
509	40 
510	42 
511	8 
512	8 
513	4 
514	42 
515	1 
516	17 
517	30 
518	11 
519	3 
520	8 
521	8 
522	6 
523	42 
524	30 
525	43 
526	11 
527	22 
528	42 
529	23 
530	42 
531	11 
532	23 
533	11 
534	16 
535	8 
536	35 
537	17 
538	11 
539	30 
540	30 
541	35 
542	1 
543	38 
544	30 
545	40 
546	22 
547	7 
548	1 
549	3 
550	1 
551	42 
552	40 
553	32 
554	6 
555	36 
556	17 
557	21 
558	22 
559	1 
560	22 
561	29 
562	42 
563	3 
564	36 
565	1 
566	23 
567	3 
568	5 
569	36 
570	21 
571	35 
572	20 
573	42 
574	7 
575	17 
576	1 
577	32 
578	22 
579	7 
580	35 
581	37 
582	26 
583	41 
584	11 
585	17 
586	16 
587	8 
588	1 
589	11 
590	11 
591	3 
592	32 
593	3 
594	1 
595	5 
596	3 
597	42 
598	42 
599	36 
600	30 
601	31 
602	37 
603	7 
604	7 
605	17 
606	1 
607	3 
608	35 
609	11 
610	11 
611	11 
612	42 
613	30 
614	6 
615	36 
616	1 
617	34 
618	40 
619	42 
620	1 
621	11 
622	23 
623	40 
624	15 
625	7 
626	30 
627	42 
628	11 
629	3 
630	25 
631	22 
632	3 
633	36 
634	7 
635	40 
636	8 
637	8 
638	40 
639	34 
640	1 
641	42 
642	30 
643	1 
644	17 
645	42 
646	23 
647	1 
648	22 
649	15 
650	24 
651	3 
652	16 
653	8 
654	36 
655	7 
656	23 
657	30 
658	42 
659	8 
660	17 
661	1 
662	1 
663	6 
664	22 
665	8 
666	8 
667	14 
668	22 
669	42 
670	42 
671	8 
672	26 
673	10 
674	40 
675	11 
676	42 
677	22 
678	12 
679	30 
680	35 
681	9 
682	12 
683	2 
684	1 
685	36 
686	22 
687	42 
688	14 
689	36 
690	36 
691	7 
692	11 
693	30 
694	8 
695	1 
696	36 
697	16 
698	43 
699	42 
700	36 
701	3 
702	22 
703	8 
704	36 
705	6 
706	7 
707	11 
708	23 
709	3 
710	16 
711	21 
712	4 
713	18 
714	30 
715	16 
716	30 
717	8 
718	6 
719	8 
720	8 
721	8 
722	33 
723	19 
724	30 
725	1 
726	7 
727	20 
728	40 
729	22 
730	8 
731	43 
732	22 
733	42 
734	1 
735	40 
736	11 
737	7 
738	23 
739	40 
740	38 
741	35 
742	16 
743	42 
744	18 
745	22 
746	8 
747	36 
748	43 
749	40 
750	8 
751	42 
752	6 
753	3 
754	8 
755	8 
756	1 
757	40 
758	5 
759	35 
760	35 
761	11 
762	36 
763	40 
764	30 
765	30 
766	42 
767	7 
768	3 
769	7 
770	40 
771	23 
772	7 
773	30 
774	3 
775	1 
776	7 
777	11 
778	22 
779	31 
780	11 
781	8 
782	5 
783	3 
784	42 
785	18 
786	35 
787	22 
788	22 
789	27 
790	1 
791	35 
792	42 
793	5 
794	11 
795	21 
796	8 
797	40 
798	35 
799	1 
800	3 
801	8 
802	3 
803	36 
804	35 
805	23 
806	23 
807	3 
808	11 
809	22 
810	36 
811	22 
812	36 
813	30 
814	28 
815	3 
816	8 
817	11 
818	36 
819	15 
820	40 
821	3 
822	8 
823	30 
824	36 
825	40 
826	8 
827	3 
828	7 
829	34 
830	35 
831	14 
832	5 
833	30 
834	40 
835	17 
836	40 
837	1 
838	3 
839	23 
840	40 
841	42 
842	22 
843	11 
844	11 
845	8 
846	25 
847	30 
848	40 
849	12 
850	7 
851	11 
852	42 
853	4 
854	42 
855	1 
856	11 
857	14 
858	3 
859	4 
860	7 
861	30 
862	2 
863	21 
864	42 
865	42 
866	36 
867	12 
868	8 
869	21 
870	1 
871	9 
872	35 
873	30 
874	42 
875	30 
876	42 
877	35 
878	17 
879	11 
880	3 
881	10 
882	8 
883	8 
884	8 
885	23 
886	12 
887	18 
888	42 
889	3 
890	42 
891	1 
892	23 
893	17 
894	3 
895	40 
896	11 
897	42 
898	15 
899	10 
900	28 
901	3 
902	3 
903	35 
904	1 
905	7 
906	42 
907	13 
908	7 
909	11 
910	8 
911	11 
912	35 
913	11 
914	30 
915	12 
916	3 
917	35 
918	30 
919	1 
920	12 
921	42 
922	34 
923	39 
924	7 
925	5 
926	36 
927	30 
928	36 
929	22 
930	30 
931	42 
932	3 
933	23 
934	29 
935	11 
936	37 
937	30 
938	14 
939	19 
940	17 
941	40 
942	42 
943	1 
944	3 
945	17 
946	5 
947	1 
948	23 
949	42 
950	23 
951	42 
952	36 
953	40 
954	22 
955	23 
956	40 
957	30 
958	23 
959	22 
960	11 
961	19 
962	6 
963	3 
964	40 
965	1 
966	1 
967	42 
968	19 
969	42 
970	3 
971	17 
972	42 
973	8 
974	42 
975	40 
976	35 
977	30 
978	5 
979	11 
980	8 
981	1 
982	23 
983	36 
984	11 
985	5 
986	2 
987	1 
988	3 
989	12 
990	3 
991	30 
992	35 
993	8 
994	36 
995	19 
996	23 
997	24 
998	7 
999	36 
1000	5 
1001	30 
1002	29 
1003	3 
1004	11 
1005	8 
1006	12 
1007	22 
1008	36 
1009	3 
1010	28 
1011	3 
1012	40 
1013	17 
1014	22 
1015	23 
1016	1 
1017	11 
1018	7 
1019	11 
1020	3 
1021	8 
1022	36 
1023	3 
1024	30 
1025	33 
1026	42 
1027	8 
1028	8 
1029	36 
1030	42 
1031	35 
1032	36 
1033	11 
1034	40 
1035	40 
1036	22 
1037	21 
1038	21 
1039	43 
1040	38 
1041	36 
1042	30 
1043	1 
1044	22 
1045	38 
1046	1 
1047	29 
1048	14 
1049	3 
1050	17 
1051	22 
1052	21 
1053	22 
1054	30 
1055	5 
1056	35 
1057	36 
1058	4 
1059	42 
1060	7 
1061	38 
1062	22 
1063	11 
1064	40 
1065	3 
1066	18 
1067	11 
1068	12 
1069	5 
1070	1 
1071	6 
1072	22 
1073	23 
1074	34 
1075	3 
1076	40 
1077	19 
1078	38 
1079	3 
1080	7 
1081	17 
1082	36 
1083	40 
1084	42 
1085	1 
1086	3 
1087	42 
1088	40 
1089	8 
1090	12 
1091	35 
1092	21 
1093	34 
1094	1 
1095	35 
1096	6 
1097	1 
1098	5 
1099	30 
1100	34 
1101	3 
1102	3 
1103	6 
1104	1 
1105	40 
1106	8 
1107	11 
1108	30 
1109	21 
1110	31 
1111	6 
1112	13 
1113	3 
1114	35 
1115	20 
1116	7 
1117	7 
1118	30 
1119	4 
1120	7 
1121	12 
1122	36 
1123	36 
1124	8 
1125	7 
1126	30 
1127	31 
1128	3 
1129	3 
1130	8 
1131	11 
1132	1 
1133	7 
1134	30 
1135	36 
1136	11 
1137	43 
1138	14 
1139	6 
1140	1 
1141	11 
1142	42 
1143	3 
1144	36 
1145	25 
1146	6 
1147	40 
1148	8 
1149	11 
1150	15 
1151	11 
1152	21 
1153	8 
1154	7 
1155	42 
1156	40 
1157	35 
1158	23 
1159	35 
1160	22 
1161	40 
1162	12 
1163	22 
1164	40 
1165	6 
1166	8 
1167	1 
1168	1 
1169	1 
1170	1 
1171	22 
1172	23 
1173	12 
1174	7 
1175	5 
1176	3 
1177	26 
1178	22 
1179	11 
1180	11 
1181	30 
1182	22 
1183	21 
1184	29 
1185	3 
1186	36 
1187	23 
1188	17 
1189	35 
1190	8 
1191	1 
1192	8 
1193	40 
1194	43 
1195	40 
1196	1 
1197	34 
1198	8 
1199	22 
1200	8 
1201	2 
1202	7 
1203	7 
1204	20 
1205	11 
1206	27 
1207	28 
1208	42 
1209	8 
1210	36 
1211	9 
1212	3 
1213	1 
1214	30 
1215	1 
1216	11 
1217	8 
1218	11 
1219	1 
1220	36 
1221	5 
1222	30 
1223	41 
1224	23 
1225	42 
1226	1 
1227	11 
1228	42 
1229	43 
1230	1 
1231	36 
1232	36 
1233	40 
1234	21 
1235	30 
1236	40 
1237	23 
1238	1 
1239	8 
1240	1 
1241	34 
1242	30 
1243	11 
1244	12 
1245	29 
1246	11 
1247	30 
1248	25 
1249	22 
1250	40 
1251	22 
1252	11 
1253	17 
1254	2 
1255	42 
1256	40 
1257	23 
1258	22 
1259	40 
1260	23 
1261	42 
1262	17 
1263	3 
1264	23 
1265	8 
1266	2 
1267	34 
1268	40 
1269	43 
1270	42 
1271	30 
1272	23 
1273	22 
1274	35 
1275	36 
1276	3 
1277	22 
1278	13 
1279	13 
1280	11 
1281	35 
1282	8 
1283	8 
1284	11 
1285	5 
1286	30 
1287	11 
1288	14 
1289	4 
1290	40 
1291	1 
1292	14 
1293	35 
1294	40 
1295	42 
1296	30 
1297	36 
1298	3 
1299	42 
1300	6 
1301	42 
1302	40 
1303	3 
1304	19 
1305	38 
1306	11 
1307	4 
1308	30 
1309	11 
1310	42 
1311	8 
1312	8 
1313	42 
1314	21 
1315	30 
1316	30 
1317	36 
1318	11 
1319	22 
1320	36 
1321	7 
1322	22 
1323	21 
1324	36 
1325	42 
1326	20 
1327	7 
1328	35 
1329	7 
1330	13 
1331	1 
1332	16 
1333	42 
1334	23 
1335	11 
1336	42 
1337	3 
1338	5 
1339	2 
1340	5 
1341	23 
1342	22 
1343	35 
1344	5 
1345	22 
1346	22 
1347	8 
1348	40 
1349	8 
1350	8 
1351	35 
1352	11 
1353	12 
1354	36 
1355	16 
1356	5 
1357	2 
1358	3 
1359	11 
1360	36 
1361	11 
1362	8 
1363	15 
1364	10 
1365	42 
1366	7 
1367	6 
1368	3 
1369	11 
1370	17 
1371	10 
1372	40 
1373	30 
1374	42 
1375	23 
1376	42 
1377	8 
1378	11 
1379	40 
1380	1 
1381	2 
1382	15 
1383	23 
1384	43 
1385	1 
1386	42 
1387	35 
1388	27 
1389	35 
1390	33 
1391	17 
1392	7 
1393	1 
1394	28 
1395	1 
1396	11 
1397	36 
1398	2 
1399	22 
1400	40 
1401	17 
1402	16 
1403	30 
1404	8 
1405	8 
1406	3 
1407	5 
1408	7 
1409	42 
1410	41 
1411	3 
1412	36 
1413	14 
1414	40 
1415	23 
1416	9 
1417	23 
1418	15 
1419	8 
1420	13 
1421	42 
1422	19 
1423	3 
1424	7 
1425	5 
1426	40 
1427	43 
1428	1 
1429	11 
1430	17 
1431	22 
1432	8 
1433	21 
1434	6 
1435	40 
1436	7 
1437	34 
1438	11 
1439	11 
1440	2 
1441	35 
1442	8 
1443	42 
1444	1 
1445	11 
1446	12 
1447	4 
1448	43 
1449	23 
1450	40 
1451	36 
1452	22 
1453	3 
1454	1 
1455	10 
1456	28 
1457	30 
1458	40 
1459	36 
1460	1 
1461	22 
1462	16 
1463	8 
1464	36 
1465	3 
1466	31 
1467	30 
1468	17 
1469	23 
1470	35 
1471	30 
1472	23 
1473	26 
1474	36 
1475	32 
1476	22 
1477	6 
1478	23 
1479	11 
1480	12 
1481	5 
1482	2 
1483	12 
1484	35 
1485	17 
1486	16 
1487	7 
1488	16 
1489	16 
1490	11 
1491	34 
1492	22 
1493	3 
1494	12 
1495	16 
1496	8 
1497	10 
1498	35 
1499	42 
1500	30 
1501	36 
1502	3 
1503	8 
1504	11 
1505	42 
1506	16 
1507	42 
1508	42 
1509	11 
1510	5 
1511	3 
1512	35 
1513	22 
1514	10 
1515	3 
1516	8 
1517	1 
1518	23 
1519	14 
1520	35 
1521	7 
1522	7 
1523	8 
1524	19 
1525	11 
1526	7 
1527	13 
1528	42 
1529	8 
1530	6 
1531	42 
1532	8 
1533	31 
1534	9 
1535	36 
1536	11 
1537	36 
1538	12 
1539	42 
1540	12 
1541	35 
1542	30 
1543	3 
1544	34 
1545	4 
1546	6 
1547	8 
1548	1 
1549	6 
1550	35 
1551	40 
1552	14 
1553	40 
1554	30 
1555	35 
1556	40 
1557	30 
1558	38 
1559	3 
1560	8 
1561	30 
1562	8 
1563	42 
1564	6 
1565	12 
1566	22 
1567	8 
1568	3 
1569	35 
1570	39 
1571	11 
1572	23 
1573	11 
1574	23 
1575	16 
1576	7 
1577	40 
1578	1 
1579	7 
1580	19 
1581	8 
1582	42 
1583	23 
1584	15 
1585	8 
1586	11 
1587	7 
1588	36 
1589	38 
1590	11 
1591	40 
1592	5 
1593	22 
1594	1 
1595	42 
1596	1 
1597	14 
1598	1 
1599	3 
1600	3 
1601	7 
1602	11 
1603	5 
1604	8 
1605	40 
1606	22 
1607	6 
1608	23 
1609	42 
1610	7 
1611	13 
1612	35 
1613	3 
1614	42 
1615	8 
1616	5 
1617	1 
1618	17 
1619	30 
1620	35 
1621	8 
1622	23 
1623	23 
1624	36 
1625	3 
1626	42 
1627	30 
1628	8 
1629	3 
1630	27 
1631	11 
1632	36 
1633	43 
1634	1 
1635	22 
1636	40 
1637	30 
1638	17 
1639	42 
1640	16 
1641	23 
1642	36 
1643	3 
1644	36 
1645	11 
1646	42 
1647	12 
1648	34 
1649	36 
1650	36 
1651	11 
1652	13 
1653	30 
1654	36 
1655	36 
1656	8 
1657	1 
1658	30 
1659	30 
1660	43 
1661	11 
1662	17 
1663	23 
1664	7 
1665	1 
1666	36 
1667	8 
1668	10 
1669	11 
1670	3 
1671	14 
1672	3 
1673	5 
1674	39 
1675	22 
1676	8 
1677	25 
1678	34 
1679	41 
1680	41 
1681	12 
1682	8 
1683	40 
1684	11 
1685	8 
1686	7 
1687	1 
1688	8 
1689	7 
1690	11 
1691	26 
1692	23 
1693	3 
1694	40 
1695	1 
1696	3 
1697	1 
1698	30 
1699	30 
1700	1 
1701	42 
1702	22 
1703	40 
1704	3 
1705	36 
1706	7 
1707	36 
1708	7 
1709	35 
1710	42 
1711	40 
1712	3 
1713	15 
1714	11 
1715	1 
1716	1 
1717	11 
1718	1 
1719	1 
1720	8 
1721	12 
1722	3 
1723	23 
1724	21 
1725	8 
1726	35 
1727	1 
1728	22 
1729	42 
1730	8 
1731	10 
1732	40 
1733	8 
1734	11 
1735	33 
1736	8 
1737	8 
1738	18 
1739	1 
1740	10 
1741	5 
1742	8 
1743	3 
1744	17 
1745	22 
1746	16 
1747	40 
1748	30 
1749	30 
1750	6 
1751	42 
1752	23 
1753	23 
1754	8 
1755	40 
1756	40 
1757	43 
1758	42 
1759	30 
1760	7 
1761	42 
1762	8 
1763	11 
1764	5 
1765	22 
1766	22 
1767	7 
1768	11 
1769	35 
1770	12 
1771	1 
1772	36 
1773	15 
1774	3 
1775	40 
1776	7 
1777	24 
1778	8 
1779	8 
1780	8 
1781	7 
1782	23 
1783	23 
1784	3 
1785	15 
1786	42 
1787	11 
1788	17 
1789	40 
1790	22 
1791	1 
1792	7 
1793	35 
1794	28 
1795	23 
1796	3 
1797	11 
1798	11 
1799	36 
1800	6 
1801	15 
1802	22 
1803	32 
1804	1 
1805	7 
1806	3 
1807	3 
1808	11 
1809	3 
1810	11 
1811	40 
1812	42 
1813	11 
1814	30 
1815	17 
1816	11 
1817	7 
1818	30 
1819	16 
1820	23 
1821	42 
1822	14 
1823	17 
1824	19 
1825	42 
1826	1 
1827	8 
1828	3 
1829	30 
1830	1 
1831	12 
1832	30 
1833	1 
1834	41 
1835	17 
1836	8 
1837	13 
1838	22 
1839	30 
1840	5 
1841	42 
1842	3 
1843	16 
1844	17 
1845	36 
1846	30 
1847	1 
1848	39 
1849	40 
1850	10 
1851	12 
1852	7 
1853	1 
1854	12 
1855	42 
1856	42 
1857	39 
1858	3 
1859	18 
1860	36 
1861	42 
1862	11 
1863	8 
1864	21 
1865	3 
1866	40 
1867	1 
1868	8 
1869	11 
1870	38 
1871	8 
1872	3 
1873	7 
1874	1 
1875	11 
1876	32 
1877	5 
1878	8 
1879	7 
1880	14 
1881	3 
1882	42 
1883	36 
1884	35 
1885	12 
1886	42 
1887	13 
1888	36 
1889	40 
1890	7 
1891	16 
1892	17 
1893	21 
1894	1 
1895	30 
1896	13 
1897	22 
1898	11 
1899	13 
1900	12 
1901	7 
1902	8 
1903	11 
1904	19 
1905	30 
1906	3 
1907	19 
1908	11 
1909	18 
1910	37 
1911	11 
1912	40 
1913	22 
1914	8 
1915	23 
1916	8 
1917	23 
1918	15 
1919	7 
1920	36 
1921	19 
1922	15 
1923	42 
1924	8 
1925	22 
1926	42 
1927	3 
1928	7 
1929	31 
1930	1 
1931	43 
1932	35 
1933	36 
1934	12 
1935	5 
1936	1 
1937	8 
1938	14 
1939	40 
1940	42 
1941	12 
1942	3 
1943	42 
1944	42 
1945	21 
1946	38 
1947	7 
1948	21 
1949	42 
1950	40 
1951	8 
1952	6 
1953	40 
1954	8 
1955	14 
1956	12 
1957	36 
1958	23 
1959	23 
1960	11 
1961	42 
1962	8 
1963	8 
1964	1 
1965	19 
1966	19 
1967	7 
1968	8 
1969	28 
1970	30 
1971	3 
1972	40 
1973	36 
1974	12 
1975	13 
1976	30 
1977	22 
1978	8 
1979	8 
1980	40 
1981	11 
1982	12 
1983	30 
1984	38 
1985	8 
1986	17 
1987	8 
1988	11 
1989	35 
1990	1 
1991	36 
1992	13 
1993	40 
1994	15 
1995	29 
1996	6 
1997	40 
1998	11 
1999	8 
2000	14 
2001	8 
2002	8 
2003	22 
2004	15 
2005	40 
2006	12 
2007	14 
2008	3 
2009	23 
2010	36 
2011	18 
2012	21 
2013	17 
2014	30 
2015	43 
2016	43 
2017	35 
2018	7 
2019	42 
2020	11 
2021	39 
2022	11 
2023	19 
2024	36 
2025	17 
2026	43 
2027	6 
2028	8 
2029	8 
2030	42 
2031	11 
2032	7 
2033	7 
2034	36 
2035	21 
2036	1 
2037	8 
2038	30 
2039	3 
2040	23 
2041	8 
2042	12 
2043	35 
2044	23 
2045	42 
2046	2 
2047	40 
2048	42 
2049	2 
2050	24 
2051	3 
2052	22 
2053	1 
2054	1 
2055	30 
2056	42 
2057	37 
2058	13 
2059	7 
2060	8 
2061	42 
2062	42 
2063	30 
2064	23 
2065	30 
2066	35 
2067	8 
2068	11 
2069	24 
2070	17 
2071	11 
2072	8 
2073	17 
2074	22 
2075	11 
2076	11 
2077	40 
2078	11 
2079	11 
2080	5 
2081	14 
2082	1 
2083	35 
2084	40 
2085	7 
2086	7 
2087	42 
2088	35 
2089	22 
2090	30 
2091	11 
2092	10 
2093	8 
2094	3 
2095	9 
2096	22 
2097	14 
2098	36 
2099	1 
2100	23 
2101	35 
2102	12 
2103	40 
2104	43 
2105	1 
2106	3 
2107	7 
2108	40 
2109	7 
2110	1 
2111	10 
2112	2 
2113	3 
2114	15 
2115	3 
2116	36 
2117	28 
2118	42 
2119	7 
2120	35 
2121	3 
2122	11 
2123	11 
2124	23 
2125	17 
2126	19 
2127	42 
2128	42 
2129	42 
2130	14 
2131	35 
2132	11 
2133	1 
2134	23 
2135	11 
2136	7 
2137	22 
2138	3 
2139	42 
2140	11 
2141	42 
2142	22 
2143	7 
2144	6 
2145	35 
2146	42 
2147	36 
2148	11 
2149	3 
2150	8 
2151	8 
2152	8 
2153	11 
2154	1 
2155	13 
2156	6 
2157	8 
2158	6 
2159	40 
2160	35 
2161	35 
2162	7 
2163	36 
2164	17 
2165	1 
2166	11 
2167	7 
2168	7 
2169	14 
2170	35 
2171	8 
2172	42 
2173	3 
2174	32 
2175	36 
2176	43 
2177	8 
2178	19 
2179	11 
2180	30 
2181	13 
2182	15 
2183	32 
2184	1 
2185	36 
2186	36 
2187	1 
2188	22 
2189	38 
2190	11 
2191	38 
2192	12 
2193	8 
2194	11 
2195	30 
2196	12 
2197	3 
2198	13 
2199	30 
2200	22 
2201	8 
2202	42 
2203	23 
2204	11 
2205	3 
2206	11 
2207	16 
2208	7 
2209	1 
2210	1 
2211	40 
2212	8 
2213	30 
2214	42 
2215	36 
2216	8 
2217	19 
2218	12 
2219	30 
2220	35 
2221	8 
2222	42 
2223	11 
2224	30 
2225	8 
2226	43 
2227	15 
2228	39 
2229	40 
2230	42 
2231	5 
2232	21 
2233	11 
2234	35 
2235	35 
2236	40 
2237	38 
2238	6 
2239	11 
2240	1 
2241	11 
2242	2 
2243	40 
2244	11 
2245	23 
2246	3 
2247	12 
2248	3 
2249	22 
2250	17 
2251	42 
2252	30 
2253	34 
2254	3 
2255	1 
2256	12 
2257	4 
2258	8 
2259	22 
2260	23 
2261	1 
2262	8 
2263	26 
2264	30 
2265	30 
2266	21 
2267	3 
2268	40 
2269	4 
2270	5 
2271	30 
2272	21 
2273	11 
2274	30 
2275	11 
2276	31 
2277	1 
2278	32 
2279	42 
2280	42 
2281	11 
2282	7 
2283	5 
2284	8 
2285	30 
2286	12 
2287	21 
2288	8 
2289	11 
2290	3 
2291	11 
2292	1 
2293	11 
2294	16 
2295	12 
2296	36 
2297	8 
2298	40 
2299	8 
2300	22 
2301	30 
2302	5 
2303	36 
2304	30 
2305	8 
2306	36 
2307	1 
2308	8 
2309	35 
2310	23 
2311	2 
2312	35 
2313	1 
2314	8 
2315	3 
2316	1 
2317	13 
2318	36 
2319	40 
2320	30 
2321	7 
2322	30 
2323	23 
2324	11 
2325	30 
2326	22 
2327	17 
2328	7 
2329	40 
2330	11 
2331	11 
2332	40 
2333	13 
2334	38 
2335	3 
2336	23 
2337	7 
2338	17 
2339	11 
2340	1 
2341	13 
2342	42 
2343	17 
2344	12 
2345	1 
2346	11 
2347	1 
2348	40 
2349	1 
2350	8 
2351	23 
2352	40 
2353	12 
2354	40 
2355	3 
2356	3 
2357	17 
2358	16 
2359	6 
2360	3 
2361	36 
2362	30 
2363	23 
2364	7 
2365	13 
2366	11 
2367	7 
2368	7 
2369	1 
2370	36 
2371	42 
2372	42 
2373	3 
2374	17 
2375	14 
2376	11 
2377	8 
2378	30 
2379	11 
2380	25 
2381	12 
2382	3 
2383	34 
2384	40 
2385	11 
2386	30 
2387	30 
2388	30 
2389	42 
2390	23 
2391	30 
2392	29 
2393	17 
2394	11 
2395	8 
2396	7 
2397	11 
2398	10 
2399	11 
2400	30 
2401	35 
2402	1 
2403	3 
2404	3 
2405	39 
2406	30 
2407	7 
2408	30 
2409	7 
2410	12 
2411	1 
2412	42 
2413	7 
2414	1 
2415	30 
2416	42 
2417	11 
2418	12 
2419	11 
2420	1 
2421	5 
2422	7 
2423	11 
2424	7 
2425	8 
2426	18 
2427	43 
2428	12 
2429	30 
2430	6 
2431	17 
2432	7 
2433	30 
2434	8 
2435	3 
2436	8 
2437	7 
2438	1 
2439	8 
2440	22 
2441	8 
2442	10 
2443	36 
2444	36 
2445	11 
2446	13 
2447	11 
2448	42 
2449	5 
2450	30 
2451	3 
2452	32 
2453	23 
2454	21 
2455	42 
2456	30 
2457	18 
2458	7 
2459	22 
2460	40 
2461	40 
2462	42 
2463	22 
2464	17 
2465	26 
2466	25 
2467	11 
2468	8 
2469	5 
2470	42 
2471	11 
2472	8 
2473	42 
2474	14 
2475	15 
2476	35 
2477	22 
2478	42 
2479	8 
2480	22 
2481	21 
2482	40 
2483	3 
2484	42 
2485	40 
2486	34 
2487	23 
2488	22 
2489	21 
2490	3 
2491	11 
2492	12 
2493	20 
2494	7 
2495	8 
2496	36 
2497	23 
2498	8 
2499	17 
2500	11 
2501	14 
2502	30 
2503	23 
2504	7 
2505	3 
2506	30 
2507	12 
2508	3 
2509	13 
2510	20 
2511	30 
2512	40 
2513	30 
2514	23 
2515	11 
2516	17 
2517	28 
2518	14 
2519	12 
2520	35 
2521	1 
2522	43 
2523	22 
2524	34 
2525	11 
2526	23 
2527	12 
2528	16 
2529	7 
2530	10 
2531	11 
2532	3 
2533	8 
2534	8 
2535	42 
2536	23 
2537	40 
2538	11 
2539	1 
2540	5 
2541	2 
2542	40 
2543	35 
2544	6 
2545	42 
2546	1 
2547	42 
2548	12 
2549	8 
2550	8 
2551	23 
2552	8 
2553	30 
2554	8 
2555	42 
2556	40 
2557	12 
2558	8 
2559	17 
2560	22 
2561	12 
2562	22 
2563	21 
2564	3 
2565	30 
2566	1 
2567	35 
2568	7 
2569	36 
2570	40 
2571	36 
2572	15 
2573	11 
2574	3 
2575	12 
2576	40 
2577	12 
2578	40 
2579	30 
2580	8 
2581	39 
2582	11 
2583	36 
2584	15 
2585	42 
2586	8 
2587	12 
2588	35 
2589	22 
2590	30 
2591	5 
2592	17 
2593	40 
2594	36 
2595	5 
2596	7 
2597	39 
2598	10 
2599	11 
2600	8 
2601	17 
2602	1 
2603	12 
2604	30 
2605	42 
2606	8 
2607	42 
2608	3 
2609	36 
2610	22 
2611	28 
2612	40 
2613	36 
2614	11 
2615	42 
2616	10 
2617	40 
2618	8 
2619	3 
2620	11 
2621	3 
2622	1 
2623	22 
2624	11 
2625	8 
2626	42 
2627	7 
2628	1 
2629	12 
2630	36 
2631	30 
2632	35 
2633	7 
2634	23 
2635	8 
2636	36 
2637	20 
2638	8 
2639	30 
2640	35 
2641	36 
2642	8 
2643	30 
2644	7 
2645	28 
2646	36 
2647	35 
2648	6 
2649	23 
2650	11 
2651	42 
2652	14 
2653	5 
2654	36 
2655	12 
2656	11 
2657	8 
2658	35 
2659	3 
2660	3 
2661	7 
2662	5 
2663	11 
2664	8 
2665	3 
2666	21 
2667	38 
2668	30 
2669	35 
2670	42 
2671	11 
2672	12 
2673	22 
2674	36 
2675	11 
2676	42 
2677	8 
2678	39 
2679	11 
2680	40 
2681	40 
2682	22 
2683	23 
2684	32 
2685	1 
2686	3 
2687	11 
2688	22 
2689	43 
2690	3 
2691	1 
2692	7 
2693	11 
2694	19 
2695	30 
2696	42 
2697	8 
2698	7 
2699	10 
2700	11 
2701	40 
2702	30 
2703	8 
2704	11 
2705	30 
2706	8 
2707	39 
2708	16 
2709	6 
2710	7 
2711	42 
2712	23 
2713	35 
2714	1 
2715	1 
2716	30 
2717	16 
2718	40 
2719	11 
2720	1 
2721	36 
2722	36 
2723	40 
2724	40 
2725	36 
2726	30 
2727	8 
2728	28 
2729	42 
2730	23 
2731	30 
2732	3 
2733	11 
2734	23 
2735	43 
2736	23 
2737	22 
2738	36 
2739	2 
2740	30 
2741	3 
2742	9 
2743	8 
2744	23 
2745	7 
2746	8 
2747	17 
2748	43 
2749	5 
2750	8 
2751	8 
2752	11 
2753	36 
2754	15 
2755	22 
2756	3 
2757	22 
2758	23 
2759	22 
2760	40 
2761	3 
2762	19 
2763	1 
2764	36 
2765	11 
2766	35 
2767	42 
2768	30 
2769	8 
2770	14 
2771	30 
2772	5 
2773	22 
2774	1 
2775	23 
2776	13 
2777	7 
2778	36 
2779	22 
2780	30 
2781	23 
2782	8 
2783	6 
2784	12 
2785	8 
2786	1 
2787	5 
2788	8 
2789	8 
2790	36 
2791	11 
2792	10 
2793	36 
2794	39 
2795	8 
2796	23 
2797	22 
2798	7 
2799	6 
2800	14 
2801	40 
2802	10 
2803	23 
2804	36 
2805	35 
2806	1 
2807	11 
2808	3 
2809	36 
2810	39 
2811	6 
2812	30 
2813	3 
2814	23 
2815	7 
2816	11 
2817	30 
2818	42 
2819	8 
2820	7 
2821	12 
2822	36 
2823	11 
2824	13 
2825	36 
2826	35 
2827	19 
2828	23 
2829	1 
2830	3 
2831	11 
2832	42 
2833	7 
2834	11 
2835	3 
2836	35 
2837	8 
2838	8 
2839	36 
2840	3 
2841	11 
2842	40 
2843	8 
2844	7 
2845	36 
2846	30 
2847	5 
2848	40 
2849	22 
2850	42 
2851	36 
2852	42 
2853	17 
2854	30 
2855	42 
2856	20 
2857	5 
2858	11 
2859	30 
2860	3 
2861	1 
2862	1 
2863	3 
2864	21 
2865	40 
2866	12 
2867	40 
2868	35 
2869	43 
2870	3 
2871	23 
2872	11 
2873	10 
2874	5 
2875	40 
2876	7 
2877	3 
2878	35 
2879	40 
2880	8 
2881	34 
2882	42 
2883	30 
2884	23 
2885	3 
2886	13 
2887	23 
2888	16 
2889	12 
2890	3 
2891	23 
2892	22 
2893	22 
2894	28 
2895	7 
2896	16 
2897	11 
2898	42 
2899	34 
2900	22 
2901	7 
2902	19 
2903	35 
2904	3 
2905	35 
2906	36 
2907	43 
2908	23 
2909	7 
2910	7 
2911	23 
2912	40 
2913	40 
2914	35 
2915	23 
2916	20 
2917	23 
2918	8 
2919	42 
2920	6 
2921	36 
2922	8 
2923	8 
2924	5 
2925	11 
2926	5 
2927	8 
2928	42 
2929	40 
2930	30 
2931	35 
2932	7 
2933	30 
2934	30 
2935	14 
2936	5 
2937	7 
2938	11 
2939	7 
2940	42 
2941	22 
2942	8 
2943	22 
2944	6 
2945	40 
2946	3 
2947	1 
2948	4 
2949	35 
2950	36 
2951	30 
2952	36 
2953	17 
2954	3 
2955	40 
2956	11 
2957	35 
2958	42 
2959	3 
2960	3 
2961	3 
2962	16 
2963	35 
2964	12 
2965	11 
2966	16 
2967	36 
2968	1 
2969	3 
2970	42 
2971	42 
2972	42 
2973	40 
2974	42 
2975	42 
2976	30 
2977	4 
2978	11 
2979	42 
2980	35 
2981	42 
2982	21 
2983	11 
2984	8 
2985	40 
2986	8 
2987	11 
2988	6 
2989	22 
2990	30 
2991	23 
2992	35 
2993	22 
2994	1 
2995	8 
2996	42 
2997	35 
2998	7 
2999	40 
3000	19 
3001	30 
3002	11 
3003	42 
3004	22 
3005	42 
3006	11 
3007	25 
3008	22 
3009	1 
3010	3 
3011	8 
3012	36 
3013	11 
3014	7 
3015	36 
3016	6 
3017	22 
3018	30 
3019	3 
3020	35 
3021	23 
3022	6 
3023	12 
3024	21 
3025	23 
3026	43 
3027	11 
3028	1 
3029	7 
3030	36 
3031	11 
3032	30 
3033	11 
3034	8 
3035	7 
3036	40 
3037	2 
3038	8 
3039	35 
3040	39 
3041	1 
3042	12 
3043	42 
3044	20 
3045	30 
3046	36 
3047	23 
3048	35 
3049	22 
3050	22 
3051	4 
3052	30 
3053	11 
3054	5 
3055	3 
3056	1 
3057	22 
3058	42 
3059	8 
3060	3 
3061	40 
3062	11 
3063	30 
3064	36 
3065	28 
3066	3 
3067	21 
3068	11 
3069	30 
3070	10 
3071	7 
3072	30 
3073	11 
3074	8 
3075	36 
3076	14 
3077	11 
3078	42 
3079	32 
3080	7 
3081	7 
3082	42 
3083	3 
3084	36 
3085	1 
3086	7 
3087	40 
3088	17 
3089	5 
3090	36 
3091	8 
3092	21 
3093	22 
3094	30 
3095	11 
3096	17 
3097	3 
3098	1 
3099	5 
3100	42 
3101	35 
3102	17 
3103	30 
3104	34 
3105	3 
3106	42 
3107	8 
3108	17 
3109	42 
3110	23 
3111	20 
3112	42 
3113	40 
3114	11 
3115	36 
3116	8 
3117	40 
3118	23 
3119	5 
3120	39 
3121	30 
3122	30 
3123	21 
3124	39 
3125	11 
3126	2 
3127	3 
3128	3 
3129	3 
3130	42 
3131	40 
3132	8 
3133	3 
3134	30 
3135	3 
3136	7 
3137	11 
3138	30 
3139	22 
3140	35 
3141	15 
3142	42 
3143	35 
3144	40 
3145	13 
3146	43 
3147	14 
3148	23 
3149	40 
3150	11 
3151	21 
3152	12 
3153	42 
3154	23 
3155	42 
3156	39 
3157	7 
3158	32 
3159	36 
3160	15 
3161	14 
3162	1 
3163	30 
3164	8 
3165	12 
3166	42 
3167	7 
3168	42 
3169	8 
3170	17 
3171	30 
3172	12 
3173	8 
3174	11 
3175	1 
3176	23 
3177	40 
3178	17 
3179	6 
3180	36 
3181	16 
3182	11 
3183	14 
3184	7 
3185	36 
3186	15 
3187	42 
3188	36 
3189	14 
3190	38 
3191	3 
3192	40 
3193	23 
3194	6 
3195	3 
3196	23 
3197	40 
3198	11 
3199	11 
3200	14 
3201	30 
3202	42 
3203	36 
3204	40 
3205	12 
3206	3 
3207	12 
3208	17 
3209	3 
3210	40 
3211	8 
3212	9 
3213	35 
3214	8 
3215	42 
3216	8 
3217	16 
3218	36 
3219	42 
3220	22 
3221	23 
3222	36 
3223	42 
3224	30 
3225	40 
3226	20 
3227	11 
3228	8 
3229	11 
3230	42 
3231	35 
3232	30 
3233	12 
3234	8 
3235	4 
3236	11 
3237	15 
3238	4 
3239	11 
3240	3 
3241	3 
3242	42 
3243	7 
3244	15 
3245	40 
3246	23 
3247	3 
3248	3 
3249	3 
3250	8 
3251	14 
3252	43 
3253	30 
3254	30 
3255	3 
3256	4 
3257	23 
3258	42 
3259	11 
3260	11 
3261	11 
3262	36 
3263	8 
3264	22 
3265	1 
3266	8 
3267	3 
3268	1 
3269	36 
3270	1 
3271	34 
3272	23 
3273	3 
3274	36 
3275	36 
3276	11 
3277	36 
3278	36 
3279	1 
3280	1 
3281	30 
3282	40 
3283	14 
3284	1 
3285	8 
3286	11 
3287	35 
3288	6 
3289	11 
3290	42 
3291	13 
3292	32 
3293	3 
3294	22 
3295	10 
3296	13 
3297	40 
3298	21 
3299	3 
3300	5 
3301	42 
3302	15 
3303	36 
3304	35 
3305	3 
3306	5 
3307	35 
3308	23 
3309	5 
3310	30 
3311	40 
3312	1 
3313	8 
3314	35 
3315	40 
3316	36 
3317	36 
3318	4 
3319	17 
3320	12 
3321	7 
3322	16 
3323	36 
3324	5 
3325	22 
3326	1 
3327	7 
3328	8 
3329	36 
3330	11 
3331	21 
3332	30 
3333	26 
3334	11 
3335	23 
3336	26 
3337	19 
3338	30 
3339	40 
3340	11 
3341	1 
3342	12 
3343	42 
3344	1 
3345	7 
3346	8 
3347	35 
3348	11 
3349	11 
3350	8 
3351	11 
3352	1 
3353	17 
3354	40 
3355	42 
3356	23 
3357	36 
3358	7 
3359	23 
3360	30 
3361	8 
3362	22 
3363	2 
3364	30 
3365	36 
3366	11 
3367	40 
3368	35 
3369	40 
3370	35 
3371	22 
3372	30 
3373	7 
3374	36 
3375	42 
3376	1 
3377	30 
3378	18 
3379	42 
3380	40 
3381	3 
3382	1 
3383	40 
3384	14 
3385	8 
3386	7 
3387	40 
3388	5 
3389	22 
3390	42 
3391	17 
3392	42 
3393	42 
3394	40 
3395	7 
3396	7 
3397	5 
3398	40 
3399	8 
3400	8 
3401	36 
3402	40 
3403	42 
3404	42 
3405	7 
3406	8 
3407	17 
3408	6 
3409	34 
3410	7 
3411	1 
3412	30 
3413	14 
3414	12 
3415	42 
3416	7 
3417	23 
3418	12 
3419	11 
3420	22 
3421	40 
3422	8 
3423	16 
3424	14 
3425	30 
3426	42 
3427	18 
3428	25 
3429	30 
3430	42 
3431	42 
3432	5 
3433	7 
3434	36 
3435	3 
3436	21 
3437	29 
3438	3 
3439	8 
3440	8 
3441	1 
3442	1 
3443	8 
3444	8 
3445	36 
3446	15 
3447	3 
3448	12 
3449	12 
3450	11 
3451	42 
3452	8 
3453	1 
3454	5 
3455	30 
3456	12 
3457	35 
3458	42 
3459	23 
3460	40 
3461	35 
3462	12 
3463	36 
3464	23 
3465	36 
3466	35 
3467	11 
3468	22 
3469	30 
3470	3 
3471	14 
3472	8 
3473	42 
3474	35 
3475	40 
3476	40 
3477	42 
3478	7 
3479	10 
3480	35 
3481	11 
3482	11 
3483	36 
3484	18 
3485	35 
3486	36 
3487	3 
3488	22 
3489	30 
3490	32 
3491	35 
3492	40 
3493	10 
3494	30 
3495	40 
3496	23 
3497	7 
3498	1 
3499	36 
3500	12 
3501	14 
3502	8 
3503	42 
3504	23 
3505	34 
3506	23 
3507	36 
3508	30 
3509	42 
3510	3 
3511	5 
3512	8 
3513	43 
3514	42 
3515	30 
3516	11 
3517	36 
3518	1 
3519	40 
3520	42 
3521	42 
3522	7 
3523	7 
3524	36 
3525	42 
3526	8 
3527	30 
3528	22 
3529	1 
3530	22 
3531	8 
3532	36 
3533	2 
3534	8 
3535	1 
3536	3 
3537	30 
3538	8 
3539	36 
3540	8 
3541	42 
3542	3 
3543	17 
3544	1 
3545	7 
3546	23 
3547	3 
3548	40 
3549	8 
3550	1 
3551	8 
3552	3 
3553	35 
3554	1 
3555	22 
3556	1 
3557	21 
3558	16 
3559	6 
3560	42 
3561	7 
3562	8 
3563	8 
3564	11 
3565	8 
3566	4 
3567	11 
3568	11 
3569	1 
3570	40 
3571	11 
3572	26 
3573	30 
3574	15 
3575	42 
3576	40 
3577	42 
3578	11 
3579	40 
3580	12 
3581	23 
3582	30 
3583	42 
3584	11 
3585	40 
3586	43 
3587	15 
3588	8 
3589	10 
3590	18 
3591	21 
3592	7 
3593	5 
3594	8 
3595	8 
3596	5 
3597	8 
3598	30 
3599	3 
3600	11 
3601	1 
3602	23 
3603	36 
3604	11 
3605	23 
3606	22 
3607	10 
3608	8 
3609	21 
3610	40 
3611	1 
3612	8 
3613	11 
3614	38 
3615	23 
3616	7 
3617	30 
3618	11 
3619	38 
3620	11 
3621	12 
3622	42 
3623	19 
3624	39 
3625	23 
3626	15 
3627	11 
3628	42 
3629	11 
3630	11 
3631	11 
3632	1 
3633	11 
3634	40 
3635	10 
3636	8 
3637	1 
3638	23 
3639	35 
3640	36 
3641	36 
3642	23 
3643	1 
3644	22 
3645	11 
3646	8 
3647	13 
3648	23 
3649	28 
3650	30 
3651	22 
3652	42 
3653	23 
3654	40 
3655	22 
3656	35 
3657	30 
3658	6 
3659	12 
3660	29 
3661	7 
3662	4 
3663	3 
3664	3 
3665	42 
3666	23 
3667	3 
3668	11 
3669	3 
3670	3 
3671	43 
3672	18 
3673	42 
3674	1 
3675	7 
3676	3 
3677	6 
3678	8 
3679	11 
3680	1 
3681	5 
3682	42 
3683	42 
3684	42 
3685	7 
3686	5 
3687	6 
3688	40 
3689	5 
3690	7 
3691	30 
3692	42 
3693	35 
3694	7 
3695	14 
3696	36 
3697	7 
3698	8 
3699	40 
3700	40 
3701	36 
3702	7 
3703	42 
3704	13 
3705	5 
3706	3 
3707	35 
3708	1 
3709	40 
3710	30 
3711	42 
3712	17 
3713	36 
3714	1 
3715	30 
3716	7 
3717	39 
3718	8 
3719	30 
3720	22 
3721	30 
3722	8 
3723	14 
3724	42 
3725	40 
3726	30 
3727	3 
3728	14 
3729	23 
3730	3 
3731	8 
3732	11 
3733	1 
3734	36 
3735	40 
3736	23 
3737	36 
3738	7 
3739	22 
3740	5 
3741	8 
3742	30 
3743	36 
3744	4 
3745	23 
3746	1 
3747	22 
3748	3 
3749	1 
3750	40 
3751	36 
3752	23 
3753	22 
3754	3 
3755	21 
3756	10 
3757	7 
3758	22 
3759	5 
3760	11 
3761	30 
3762	11 
3763	36 
3764	36 
3765	42 
3766	23 
3767	30 
3768	22 
3769	8 
3770	11 
3771	35 
3772	10 
3773	8 
3774	42 
3775	3 
3776	23 
3777	11 
3778	5 
3779	20 
3780	1 
3781	35 
3782	11 
3783	11 
3784	40 
3785	42 
3786	22 
3787	8 
3788	30 
3789	40 
3790	8 
3791	23 
3792	8 
3793	8 
3794	36 
3795	13 
3796	7 
3797	36 
3798	22 
3799	11 
3800	1 
3801	1 
3802	42 
3803	40 
3804	1 
3805	4 
3806	40 
3807	7 
3808	3 
3809	7 
3810	11 
3811	1 
3812	19 
3813	23 
3814	29 
3815	8 
3816	36 
3817	1 
3818	12 
3819	22 
3820	11 
3821	35 
3822	29 
3823	34 
3824	36 
3825	1 
3826	16 
3827	30 
3828	22 
3829	3 
3830	40 
3831	22 
3832	30 
3833	5 
3834	36 
3835	30 
3836	11 
3837	17 
3838	28 
3839	36 
3840	14 
3841	3 
3842	11 
3843	7 
3844	23 
3845	19 
3846	11 
3847	36 
3848	8 
3849	22 
3850	42 
3851	36 
3852	13 
3853	13 
3854	11 
3855	11 
3856	1 
3857	36 
3858	42 
3859	36 
3860	17 
3861	42 
3862	3 
3863	17 
3864	42 
3865	3 
3866	11 
3867	30 
3868	30 
3869	36 
3870	35 
3871	4 
3872	21 
3873	3 
3874	30 
3875	32 
3876	8 
3877	3 
3878	7 
3879	8 
3880	11 
3881	5 
3882	36 
3883	4 
3884	7 
3885	42 
3886	22 
3887	6 
3888	13 
3889	11 
3890	12 
3891	38 
3892	40 
3893	8 
3894	36 
3895	11 
3896	40 
3897	8 
3898	8 
3899	20 
3900	10 
3901	23 
3902	8 
3903	35 
3904	42 
3905	3 
3906	38 
3907	22 
3908	40 
3909	11 
3910	35 
3911	3 
3912	18 
3913	7 
3914	22 
3915	11 
3916	13 
3917	40 
3918	1 
3919	11 
3920	38 
3921	40 
3922	7 
3923	8 
3924	8 
3925	5 
3926	36 
3927	12 
3928	22 
3929	11 
3930	36 
3931	1 
3932	23 
3933	13 
3934	3 
3935	3 
3936	22 
3937	19 
3938	40 
3939	1 
3940	7 
3941	1 
3942	11 
3943	30 
3944	42 
3945	42 
3946	11 
3947	1 
3948	29 
3949	36 
3950	8 
3951	22 
3952	11 
3953	8 
3954	43 
3955	11 
3956	40 
3957	10 
3958	35 
3959	11 
3960	21 
3961	40 
3962	21 
3963	3 
3964	10 
3965	6 
3966	8 
3967	11 
3968	40 
3969	2 
3970	7 
3971	36 
3972	8 
3973	8 
3974	15 
3975	30 
3976	35 
3977	11 
3978	10 
3979	42 
3980	32 
3981	42 
3982	35 
3983	3 
3984	8 
3985	23 
3986	11 
3987	34 
3988	3 
3989	8 
3990	11 
3991	8 
3992	22 
3993	11 
3994	22 
3995	42 
3996	36 
3997	30 
3998	3 
3999	12 
4000	7 
4001	3 
4002	36 
4003	22 
4004	34 
4005	5 
4006	36 
4007	13 
4008	12 
4009	22 
4010	21 
4011	22 
4012	17 
4013	22 
4014	36 
4015	40 
4016	6 
4017	13 
4018	40 
4019	8 
4020	32 
4021	13 
4022	7 
4023	3 
4024	7 
4025	30 
4026	15 
4027	40 
4028	12 
4029	1 
4030	1 
4031	3 
4032	22 
4033	22 
4034	3 
4035	34 
4036	40 
4037	22 
4038	19 
4039	36 
4040	42 
4041	22 
4042	16 
4043	36 
4044	32 
4045	35 
4046	23 
4047	11 
4048	30 
4049	10 
4050	11 
4051	11 
4052	17 
4053	14 
4054	42 
4055	13 
4056	42 
4057	11 
4058	6 
4059	12 
4060	23 
4061	11 
4062	17 
4063	36 
4064	42 
4065	5 
4066	23 
4067	23 
4068	7 
4069	35 
4070	11 
4071	42 
4072	43 
4073	3 
4074	3 
4075	3 
4076	2 
4077	35 
4078	36 
4079	36 
4080	11 
4081	7 
4082	38 
4083	42 
4084	12 
4085	32 
4086	12 
4087	35 
4088	42 
4089	11 
4090	12 
4091	6 
4092	8 
4093	11 
4094	36 
4095	8 
4096	22 
4097	36 
4098	22 
4099	11 
4100	13 
4101	38 
4102	15 
4103	8 
4104	17 
4105	35 
4106	35 
4107	8 
4108	8 
4109	11 
4110	3 
4111	3 
4112	42 
4113	16 
4114	12 
4115	42 
4116	35 
4117	14 
4118	12 
4119	8 
4120	40 
4121	8 
4122	5 
4123	21 
4124	11 
4125	40 
4126	38 
4127	40 
4128	13 
4129	11 
4130	2 
4131	40 
4132	23 
4133	8 
4134	7 
4135	36 
4136	40 
4137	43 
4138	19 
4139	17 
4140	3 
4141	8 
4142	3 
4143	12 
4144	42 
4145	30 
4146	23 
4147	23 
4148	36 
4149	11 
4150	36 
4151	11 
4152	10 
4153	40 
4154	42 
4155	8 
4156	3 
4157	12 
4158	11 
4159	20 
4160	8 
4161	11 
4162	8 
4163	22 
4164	40 
4165	12 
4166	11 
4167	39 
4168	23 
4169	40 
4170	42 
4171	11 
4172	19 
4173	11 
4174	30 
4175	4 
4176	2 
4177	43 
4178	11 
4179	11 
4180	8 
4181	1 
4182	35 
4183	30 
4184	14 
4185	3 
4186	7 
4187	36 
4188	3 
4189	40 
4190	7 
4191	11 
4192	42 
4193	5 
4194	11 
4195	22 
4196	1 
4197	12 
4198	11 
4199	3 
4200	6 
4201	3 
4202	3 
4203	23 
4204	12 
4205	36 
4206	3 
4207	36 
4208	10 
4209	6 
4210	21 
4211	36 
4212	20 
4213	11 
4214	22 
4215	8 
4216	22 
4217	16 
4218	40 
4219	1 
4220	22 
4221	3 
4222	14 
4223	30 
4224	23 
4225	23 
4226	35 
4227	1 
4228	8 
4229	30 
4230	11 
4231	8 
4232	20 
4233	11 
4234	7 
4235	42 
4236	1 
4237	11 
4238	42 
4239	30 
4240	11 
4241	8 
4242	7 
4243	12 
4244	11 
4245	36 
4246	42 
4247	7 
4248	7 
4249	42 
4250	3 
4251	11 
4252	13 
4253	11 
4254	17 
4255	11 
4256	17 
4257	30 
4258	30 
4259	3 
4260	30 
4261	12 
4262	1 
4263	13 
4264	36 
4265	36 
4266	34 
4267	12 
4268	1 
4269	22 
4270	11 
4271	11 
4272	8 
4273	12 
4274	22 
4275	3 
4276	35 
4277	6 
4278	40 
4279	36 
4280	8 
4281	32 
4282	1 
4283	36 
4284	36 
4285	17 
4286	35 
4287	36 
4288	12 
4289	22 
4290	7 
4291	7 
4292	30 
4293	7 
4294	5 
4295	7 
4296	23 
4297	11 
4298	10 
4299	3 
4300	3 
4301	23 
4302	8 
4303	23 
4304	8 
4305	36 
4306	11 
4307	23 
4308	7 
4309	10 
4310	8 
4311	8 
4312	12 
4313	42 
4314	3 
4315	11 
4316	1 
4317	11 
4318	7 
4319	42 
4320	16 
4321	1 
4322	42 
4323	15 
4324	8 
4325	22 
4326	8 
4327	11 
4328	8 
4329	30 
4330	1 
4331	23 
4332	8 
4333	42 
4334	30 
4335	15 
4336	40 
4337	2 
4338	34 
4339	7 
4340	1 
4341	1 
4342	11 
4343	11 
4344	3 
4345	3 
4346	11 
4347	12 
4348	23 
4349	12 
4350	30 
4351	23 
4352	42 
4353	5 
4354	8 
4355	3 
4356	1 
4357	3 
4358	23 
4359	8 
4360	21 
4361	42 
4362	38 
4363	7 
4364	11 
4365	13 
4366	12 
4367	36 
4368	5 
4369	36 
4370	12 
4371	3 
4372	17 
4373	32 
4374	42 
4375	36 
4376	36 
4377	42 
4378	12 
4379	11 
4380	8 
4381	23 
4382	8 
4383	2 
4384	3 
4385	5 
4386	40 
4387	5 
4388	32 
4389	23 
4390	22 
4391	7 
4392	40 
4393	11 
4394	1 
4395	22 
4396	8 
4397	3 
4398	2 
4399	32 
4400	1 
4401	23 
4402	1 
4403	8 
4404	7 
4405	13 
4406	36 
4407	11 
4408	21 
4409	17 
4410	12 
4411	36 
4412	30 
4413	34 
4414	7 
4415	8 
4416	8 
4417	10 
4418	35 
4419	35 
4420	8 
4421	11 
4422	12 
4423	22 
4424	11 
4425	3 
4426	22 
4427	40 
4428	43 
4429	8 
4430	35 
4431	23 
4432	30 
4433	3 
4434	8 
4435	8 
4436	36 
4437	40 
4438	36 
4439	32 
4440	40 
4441	42 
4442	42 
4443	1 
4444	40 
4445	40 
4446	7 
4447	36 
4448	8 
4449	23 
4450	30 
4451	12 
4452	11 
4453	5 
4454	8 
4455	30 
4456	34 
4457	6 
4458	8 
4459	22 
4460	36 
4461	42 
4462	35 
4463	8 
4464	7 
4465	22 
4466	1 
4467	3 
4468	11 
4469	10 
4470	8 
4471	1 
4472	11 
4473	3 
4474	11 
4475	42 
4476	12 
4477	42 
4478	42 
4479	11 
4480	36 
4481	11 
4482	6 
4483	3 
4484	36 
4485	5 
4486	42 
4487	22 
4488	30 
4489	16 
4490	2 
4491	11 
4492	8 
4493	3 
4494	11 
4495	1 
4496	7 
4497	10 
4498	11 
4499	2 
4500	38 
4501	11 
4502	23 
4503	36 
4504	8 
4505	11 
4506	4 
4507	11 
4508	40 
4509	23 
4510	8 
4511	7 
4512	11 
4513	40 
4514	6 
4515	1 
4516	23 
4517	11 
4518	3 
4519	30 
4520	36 
4521	12 
4522	6 
4523	13 
4524	11 
4525	42 
4526	11 
4527	35 
4528	35 
4529	3 
4530	6 
4531	40 
4532	36 
4533	4 
4534	11 
4535	11 
4536	34 
4537	11 
4538	42 
4539	11 
4540	30 
4541	5 
4542	36 
4543	42 
4544	14 
4545	40 
4546	30 
4547	42 
4548	11 
4549	13 
4550	17 
4551	11 
4552	15 
4553	35 
4554	12 
4555	40 
4556	23 
4557	42 
4558	40 
4559	42 
4560	42 
4561	35 
4562	11 
4563	8 
4564	7 
4565	30 
4566	10 
4567	3 
4568	7 
4569	8 
4570	11 
4571	11 
4572	42 
4573	5 
4574	21 
4575	21 
4576	11 
4577	14 
4578	35 
4579	8 
4580	40 
4581	42 
4582	10 
4583	22 
4584	3 
4585	30 
4586	1 
4587	3 
4588	11 
4589	42 
4590	1 
4591	40 
4592	8 
4593	13 
4594	40 
4595	11 
4596	30 
4597	8 
4598	43 
4599	23 
4600	6 
4601	5 
4602	35 
4603	1 
4604	42 
4605	11 
4606	11 
4607	30 
4608	8 
4609	8 
4610	3 
4611	8 
4612	8 
4613	23 
4614	30 
4615	7 
4616	7 
4617	42 
4618	10 
4619	23 
4620	30 
4621	12 
4622	30 
4623	40 
4624	30 
4625	23 
4626	23 
4627	42 
4628	23 
4629	7 
4630	1 
4631	1 
4632	8 
4633	22 
4634	7 
4635	30 
4636	8 
4637	6 
4638	36 
4639	21 
4640	11 
4641	11 
4642	12 
4643	42 
4644	11 
4645	8 
4646	11 
4647	8 
4648	17 
4649	42 
4650	1 
4651	23 
4652	3 
4653	19 
4654	7 
4655	5 
4656	30 
4657	35 
4658	11 
4659	30 
4660	7 
4661	1 
4662	19 
4663	40 
4664	3 
4665	11 
4666	7 
4667	11 
4668	42 
4669	19 
4670	5 
4671	3 
4672	3 
4673	8 
4674	30 
4675	36 
4676	42 
4677	42 
4678	7 
4679	40 
4680	42 
4681	11 
4682	42 
4683	3 
4684	11 
4685	40 
4686	21 
4687	30 
4688	8 
4689	40 
4690	8 
4691	17 
4692	12 
4693	1 
4694	42 
4695	1 
4696	23 
4697	42 
4698	11 
4699	42 
4700	17 
4701	7 
4702	11 
4703	8 
4704	42 
4705	35 
4706	23 
4707	21 
4708	30 
4709	35 
4710	19 
4711	23 
4712	30 
4713	42 
4714	3 
4715	17 
4716	36 
4717	1 
4718	22 
4719	30 
4720	30 
4721	5 
4722	22 
4723	36 
4724	7 
4725	8 
4726	17 
4727	11 
4728	42 
4729	22 
4730	23 
4731	5 
4732	8 
4733	11 
4734	40 
4735	15 
4736	36 
4737	23 
4738	8 
4739	7 
4740	30 
4741	10 
4742	11 
4743	30 
4744	8 
4745	42 
4746	14 
4747	7 
4748	13 
4749	23 
4750	22 
4751	8 
4752	23 
4753	3 
4754	30 
4755	6 
4756	8 
4757	35 
4758	1 
4759	40 
4760	42 
4761	11 
4762	40 
4763	3 
4764	8 
4765	12 
4766	3 
4767	11 
4768	6 
4769	12 
4770	22 
4771	1 
4772	10 
4773	3 
4774	3 
4775	22 
4776	12 
4777	40 
4778	22 
4779	7 
4780	35 
4781	36 
4782	36 
4783	30 
4784	22 
4785	42 
4786	36 
4787	30 
4788	1 
4789	6 
4790	8 
4791	30 
4792	35 
4793	30 
4794	3 
4795	1 
4796	1 
4797	30 
4798	5 
4799	1 
4800	11 
4801	40 
4802	8 
4803	3 
4804	11 
4805	8 
4806	12 
4807	11 
4808	8 
4809	36 
4810	22 
4811	5 
4812	35 
4813	5 
4814	42 
4815	11 
4816	8 
4817	5 
4818	42 
4819	1 
4820	22 
4821	3 
4822	36 
4823	30 
4824	36 
4825	42 
4826	7 
4827	11 
4828	22 
4829	22 
4830	1 
4831	23 
4832	36 
4833	23 
4834	12 
4835	35 
4836	7 
4837	35 
4838	7 
4839	40 
4840	5 
4841	30 
4842	3 
4843	30 
4844	3 
4845	7 
4846	8 
4847	8 
4848	35 
4849	35 
4850	23 
4851	11 
4852	8 
4853	8 
4854	7 
4855	8 
4856	8 
4857	40 
4858	36 
4859	42 
4860	12 
4861	36 
4862	5 
4863	30 
4864	42 
4865	3 
4866	8 
4867	40 
4868	36 
4869	8 
4870	35 
4871	11 
4872	36 
4873	7 
4874	3 
4875	3 
4876	8 
4877	42 
4878	1 
4879	8 
4880	3 
4881	40 
4882	42 
4883	40 
4884	3 
4885	1 
4886	5 
4887	7 
4888	23 
4889	1 
4890	23 
4891	11 
4892	8 
4893	42 
4894	17 
4895	22 
4896	7 
4897	11 
4898	7 
4899	1 
4900	40 
4901	8 
4902	23 
4903	42 
4904	22 
4905	40 
4906	3 
4907	35 
4908	7 
4909	17 
4910	12 
4911	36 
4912	11 
4913	8 
4914	8 
4915	22 
4916	30 
4917	3 
4918	5 
4919	35 
4920	36 
4921	42 
4922	3 
4923	11 
4924	23 
4925	42 
4926	7 
4927	22 
4928	36 
4929	3 
4930	11 
4931	23 
4932	36 
4933	22 
4934	23 
4935	42 
4936	30 
4937	40 
4938	8 
4939	36 
4940	8 
4941	3 
4942	8 
4943	35 
4944	8 
4945	8 
4946	11 
4947	3 
4948	36 
4949	7 
4950	40 
4951	7 
4952	8 
4953	42 
4954	3 
4955	40 
4956	3 
4957	36 
4958	11 
4959	11 
4960	3 
4961	36 
4962	35 
4963	22 
4964	23 
4965	11 
4966	36 
4967	3 
4968	11 
4969	42 
4970	23 
4971	8 
4972	11 
4973	30 
4974	8 
4975	1 
4976	3 
4977	7 
4978	30 
4979	30 
4980	1 
4981	7 
4982	36 
4983	42 
4984	42 
4985	40 
4986	11 
4987	1 
4988	30 
4989	1 
4990	1 
4991	7 
4992	11 
4993	3 
4994	1 
4995	36 
4996	1 
4997	30 
4998	40 
4999	42 
5000	11 
