1	1 
2	40 
3	1 
4	37 
5	8 
6	1 
7	36 
8	13 
9	11 
10	3 
11	12 
12	11 
13	6 
14	12 
15	30 
16	36 
17	30 
18	10 
19	8 
20	40 
21	39 
22	23 
23	10 
24	6 
25	3 
26	30 
27	11 
28	22 
29	17 
30	23 
31	1 
32	3 
33	30 
34	3 
35	3 
36	3 
37	14 
38	13 
39	12 
40	36 
41	7 
42	22 
43	42 
44	12 
45	8 
46	34 
47	8 
48	23 
49	36 
50	13 
51	42 
52	8 
53	42 
54	36 
55	40 
56	36 
57	6 
58	11 
59	8 
60	8 
61	42 
62	32 
63	3 
64	23 
65	1 
66	19 
67	3 
68	42 
69	8 
70	42 
71	11 
72	23 
73	22 
74	3 
75	43 
76	12 
77	30 
78	13 
79	11 
80	35 
81	5 
82	11 
83	30 
84	3 
85	12 
86	11 
87	10 
88	40 
89	1 
90	14 
91	35 
92	35 
93	36 
94	11 
95	42 
96	17 
97	42 
98	3 
99	40 
100	40 
101	42 
102	11 
103	36 
104	36 
105	38 
106	7 
107	7 
108	8 
109	2 
110	35 
111	13 
112	30 
113	21 
114	40 
115	12 
116	30 
117	5 
118	22 
119	40 
120	13 
121	42 
122	11 
123	1 
124	42 
125	1 
126	42 
127	3 
128	17 
129	1 
130	7 
131	7 
132	42 
133	26 
134	7 
135	38 
136	28 
137	17 
138	9 
139	36 
140	42 
141	30 
142	3 
143	11 
144	17 
145	2 
146	1 
147	8 
148	42 
149	17 
150	1 
151	6 
152	40 
153	11 
154	36 
155	8 
156	23 
157	28 
158	3 
159	36 
160	11 
161	36 
162	36 
163	3 
164	43 
165	34 
166	23 
167	40 
168	30 
169	11 
170	23 
171	22 
172	35 
173	12 
174	8 
175	43 
176	7 
177	5 
178	1 
179	35 
180	30 
181	17 
182	34 
183	40 
184	7 
185	10 
186	7 
187	3 
188	8 
189	40 
190	22 
191	23 
192	42 
193	1 
194	33 
195	23 
196	30 
197	42 
198	10 
199	42 
200	3 
201	36 
202	8 
203	11 
204	1 
205	22 
206	36 
207	1 
208	40 
209	36 
210	16 
211	3 
212	11 
213	23 
214	18 
215	11 
216	3 
217	11 
218	32 
219	11 
220	2 
221	36 
222	17 
223	1 
224	11 
225	16 
226	3 
227	22 
228	3 
229	5 
230	5 
231	21 
232	40 
233	42 
234	3 
235	22 
236	18 
237	8 
238	36 
239	35 
240	22 
241	6 
242	5 
243	35 
244	23 
245	8 
246	40 
247	3 
248	22 
249	35 
250	10 
251	40 
252	35 
253	1 
254	7 
255	11 
256	2 
257	12 
258	30 
259	36 
260	1 
261	11 
262	12 
263	33 
264	6 
265	30 
266	11 
267	30 
268	40 
269	16 
270	7 
271	30 
272	16 
273	1 
274	22 
275	8 
276	3 
277	36 
278	11 
279	5 
280	23 
281	30 
282	30 
283	8 
284	9 
285	7 
286	42 
287	35 
288	38 
289	22 
290	30 
291	40 
292	4 
293	30 
294	42 
295	3 
296	30 
297	11 
298	43 
299	22 
300	8 
301	8 
302	8 
303	23 
304	21 
305	17 
306	42 
307	1 
308	35 
309	1 
310	11 
311	3 
312	2 
313	8 
314	42 
315	36 
316	36 
317	32 
318	36 
319	12 
320	10 
321	40 
322	14 
323	42 
324	11 
325	23 
326	42 
327	42 
328	3 
329	3 
330	35 
331	11 
332	3 
333	30 
334	30 
335	42 
336	11 
337	23 
338	30 
339	42 
340	22 
341	19 
342	14 
343	11 
344	35 
345	22 
346	39 
347	27 
348	42 
349	36 
350	5 
351	11 
352	30 
353	32 
354	21 
355	30 
356	3 
357	23 
358	23 
359	42 
360	8 
361	15 
362	42 
363	12 
364	3 
365	11 
366	3 
367	22 
368	11 
369	3 
370	31 
371	36 
372	1 
373	36 
374	8 
375	40 
376	7 
377	17 
378	30 
379	22 
380	40 
381	16 
382	35 
383	40 
384	22 
385	15 
386	5 
387	8 
388	36 
389	17 
390	20 
391	11 
392	8 
393	8 
394	7 
395	22 
396	36 
397	40 
398	35 
399	23 
400	35 
401	42 
402	29 
403	42 
404	17 
405	1 
406	40 
407	36 
408	19 
409	38 
410	3 
411	3 
412	29 
413	42 
414	21 
415	3 
416	16 
417	2 
418	34 
419	13 
420	12 
421	11 
422	3 
423	30 
424	3 
425	36 
426	8 
427	12 
428	11 
429	12 
430	1 
431	3 
432	30 
433	42 
434	42 
435	8 
436	8 
437	1 
438	42 
439	40 
440	15 
441	40 
442	23 
443	5 
444	35 
445	30 
446	5 
447	23 
448	11 
449	7 
450	7 
451	36 
452	23 
453	18 
454	22 
455	7 
456	40 
457	40 
458	19 
459	17 
460	11 
461	8 
462	5 
463	21 
464	27 
465	38 
466	35 
467	8 
468	23 
469	5 
470	23 
471	40 
472	10 
473	8 
474	35 
475	42 
476	22 
477	42 
478	42 
479	5 
480	8 
481	8 
482	3 
483	9 
484	23 
485	7 
486	35 
487	23 
488	24 
489	14 
490	36 
491	1 
492	23 
493	2 
494	1 
495	12 
496	42 
497	35 
498	23 
499	37 
500	35 
501	30 
502	11 
503	19 
504	23 
505	35 
506	11 
507	35 
508	6 
509	30 
510	23 
511	3 
512	24 
513	23 
514	12 
515	42 
516	8 
517	12 
518	3 
519	23 
520	3 
521	1 
522	3 
523	22 
524	30 
525	8 
526	42 
527	10 
528	1 
529	35 
530	30 
531	3 
532	11 
533	1 
534	23 
535	36 
536	23 
537	13 
538	23 
539	11 
540	42 
541	30 
542	11 
543	3 
544	40 
545	10 
546	7 
547	40 
548	22 
549	43 
550	8 
551	3 
552	23 
553	1 
554	16 
555	36 
556	8 
557	36 
558	23 
559	7 
560	2 
561	13 
562	6 
563	22 
564	8 
565	8 
566	11 
567	42 
568	23 
569	22 
570	23 
571	22 
572	22 
573	8 
574	7 
575	3 
576	7 
577	8 
578	11 
579	7 
580	41 
581	24 
582	8 
583	8 
584	3 
585	16 
586	3 
587	8 
588	4 
589	11 
590	3 
591	30 
592	42 
593	7 
594	3 
595	3 
596	10 
597	38 
598	23 
599	11 
600	8 
601	36 
602	23 
603	11 
604	36 
605	36 
606	28 
607	40 
608	15 
609	23 
610	42 
611	30 
612	1 
613	38 
614	27 
615	36 
616	35 
617	11 
618	36 
619	7 
620	30 
621	42 
622	7 
623	42 
624	36 
625	8 
626	38 
627	30 
628	35 
629	37 
630	15 
631	40 
632	3 
633	40 
634	10 
635	2 
636	22 
637	8 
638	22 
639	11 
640	11 
641	3 
642	40 
643	42 
644	35 
645	3 
646	22 
647	11 
648	1 
649	3 
650	23 
651	23 
652	7 
653	30 
654	11 
655	36 
656	7 
657	42 
658	16 
659	1 
660	11 
661	5 
662	35 
663	10 
664	11 
665	36 
666	11 
667	5 
668	6 
669	40 
670	6 
671	3 
672	42 
673	22 
674	1 
675	7 
676	8 
677	1 
678	36 
679	7 
680	42 
681	22 
682	42 
683	41 
684	8 
685	43 
686	3 
687	36 
688	40 
689	7 
690	30 
691	3 
692	36 
693	3 
694	40 
695	8 
696	42 
697	36 
698	3 
699	42 
700	7 
701	23 
702	3 
703	8 
704	7 
705	43 
706	42 
707	22 
708	31 
709	40 
710	30 
711	8 
712	7 
713	1 
714	8 
715	7 
716	36 
717	5 
718	2 
719	3 
720	17 
721	3 
722	12 
723	30 
724	30 
725	8 
726	40 
727	15 
728	23 
729	30 
730	11 
731	40 
732	8 
733	19 
734	40 
735	8 
736	30 
737	39 
738	3 
739	22 
740	30 
741	42 
742	8 
743	22 
744	7 
745	7 
746	14 
747	43 
748	18 
749	5 
750	30 
751	30 
752	11 
753	17 
754	7 
755	14 
756	6 
757	33 
758	40 
759	3 
760	1 
761	36 
762	8 
763	8 
764	24 
765	7 
766	30 
767	36 
768	11 
769	23 
770	23 
771	11 
772	2 
773	30 
774	30 
775	12 
776	16 
777	8 
778	23 
779	8 
780	3 
781	11 
782	38 
783	11 
784	40 
785	3 
786	35 
787	1 
788	41 
789	22 
790	11 
791	3 
792	35 
793	23 
794	42 
795	23 
796	16 
797	3 
798	36 
799	23 
800	11 
801	3 
802	11 
803	23 
804	12 
805	1 
806	36 
807	22 
808	12 
809	11 
810	4 
811	3 
812	7 
813	4 
814	42 
815	36 
816	1 
817	11 
818	30 
819	42 
820	3 
821	11 
822	11 
823	11 
824	19 
825	40 
826	42 
827	8 
828	36 
829	40 
830	40 
831	12 
832	8 
833	40 
834	30 
835	14 
836	6 
837	22 
838	42 
839	30 
840	5 
841	23 
842	3 
843	42 
844	42 
845	1 
846	8 
847	40 
848	35 
849	21 
850	3 
851	21 
852	8 
853	3 
854	30 
855	12 
856	3 
857	18 
858	1 
859	19 
860	1 
861	23 
862	17 
863	1 
864	8 
865	30 
866	3 
867	1 
868	8 
869	24 
870	37 
871	8 
872	8 
873	13 
874	38 
875	42 
876	1 
877	17 
878	35 
879	22 
880	30 
881	13 
882	30 
883	11 
884	40 
885	1 
886	36 
887	3 
888	30 
889	1 
890	2 
891	30 
892	11 
893	11 
894	8 
895	7 
896	8 
897	36 
898	1 
899	14 
900	40 
901	6 
902	29 
903	15 
904	42 
905	28 
906	16 
907	11 
908	35 
909	8 
910	23 
911	1 
912	32 
913	14 
914	35 
915	11 
916	6 
917	30 
918	6 
919	22 
920	25 
921	35 
922	22 
923	6 
924	14 
925	14 
926	25 
927	8 
928	35 
929	8 
930	32 
931	37 
932	28 
933	22 
934	42 
935	7 
936	3 
937	23 
938	22 
939	7 
940	43 
941	11 
942	8 
943	11 
944	35 
945	17 
946	3 
947	7 
948	22 
949	35 
950	40 
951	12 
952	3 
953	3 
954	42 
955	42 
956	23 
957	1 
958	11 
959	11 
960	7 
961	35 
962	15 
963	12 
964	8 
965	19 
966	11 
967	22 
968	40 
969	42 
970	7 
971	15 
972	42 
973	18 
974	29 
975	23 
976	35 
977	23 
978	4 
979	23 
980	7 
981	7 
982	11 
983	10 
984	23 
985	42 
986	35 
987	1 
988	40 
989	5 
990	8 
991	36 
992	11 
993	17 
994	30 
995	22 
996	15 
997	3 
998	42 
999	19 
1000	42 
1001	40 
1002	36 
1003	10 
1004	1 
1005	6 
1006	11 
1007	23 
1008	30 
1009	2 
1010	7 
1011	43 
1012	30 
1013	16 
1014	7 
1015	1 
1016	43 
1017	23 
1018	19 
1019	7 
1020	23 
1021	1 
1022	17 
1023	8 
1024	8 
1025	22 
1026	3 
1027	7 
1028	19 
1029	42 
1030	17 
1031	40 
1032	8 
1033	11 
1034	23 
1035	43 
1036	11 
1037	6 
1038	21 
1039	11 
1040	3 
1041	17 
1042	14 
1043	28 
1044	7 
1045	17 
1046	10 
1047	19 
1048	7 
1049	36 
1050	7 
1051	40 
1052	11 
1053	1 
1054	11 
1055	30 
1056	35 
1057	40 
1058	13 
1059	11 
1060	3 
1061	8 
1062	3 
1063	42 
1064	40 
1065	17 
1066	10 
1067	23 
1068	8 
1069	21 
1070	1 
1071	23 
1072	7 
1073	22 
1074	9 
1075	31 
1076	6 
1077	7 
1078	12 
1079	8 
1080	3 
1081	35 
1082	37 
1083	42 
1084	22 
1085	10 
1086	40 
1087	35 
1088	29 
1089	21 
1090	43 
1091	40 
1092	22 
1093	23 
1094	5 
1095	11 
1096	30 
1097	39 
1098	3 
1099	36 
1100	35 
1101	30 
1102	3 
1103	3 
1104	42 
1105	7 
1106	4 
1107	17 
1108	22 
1109	18 
1110	3 
1111	11 
1112	22 
1113	30 
1114	12 
1115	40 
1116	12 
1117	11 
1118	30 
1119	21 
1120	3 
1121	8 
1122	1 
1123	35 
1124	11 
1125	1 
1126	7 
1127	30 
1128	42 
1129	7 
1130	1 
1131	22 
1132	20 
1133	8 
1134	8 
1135	36 
1136	17 
1137	1 
1138	15 
1139	11 
1140	42 
1141	10 
1142	35 
1143	35 
1144	23 
1145	36 
1146	36 
1147	3 
1148	11 
1149	40 
1150	8 
1151	35 
1152	1 
1153	17 
1154	30 
1155	22 
1156	8 
1157	3 
1158	12 
1159	42 
1160	8 
1161	6 
1162	43 
1163	40 
1164	15 
1165	30 
1166	21 
1167	7 
1168	8 
1169	12 
1170	1 
1171	11 
1172	8 
1173	7 
1174	34 
1175	11 
1176	8 
1177	3 
1178	27 
1179	40 
1180	5 
1181	18 
1182	14 
1183	23 
1184	3 
1185	42 
1186	23 
1187	35 
1188	11 
1189	40 
1190	6 
1191	1 
1192	18 
1193	22 
1194	5 
1195	36 
1196	11 
1197	8 
1198	12 
1199	23 
1200	7 
1201	40 
1202	15 
1203	8 
1204	42 
1205	4 
1206	36 
1207	11 
1208	40 
1209	1 
1210	35 
1211	11 
1212	32 
1213	35 
1214	30 
1215	34 
1216	11 
1217	11 
1218	8 
1219	7 
1220	14 
1221	7 
1222	8 
1223	23 
1224	8 
1225	17 
1226	6 
1227	40 
1228	11 
1229	23 
1230	22 
1231	16 
1232	2 
1233	30 
1234	4 
1235	4 
1236	1 
1237	8 
1238	40 
1239	30 
1240	1 
1241	10 
1242	23 
1243	30 
1244	36 
1245	1 
1246	6 
1247	15 
1248	23 
1249	40 
1250	7 
1251	42 
1252	7 
1253	15 
1254	42 
1255	10 
1256	38 
1257	7 
1258	8 
1259	8 
1260	8 
1261	43 
1262	22 
1263	40 
1264	3 
1265	5 
1266	7 
1267	1 
1268	3 
1269	42 
1270	41 
1271	6 
1272	8 
1273	3 
1274	8 
1275	42 
1276	3 
1277	8 
1278	8 
1279	30 
1280	13 
1281	1 
1282	11 
1283	30 
1284	1 
1285	13 
1286	5 
1287	40 
1288	3 
1289	30 
1290	17 
1291	40 
1292	6 
1293	8 
1294	36 
1295	11 
1296	23 
1297	35 
1298	36 
1299	11 
1300	22 
1301	7 
1302	35 
1303	42 
1304	35 
1305	40 
1306	8 
1307	30 
1308	8 
1309	22 
1310	9 
1311	12 
1312	23 
1313	3 
1314	42 
1315	11 
1316	5 
1317	42 
1318	14 
1319	36 
1320	1 
1321	8 
1322	35 
1323	22 
1324	15 
1325	8 
1326	22 
1327	1 
1328	36 
1329	30 
1330	8 
1331	28 
1332	5 
1333	6 
1334	7 
1335	13 
1336	12 
1337	42 
1338	1 
1339	12 
1340	42 
1341	30 
1342	30 
1343	40 
1344	40 
1345	10 
1346	30 
1347	11 
1348	40 
1349	15 
1350	5 
1351	1 
1352	17 
1353	42 
1354	5 
1355	11 
1356	40 
1357	1 
1358	36 
1359	42 
1360	40 
1361	36 
1362	11 
1363	8 
1364	3 
1365	21 
1366	40 
1367	1 
1368	11 
1369	36 
1370	3 
1371	8 
1372	8 
1373	22 
1374	40 
1375	17 
1376	40 
1377	36 
1378	8 
1379	36 
1380	14 
1381	12 
1382	1 
1383	1 
1384	23 
1385	31 
1386	3 
1387	8 
1388	11 
1389	7 
1390	30 
1391	43 
1392	8 
1393	35 
1394	30 
1395	22 
1396	7 
1397	1 
1398	26 
1399	36 
1400	38 
1401	7 
1402	17 
1403	11 
1404	8 
1405	23 
1406	23 
1407	40 
1408	23 
1409	42 
1410	16 
1411	42 
1412	3 
1413	11 
1414	23 
1415	40 
1416	6 
1417	36 
1418	17 
1419	42 
1420	1 
1421	8 
1422	30 
1423	42 
1424	11 
1425	1 
1426	40 
1427	9 
1428	22 
1429	3 
1430	11 
1431	3 
1432	40 
1433	35 
1434	3 
1435	30 
1436	35 
1437	35 
1438	30 
1439	40 
1440	8 
1441	3 
1442	23 
1443	23 
1444	18 
1445	12 
1446	30 
1447	1 
1448	5 
1449	42 
1450	1 
1451	12 
1452	34 
1453	15 
1454	12 
1455	1 
1456	1 
1457	36 
1458	11 
1459	20 
1460	36 
1461	42 
1462	7 
1463	34 
1464	19 
1465	11 
1466	36 
1467	40 
1468	32 
1469	5 
1470	13 
1471	3 
1472	21 
1473	7 
1474	1 
1475	11 
1476	11 
1477	42 
1478	42 
1479	11 
1480	11 
1481	8 
1482	11 
1483	3 
1484	26 
1485	1 
1486	6 
1487	8 
1488	11 
1489	21 
1490	42 
1491	5 
1492	11 
1493	11 
1494	8 
1495	22 
1496	11 
1497	1 
1498	11 
1499	36 
1500	3 
1501	40 
1502	1 
1503	5 
1504	14 
1505	22 
1506	40 
1507	35 
1508	8 
1509	43 
1510	11 
1511	42 
1512	1 
1513	30 
1514	6 
1515	33 
1516	22 
1517	13 
1518	42 
1519	42 
1520	27 
1521	30 
1522	11 
1523	33 
1524	8 
1525	35 
1526	1 
1527	20 
1528	30 
1529	18 
1530	23 
1531	22 
1532	3 
1533	1 
1534	21 
1535	30 
1536	36 
1537	5 
1538	12 
1539	30 
1540	40 
1541	42 
1542	26 
1543	30 
1544	23 
1545	5 
1546	7 
1547	11 
1548	30 
1549	3 
1550	1 
1551	36 
1552	30 
1553	11 
1554	12 
1555	40 
1556	23 
1557	23 
1558	30 
1559	30 
1560	43 
1561	6 
1562	23 
1563	8 
1564	1 
1565	10 
1566	39 
1567	1 
1568	1 
1569	23 
1570	36 
1571	30 
1572	43 
1573	14 
1574	28 
1575	30 
1576	36 
1577	29 
1578	11 
1579	3 
1580	35 
1581	12 
1582	23 
1583	16 
1584	42 
1585	22 
1586	23 
1587	8 
1588	3 
1589	32 
1590	42 
1591	42 
1592	3 
1593	42 
1594	13 
1595	30 
1596	42 
1597	1 
1598	8 
1599	30 
1600	23 
1601	3 
1602	30 
1603	1 
1604	1 
1605	1 
1606	40 
1607	42 
1608	42 
1609	13 
1610	42 
1611	42 
1612	12 
1613	22 
1614	3 
1615	14 
1616	3 
1617	42 
1618	35 
1619	35 
1620	8 
1621	1 
1622	29 
1623	35 
1624	7 
1625	22 
1626	7 
1627	30 
1628	5 
1629	1 
1630	40 
1631	23 
1632	22 
1633	3 
1634	17 
1635	35 
1636	12 
1637	7 
1638	21 
1639	8 
1640	11 
1641	11 
1642	1 
1643	42 
1644	31 
1645	35 
1646	1 
1647	23 
1648	11 
1649	3 
1650	11 
1651	32 
1652	3 
1653	11 
1654	21 
1655	40 
1656	21 
1657	32 
1658	16 
1659	32 
1660	3 
1661	11 
1662	22 
1663	8 
1664	32 
1665	8 
1666	42 
1667	5 
1668	11 
1669	19 
1670	11 
1671	7 
1672	3 
1673	1 
1674	5 
1675	36 
1676	3 
1677	34 
1678	23 
1679	8 
1680	1 
1681	30 
1682	13 
1683	11 
1684	23 
1685	36 
1686	5 
1687	42 
1688	12 
1689	1 
1690	7 
1691	30 
1692	23 
1693	11 
1694	35 
1695	8 
1696	7 
1697	35 
1698	36 
1699	23 
1700	11 
1701	1 
1702	1 
1703	35 
1704	3 
1705	35 
1706	11 
1707	3 
1708	11 
1709	40 
1710	42 
1711	42 
1712	3 
1713	30 
1714	11 
1715	42 
1716	40 
1717	35 
1718	22 
1719	4 
1720	1 
1721	14 
1722	40 
1723	1 
1724	40 
1725	3 
1726	7 
1727	32 
1728	1 
1729	7 
1730	40 
1731	7 
1732	29 
1733	8 
1734	35 
1735	40 
1736	1 
1737	35 
1738	8 
1739	28 
1740	11 
1741	11 
1742	22 
1743	23 
1744	23 
1745	42 
1746	23 
1747	3 
1748	23 
1749	11 
1750	7 
1751	42 
1752	1 
1753	21 
1754	15 
1755	22 
1756	13 
1757	40 
1758	17 
1759	4 
1760	11 
1761	8 
1762	40 
1763	36 
1764	40 
1765	22 
1766	42 
1767	34 
1768	36 
1769	35 
1770	4 
1771	1 
1772	11 
1773	11 
1774	8 
1775	3 
1776	8 
1777	30 
1778	42 
1779	1 
1780	42 
1781	22 
1782	1 
1783	14 
1784	11 
1785	22 
1786	11 
1787	5 
1788	8 
1789	42 
1790	23 
1791	14 
1792	8 
1793	35 
1794	36 
1795	17 
1796	8 
1797	43 
1798	23 
1799	1 
1800	42 
1801	1 
1802	11 
1803	8 
1804	11 
1805	4 
1806	38 
1807	21 
1808	8 
1809	11 
1810	36 
1811	22 
1812	30 
1813	8 
1814	8 
1815	40 
1816	1 
1817	3 
1818	11 
1819	30 
1820	42 
1821	11 
1822	38 
1823	21 
1824	7 
1825	8 
1826	5 
1827	3 
1828	30 
1829	3 
1830	23 
1831	23 
1832	7 
1833	30 
1834	8 
1835	8 
1836	15 
1837	12 
1838	40 
1839	1 
1840	35 
1841	23 
1842	22 
1843	1 
1844	11 
1845	42 
1846	36 
1847	11 
1848	17 
1849	2 
1850	30 
1851	1 
1852	36 
1853	12 
1854	30 
1855	19 
1856	19 
1857	8 
1858	11 
1859	39 
1860	21 
1861	34 
1862	42 
1863	42 
1864	8 
1865	15 
1866	10 
1867	1 
1868	36 
1869	3 
1870	11 
1871	30 
1872	11 
1873	17 
1874	8 
1875	1 
1876	40 
1877	1 
1878	4 
1879	20 
1880	3 
1881	42 
1882	21 
1883	1 
1884	3 
1885	22 
1886	23 
1887	30 
1888	23 
1889	29 
1890	7 
1891	4 
1892	20 
1893	22 
1894	35 
1895	30 
1896	42 
1897	11 
1898	8 
1899	36 
1900	17 
1901	7 
1902	3 
1903	1 
1904	42 
1905	13 
1906	8 
1907	42 
1908	3 
1909	30 
1910	7 
1911	30 
1912	28 
1913	3 
1914	1 
1915	8 
1916	1 
1917	3 
1918	17 
1919	11 
1920	42 
1921	12 
1922	42 
1923	38 
1924	40 
1925	30 
1926	42 
1927	42 
1928	15 
1929	1 
1930	35 
1931	12 
1932	3 
1933	7 
1934	36 
1935	2 
1936	39 
1937	3 
1938	15 
1939	7 
1940	3 
1941	8 
1942	30 
1943	5 
1944	3 
1945	1 
1946	15 
1947	36 
1948	1 
1949	8 
1950	17 
1951	23 
1952	7 
1953	35 
1954	38 
1955	3 
1956	30 
1957	22 
1958	16 
1959	11 
1960	8 
1961	8 
1962	42 
1963	23 
1964	30 
1965	42 
1966	35 
1967	25 
1968	3 
1969	23 
1970	23 
1971	5 
1972	3 
1973	3 
1974	1 
1975	3 
1976	22 
1977	6 
1978	10 
1979	40 
1980	7 
1981	42 
1982	42 
1983	42 
1984	3 
1985	11 
1986	8 
1987	40 
1988	40 
1989	23 
1990	30 
1991	40 
1992	11 
1993	1 
1994	40 
1995	8 
1996	17 
1997	42 
1998	26 
1999	5 
2000	42 
2001	30 
2002	20 
2003	42 
2004	8 
2005	8 
2006	11 
2007	1 
2008	11 
2009	2 
2010	11 
2011	5 
2012	5 
2013	36 
2014	3 
2015	3 
2016	1 
2017	5 
2018	5 
2019	40 
2020	29 
2021	11 
2022	42 
2023	5 
2024	8 
2025	11 
2026	30 
2027	43 
2028	3 
2029	14 
2030	17 
2031	42 
2032	3 
2033	40 
2034	41 
2035	35 
2036	36 
2037	8 
2038	11 
2039	42 
2040	41 
2041	22 
2042	1 
2043	14 
2044	23 
2045	4 
2046	8 
2047	1 
2048	10 
2049	22 
2050	22 
2051	21 
2052	22 
2053	35 
2054	7 
2055	40 
2056	8 
2057	22 
2058	8 
2059	3 
2060	12 
2061	40 
2062	12 
2063	23 
2064	11 
2065	43 
2066	42 
2067	1 
2068	30 
2069	19 
2070	42 
2071	35 
2072	9 
2073	8 
2074	8 
2075	42 
2076	8 
2077	23 
2078	11 
2079	3 
2080	8 
2081	3 
2082	8 
2083	22 
2084	42 
2085	30 
2086	30 
2087	36 
2088	2 
2089	17 
2090	6 
2091	11 
2092	32 
2093	3 
2094	8 
2095	22 
2096	36 
2097	13 
2098	12 
2099	36 
2100	15 
2101	8 
2102	12 
2103	7 
2104	1 
2105	3 
2106	15 
2107	22 
2108	21 
2109	30 
2110	11 
2111	36 
2112	7 
2113	1 
2114	22 
2115	23 
2116	9 
2117	38 
2118	8 
2119	3 
2120	22 
2121	11 
2122	1 
2123	2 
2124	30 
2125	17 
2126	42 
2127	1 
2128	22 
2129	11 
2130	35 
2131	23 
2132	8 
2133	3 
2134	1 
2135	42 
2136	30 
2137	35 
2138	22 
2139	23 
2140	22 
2141	11 
2142	40 
2143	35 
2144	5 
2145	42 
2146	6 
2147	17 
2148	12 
2149	11 
2150	12 
2151	42 
2152	22 
2153	35 
2154	11 
2155	26 
2156	11 
2157	7 
2158	42 
2159	40 
2160	20 
2161	30 
2162	30 
2163	3 
2164	11 
2165	13 
2166	36 
2167	9 
2168	8 
2169	22 
2170	40 
2171	5 
2172	11 
2173	11 
2174	1 
2175	2 
2176	8 
2177	36 
2178	1 
2179	6 
2180	8 
2181	3 
2182	35 
2183	3 
2184	1 
2185	42 
2186	1 
2187	42 
2188	23 
2189	2 
2190	12 
2191	35 
2192	11 
2193	23 
2194	8 
2195	11 
2196	8 
2197	17 
2198	7 
2199	23 
2200	30 
2201	42 
2202	42 
2203	23 
2204	36 
2205	8 
2206	21 
2207	40 
2208	40 
2209	40 
2210	3 
2211	12 
2212	42 
2213	14 
2214	7 
2215	3 
2216	23 
2217	13 
2218	11 
2219	42 
2220	8 
2221	34 
2222	5 
2223	35 
2224	3 
2225	8 
2226	40 
2227	11 
2228	40 
2229	6 
2230	8 
2231	29 
2232	36 
2233	22 
2234	5 
2235	22 
2236	17 
2237	15 
2238	16 
2239	35 
2240	36 
2241	23 
2242	23 
2243	30 
2244	4 
2245	7 
2246	8 
2247	8 
2248	1 
2249	17 
2250	15 
2251	16 
2252	22 
2253	14 
2254	11 
2255	7 
2256	7 
2257	40 
2258	36 
2259	21 
2260	42 
2261	7 
2262	22 
2263	23 
2264	36 
2265	11 
2266	23 
2267	40 
2268	30 
2269	3 
2270	11 
2271	19 
2272	11 
2273	40 
2274	28 
2275	8 
2276	8 
2277	35 
2278	40 
2279	13 
2280	3 
2281	42 
2282	12 
2283	7 
2284	36 
2285	11 
2286	42 
2287	40 
2288	42 
2289	8 
2290	42 
2291	15 
2292	8 
2293	11 
2294	17 
2295	31 
2296	8 
2297	36 
2298	11 
2299	11 
2300	17 
2301	42 
2302	22 
2303	11 
2304	40 
2305	12 
2306	22 
2307	1 
2308	3 
2309	3 
2310	11 
2311	10 
2312	11 
2313	40 
2314	42 
2315	11 
2316	1 
2317	42 
2318	32 
2319	36 
2320	3 
2321	30 
2322	21 
2323	8 
2324	4 
2325	30 
2326	3 
2327	35 
2328	30 
2329	5 
2330	1 
2331	12 
2332	21 
2333	35 
2334	29 
2335	1 
2336	6 
2337	8 
2338	36 
2339	42 
2340	40 
2341	8 
2342	36 
2343	1 
2344	8 
2345	40 
2346	38 
2347	42 
2348	3 
2349	5 
2350	1 
2351	17 
2352	12 
2353	11 
2354	22 
2355	39 
2356	11 
2357	36 
2358	23 
2359	42 
2360	10 
2361	40 
2362	11 
2363	40 
2364	42 
2365	30 
2366	42 
2367	42 
2368	1 
2369	23 
2370	23 
2371	11 
2372	1 
2373	12 
2374	4 
2375	8 
2376	5 
2377	42 
2378	8 
2379	14 
2380	8 
2381	22 
2382	36 
2383	36 
2384	30 
2385	36 
2386	40 
2387	8 
2388	39 
2389	22 
2390	12 
2391	8 
2392	8 
2393	11 
2394	36 
2395	8 
2396	12 
2397	30 
2398	43 
2399	35 
2400	13 
2401	30 
2402	42 
2403	3 
2404	5 
2405	42 
2406	1 
2407	22 
2408	36 
2409	30 
2410	22 
2411	35 
2412	11 
2413	34 
2414	13 
2415	8 
2416	42 
2417	22 
2418	22 
2419	36 
2420	36 
2421	3 
2422	36 
2423	35 
2424	11 
2425	11 
2426	8 
2427	10 
2428	2 
2429	12 
2430	11 
2431	11 
2432	11 
2433	36 
2434	17 
2435	36 
2436	23 
2437	18 
2438	28 
2439	40 
2440	34 
2441	42 
2442	40 
2443	42 
2444	3 
2445	40 
2446	14 
2447	30 
2448	11 
2449	3 
2450	3 
2451	14 
2452	41 
2453	36 
2454	18 
2455	42 
2456	22 
2457	42 
2458	40 
2459	8 
2460	42 
2461	36 
2462	30 
2463	13 
2464	11 
2465	11 
2466	3 
2467	8 
2468	32 
2469	30 
2470	3 
2471	8 
2472	11 
2473	7 
2474	23 
2475	8 
2476	40 
2477	3 
2478	14 
2479	14 
2480	8 
2481	36 
2482	32 
2483	3 
2484	40 
2485	22 
2486	1 
2487	11 
2488	36 
2489	35 
2490	1 
2491	3 
2492	35 
2493	11 
2494	22 
2495	36 
2496	36 
2497	5 
2498	11 
2499	23 
2500	23 
2501	42 
2502	36 
2503	42 
2504	8 
2505	8 
2506	30 
2507	10 
2508	12 
2509	36 
2510	15 
2511	42 
2512	5 
2513	1 
2514	17 
2515	5 
2516	22 
2517	42 
2518	22 
2519	1 
2520	17 
2521	3 
2522	14 
2523	12 
2524	8 
2525	16 
2526	12 
2527	8 
2528	6 
2529	36 
2530	3 
2531	26 
2532	1 
2533	12 
2534	42 
2535	22 
2536	7 
2537	11 
2538	39 
2539	7 
2540	8 
2541	11 
2542	12 
2543	42 
2544	22 
2545	6 
2546	8 
2547	41 
2548	1 
2549	12 
2550	36 
2551	23 
2552	36 
2553	42 
2554	34 
2555	30 
2556	36 
2557	20 
2558	6 
2559	7 
2560	8 
2561	12 
2562	42 
2563	8 
2564	20 
2565	21 
2566	25 
2567	8 
2568	25 
2569	8 
2570	1 
2571	14 
2572	11 
2573	7 
2574	8 
2575	30 
2576	40 
2577	23 
2578	35 
2579	15 
2580	8 
2581	7 
2582	8 
2583	7 
2584	1 
2585	8 
2586	40 
2587	11 
2588	22 
2589	1 
2590	40 
2591	5 
2592	30 
2593	16 
2594	11 
2595	8 
2596	11 
2597	23 
2598	40 
2599	13 
2600	12 
2601	8 
2602	10 
2603	35 
2604	3 
2605	22 
2606	11 
2607	7 
2608	1 
2609	13 
2610	7 
2611	12 
2612	39 
2613	5 
2614	8 
2615	18 
2616	40 
2617	22 
2618	12 
2619	11 
2620	35 
2621	7 
2622	42 
2623	11 
2624	8 
2625	11 
2626	7 
2627	22 
2628	42 
2629	13 
2630	30 
2631	23 
2632	23 
2633	40 
2634	22 
2635	20 
2636	11 
2637	7 
2638	7 
2639	26 
2640	1 
2641	5 
2642	11 
2643	8 
2644	5 
2645	7 
2646	5 
2647	22 
2648	42 
2649	8 
2650	42 
2651	26 
2652	36 
2653	15 
2654	30 
2655	8 
2656	8 
2657	1 
2658	16 
2659	34 
2660	11 
2661	1 
2662	35 
2663	30 
2664	22 
2665	8 
2666	36 
2667	36 
2668	3 
2669	8 
2670	3 
2671	43 
2672	35 
2673	3 
2674	26 
2675	28 
2676	11 
2677	8 
2678	25 
2679	19 
2680	40 
2681	3 
2682	11 
2683	40 
2684	30 
2685	42 
2686	11 
2687	8 
2688	22 
2689	11 
2690	3 
2691	17 
2692	1 
2693	30 
2694	35 
2695	36 
2696	23 
2697	8 
2698	8 
2699	11 
2700	11 
2701	42 
2702	10 
2703	8 
2704	1 
2705	3 
2706	32 
2707	5 
2708	7 
2709	35 
2710	13 
2711	30 
2712	22 
2713	11 
2714	30 
2715	11 
2716	12 
2717	3 
2718	36 
2719	39 
2720	2 
2721	11 
2722	4 
2723	23 
2724	6 
2725	42 
2726	8 
2727	36 
2728	36 
2729	36 
2730	8 
2731	8 
2732	43 
2733	8 
2734	36 
2735	7 
2736	20 
2737	8 
2738	42 
2739	36 
2740	23 
2741	30 
2742	3 
2743	3 
2744	22 
2745	35 
2746	36 
2747	16 
2748	11 
2749	40 
2750	22 
2751	42 
2752	42 
2753	22 
2754	11 
2755	19 
2756	7 
2757	16 
2758	30 
2759	23 
2760	11 
2761	8 
2762	36 
2763	19 
2764	8 
2765	42 
2766	6 
2767	21 
2768	5 
2769	8 
2770	12 
2771	30 
2772	1 
2773	17 
2774	35 
2775	18 
2776	40 
2777	22 
2778	11 
2779	8 
2780	12 
2781	11 
2782	15 
2783	34 
2784	7 
2785	36 
2786	8 
2787	3 
2788	3 
2789	39 
2790	21 
2791	8 
2792	1 
2793	1 
2794	3 
2795	36 
2796	11 
2797	11 
2798	23 
2799	23 
2800	42 
2801	10 
2802	11 
2803	1 
2804	23 
2805	36 
2806	40 
2807	42 
2808	1 
2809	38 
2810	12 
2811	36 
2812	30 
2813	11 
2814	22 
2815	21 
2816	30 
2817	31 
2818	8 
2819	22 
2820	12 
2821	11 
2822	39 
2823	42 
2824	8 
2825	8 
2826	42 
2827	12 
2828	11 
2829	17 
2830	25 
2831	23 
2832	11 
2833	1 
2834	4 
2835	35 
2836	3 
2837	11 
2838	30 
2839	35 
2840	8 
2841	3 
2842	30 
2843	42 
2844	8 
2845	22 
2846	13 
2847	3 
2848	42 
2849	35 
2850	42 
2851	19 
2852	40 
2853	1 
2854	7 
2855	42 
2856	38 
2857	11 
2858	22 
2859	38 
2860	23 
2861	36 
2862	12 
2863	42 
2864	15 
2865	35 
2866	35 
2867	12 
2868	22 
2869	22 
2870	40 
2871	17 
2872	28 
2873	11 
2874	5 
2875	35 
2876	35 
2877	11 
2878	40 
2879	42 
2880	1 
2881	8 
2882	10 
2883	8 
2884	11 
2885	40 
2886	7 
2887	42 
2888	34 
2889	7 
2890	36 
2891	12 
2892	11 
2893	5 
2894	6 
2895	42 
2896	23 
2897	42 
2898	36 
2899	8 
2900	8 
2901	14 
2902	11 
2903	12 
2904	11 
2905	2 
2906	11 
2907	40 
2908	36 
2909	8 
2910	1 
2911	39 
2912	11 
2913	20 
2914	11 
2915	36 
2916	21 
2917	23 
2918	2 
2919	8 
2920	17 
2921	22 
2922	36 
2923	43 
2924	40 
2925	1 
2926	35 
2927	6 
2928	42 
2929	30 
2930	35 
2931	7 
2932	42 
2933	30 
2934	32 
2935	23 
2936	36 
2937	38 
2938	31 
2939	38 
2940	7 
2941	22 
2942	12 
2943	11 
2944	3 
2945	7 
2946	8 
2947	14 
2948	42 
2949	40 
2950	8 
2951	1 
2952	11 
2953	23 
2954	11 
2955	42 
2956	1 
2957	12 
2958	6 
2959	40 
2960	7 
2961	23 
2962	36 
2963	35 
2964	30 
2965	1 
2966	30 
2967	14 
2968	6 
2969	3 
2970	8 
2971	3 
2972	13 
2973	40 
2974	11 
2975	10 
2976	3 
2977	30 
2978	3 
2979	43 
2980	11 
2981	42 
2982	12 
2983	36 
2984	7 
2985	30 
2986	40 
2987	8 
2988	20 
2989	11 
2990	42 
2991	8 
2992	40 
2993	3 
2994	1 
2995	20 
2996	12 
2997	11 
2998	11 
2999	42 
3000	5 
3001	23 
3002	10 
3003	42 
3004	22 
3005	11 
3006	30 
3007	10 
3008	1 
3009	22 
3010	1 
3011	12 
3012	40 
3013	22 
3014	42 
3015	26 
3016	1 
3017	13 
3018	17 
3019	40 
3020	7 
3021	40 
3022	40 
3023	17 
3024	23 
3025	12 
3026	11 
3027	40 
3028	22 
3029	3 
3030	34 
3031	40 
3032	1 
3033	19 
3034	36 
3035	7 
3036	8 
3037	30 
3038	22 
3039	1 
3040	1 
3041	30 
3042	3 
3043	43 
3044	12 
3045	12 
3046	23 
3047	40 
3048	34 
3049	42 
3050	30 
3051	23 
3052	10 
3053	23 
3054	20 
3055	8 
3056	8 
3057	13 
3058	25 
3059	14 
3060	1 
3061	3 
3062	14 
3063	21 
3064	30 
3065	42 
3066	42 
3067	17 
3068	36 
3069	15 
3070	30 
3071	43 
3072	14 
3073	8 
3074	17 
3075	8 
3076	3 
3077	35 
3078	42 
3079	14 
3080	35 
3081	1 
3082	14 
3083	30 
3084	17 
3085	36 
3086	16 
3087	1 
3088	11 
3089	17 
3090	42 
3091	1 
3092	3 
3093	7 
3094	30 
3095	6 
3096	23 
3097	17 
3098	20 
3099	11 
3100	3 
3101	42 
3102	28 
3103	43 
3104	7 
3105	1 
3106	3 
3107	42 
3108	8 
3109	17 
3110	10 
3111	35 
3112	38 
3113	3 
3114	1 
3115	36 
3116	1 
3117	12 
3118	8 
3119	40 
3120	30 
3121	3 
3122	42 
3123	8 
3124	11 
3125	3 
3126	7 
3127	12 
3128	6 
3129	11 
3130	21 
3131	1 
3132	3 
3133	36 
3134	11 
3135	8 
3136	36 
3137	42 
3138	11 
3139	8 
3140	42 
3141	2 
3142	36 
3143	12 
3144	40 
3145	30 
3146	1 
3147	8 
3148	23 
3149	1 
3150	11 
3151	10 
3152	12 
3153	30 
3154	5 
3155	11 
3156	12 
3157	8 
3158	4 
3159	40 
3160	40 
3161	11 
3162	5 
3163	3 
3164	15 
3165	1 
3166	36 
3167	23 
3168	30 
3169	42 
3170	3 
3171	7 
3172	43 
3173	11 
3174	5 
3175	7 
3176	40 
3177	5 
3178	30 
3179	30 
3180	8 
3181	39 
3182	11 
3183	42 
3184	11 
3185	11 
3186	23 
3187	12 
3188	30 
3189	1 
3190	1 
3191	5 
3192	3 
3193	8 
3194	30 
3195	1 
3196	36 
3197	32 
3198	7 
3199	13 
3200	18 
3201	34 
3202	3 
3203	8 
3204	40 
3205	35 
3206	7 
3207	3 
3208	42 
3209	21 
3210	8 
3211	11 
3212	8 
3213	8 
3214	34 
3215	19 
3216	42 
3217	1 
3218	14 
3219	2 
3220	7 
3221	42 
3222	22 
3223	42 
3224	8 
3225	40 
3226	19 
3227	8 
3228	23 
3229	7 
3230	8 
3231	30 
3232	22 
3233	30 
3234	15 
3235	10 
3236	1 
3237	13 
3238	23 
3239	3 
3240	34 
3241	1 
3242	11 
3243	21 
3244	42 
3245	40 
3246	8 
3247	1 
3248	36 
3249	40 
3250	7 
3251	10 
3252	40 
3253	40 
3254	11 
3255	8 
3256	11 
3257	12 
3258	11 
3259	35 
3260	11 
3261	36 
3262	40 
3263	25 
3264	21 
3265	7 
3266	11 
3267	42 
3268	12 
3269	23 
3270	16 
3271	40 
3272	35 
3273	12 
3274	42 
3275	7 
3276	8 
3277	1 
3278	11 
3279	8 
3280	22 
3281	7 
3282	32 
3283	1 
3284	35 
3285	34 
3286	11 
3287	3 
3288	3 
3289	38 
3290	11 
3291	42 
3292	1 
3293	23 
3294	40 
3295	7 
3296	42 
3297	1 
3298	23 
3299	36 
3300	6 
3301	3 
3302	10 
3303	17 
3304	35 
3305	20 
3306	21 
3307	30 
3308	36 
3309	8 
3310	8 
3311	11 
3312	32 
3313	15 
3314	17 
3315	30 
3316	40 
3317	42 
3318	25 
3319	3 
3320	11 
3321	11 
3322	17 
3323	16 
3324	23 
3325	22 
3326	12 
3327	2 
3328	12 
3329	11 
3330	30 
3331	5 
3332	22 
3333	40 
3334	34 
3335	21 
3336	22 
3337	22 
3338	8 
3339	3 
3340	21 
3341	28 
3342	17 
3343	10 
3344	16 
3345	43 
3346	30 
3347	42 
3348	1 
3349	30 
3350	23 
3351	23 
3352	11 
3353	36 
3354	40 
3355	15 
3356	8 
3357	12 
3358	42 
3359	16 
3360	5 
3361	42 
3362	42 
3363	12 
3364	1 
3365	30 
3366	11 
3367	30 
3368	42 
3369	7 
3370	8 
3371	30 
3372	4 
3373	3 
3374	8 
3375	7 
3376	11 
3377	30 
3378	30 
3379	35 
3380	35 
3381	42 
3382	36 
3383	35 
3384	8 
3385	30 
3386	11 
3387	17 
3388	35 
3389	42 
3390	11 
3391	8 
3392	35 
3393	17 
3394	11 
3395	36 
3396	13 
3397	17 
3398	1 
3399	3 
3400	40 
3401	40 
3402	3 
3403	36 
3404	7 
3405	35 
3406	7 
3407	3 
3408	8 
3409	42 
3410	38 
3411	22 
3412	16 
3413	1 
3414	8 
3415	36 
3416	36 
3417	21 
3418	36 
3419	11 
3420	38 
3421	3 
3422	13 
3423	30 
3424	11 
3425	32 
3426	12 
3427	35 
3428	36 
3429	17 
3430	7 
3431	7 
3432	4 
3433	40 
3434	2 
3435	15 
3436	35 
3437	42 
3438	32 
3439	8 
3440	35 
3441	40 
3442	12 
3443	42 
3444	42 
3445	5 
3446	42 
3447	3 
3448	3 
3449	11 
3450	23 
3451	40 
3452	36 
3453	1 
3454	36 
3455	11 
3456	42 
3457	11 
3458	11 
3459	30 
3460	3 
3461	42 
3462	36 
3463	8 
3464	40 
3465	21 
3466	23 
3467	30 
3468	23 
3469	22 
3470	42 
3471	1 
3472	8 
3473	21 
3474	36 
3475	6 
3476	2 
3477	15 
3478	34 
3479	1 
3480	36 
3481	5 
3482	30 
3483	22 
3484	1 
3485	36 
3486	42 
3487	42 
3488	42 
3489	40 
3490	40 
3491	8 
3492	8 
3493	3 
3494	11 
3495	2 
3496	23 
3497	29 
3498	39 
3499	7 
3500	7 
3501	7 
3502	40 
3503	30 
3504	40 
3505	35 
3506	42 
3507	39 
3508	23 
3509	40 
3510	11 
3511	23 
3512	36 
3513	3 
3514	17 
3515	8 
3516	7 
3517	3 
3518	3 
3519	11 
3520	35 
3521	11 
3522	11 
3523	30 
3524	42 
3525	13 
3526	42 
3527	42 
3528	16 
3529	3 
3530	30 
3531	17 
3532	14 
3533	7 
3534	22 
3535	34 
3536	40 
3537	21 
3538	40 
3539	8 
3540	40 
3541	5 
3542	36 
3543	22 
3544	4 
3545	14 
3546	11 
3547	1 
3548	40 
3549	6 
3550	17 
3551	11 
3552	3 
3553	7 
3554	39 
3555	36 
3556	5 
3557	42 
3558	36 
3559	11 
3560	11 
3561	40 
3562	19 
3563	1 
3564	22 
3565	1 
3566	42 
3567	8 
3568	3 
3569	14 
3570	23 
3571	3 
3572	8 
3573	22 
3574	42 
3575	17 
3576	5 
3577	12 
3578	1 
3579	42 
3580	7 
3581	3 
3582	36 
3583	3 
3584	35 
3585	7 
3586	42 
3587	1 
3588	11 
3589	11 
3590	30 
3591	13 
3592	36 
3593	11 
3594	40 
3595	30 
3596	36 
3597	3 
3598	36 
3599	12 
3600	6 
3601	23 
3602	42 
3603	21 
3604	8 
3605	8 
3606	36 
3607	3 
3608	3 
3609	30 
3610	35 
3611	42 
3612	3 
3613	42 
3614	30 
3615	38 
3616	12 
3617	23 
3618	11 
3619	40 
3620	12 
3621	39 
3622	35 
3623	21 
3624	21 
3625	1 
3626	30 
3627	40 
3628	1 
3629	40 
3630	36 
3631	5 
3632	21 
3633	1 
3634	11 
3635	1 
3636	1 
3637	1 
3638	1 
3639	1 
3640	7 
3641	4 
3642	22 
3643	36 
3644	40 
3645	43 
3646	42 
3647	8 
3648	35 
3649	30 
3650	42 
3651	8 
3652	35 
3653	16 
3654	1 
3655	20 
3656	11 
3657	40 
3658	3 
3659	23 
3660	7 
3661	1 
3662	6 
3663	40 
3664	11 
3665	22 
3666	40 
3667	40 
3668	8 
3669	1 
3670	36 
3671	11 
3672	8 
3673	8 
3674	36 
3675	36 
3676	13 
3677	36 
3678	3 
3679	13 
3680	22 
3681	22 
3682	1 
3683	7 
3684	3 
3685	14 
3686	35 
3687	40 
3688	6 
3689	38 
3690	2 
3691	8 
3692	23 
3693	13 
3694	30 
3695	11 
3696	1 
3697	11 
3698	3 
3699	22 
3700	5 
3701	5 
3702	23 
3703	42 
3704	11 
3705	3 
3706	23 
3707	3 
3708	30 
3709	1 
3710	7 
3711	5 
3712	34 
3713	30 
3714	8 
3715	35 
3716	1 
3717	7 
3718	5 
3719	7 
3720	19 
3721	3 
3722	1 
3723	36 
3724	11 
3725	42 
3726	36 
3727	3 
3728	23 
3729	5 
3730	5 
3731	11 
3732	1 
3733	21 
3734	40 
3735	15 
3736	1 
3737	22 
3738	11 
3739	8 
3740	7 
3741	6 
3742	11 
3743	23 
3744	42 
3745	36 
3746	12 
3747	11 
3748	40 
3749	11 
3750	6 
3751	3 
3752	32 
3753	30 
3754	23 
3755	12 
3756	40 
3757	1 
3758	7 
3759	12 
3760	36 
3761	8 
3762	42 
3763	10 
3764	17 
3765	12 
3766	18 
3767	36 
3768	23 
3769	30 
3770	23 
3771	35 
3772	3 
3773	36 
3774	12 
3775	2 
3776	35 
3777	8 
3778	19 
3779	30 
3780	30 
3781	8 
3782	8 
3783	36 
3784	30 
3785	11 
3786	8 
3787	1 
3788	11 
3789	36 
3790	30 
3791	3 
3792	12 
3793	11 
3794	30 
3795	8 
3796	8 
3797	42 
3798	40 
3799	11 
3800	1 
3801	7 
3802	23 
3803	1 
3804	7 
3805	8 
3806	42 
3807	30 
3808	23 
3809	42 
3810	16 
3811	7 
3812	36 
3813	8 
3814	23 
3815	35 
3816	23 
3817	15 
3818	23 
3819	36 
3820	30 
3821	11 
3822	30 
3823	11 
3824	11 
3825	6 
3826	14 
3827	40 
3828	30 
3829	3 
3830	23 
3831	3 
3832	11 
3833	36 
3834	3 
3835	40 
3836	1 
3837	42 
3838	40 
3839	42 
3840	12 
3841	18 
3842	34 
3843	6 
3844	12 
3845	30 
3846	30 
3847	42 
3848	34 
3849	30 
3850	36 
3851	22 
3852	35 
3853	1 
3854	16 
3855	8 
3856	11 
3857	1 
3858	21 
3859	1 
3860	22 
3861	13 
3862	42 
3863	36 
3864	12 
3865	40 
3866	22 
3867	8 
3868	5 
3869	17 
3870	40 
3871	11 
3872	40 
3873	3 
3874	12 
3875	5 
3876	11 
3877	12 
3878	32 
3879	7 
3880	30 
3881	23 
3882	10 
3883	10 
3884	14 
3885	8 
3886	35 
3887	11 
3888	11 
3889	17 
3890	11 
3891	8 
3892	22 
3893	14 
3894	3 
3895	21 
3896	7 
3897	1 
3898	8 
3899	7 
3900	11 
3901	42 
3902	23 
3903	11 
3904	8 
3905	36 
3906	23 
3907	22 
3908	1 
3909	19 
3910	3 
3911	42 
3912	36 
3913	8 
3914	38 
3915	40 
3916	36 
3917	22 
3918	12 
3919	12 
3920	16 
3921	11 
3922	8 
3923	22 
3924	30 
3925	40 
3926	22 
3927	4 
3928	3 
3929	12 
3930	36 
3931	14 
3932	21 
3933	11 
3934	7 
3935	17 
3936	8 
3937	6 
3938	43 
3939	8 
3940	30 
3941	35 
3942	19 
3943	13 
3944	4 
3945	43 
3946	42 
3947	8 
3948	5 
3949	40 
3950	3 
3951	1 
3952	16 
3953	20 
3954	11 
3955	11 
3956	40 
3957	22 
3958	1 
3959	3 
3960	21 
3961	7 
3962	22 
3963	16 
3964	42 
3965	22 
3966	2 
3967	42 
3968	36 
3969	42 
3970	30 
3971	1 
3972	3 
3973	40 
3974	11 
3975	40 
3976	40 
3977	42 
3978	30 
3979	1 
3980	4 
3981	30 
3982	28 
3983	30 
3984	36 
3985	8 
3986	1 
3987	38 
3988	22 
3989	16 
3990	30 
3991	36 
3992	8 
3993	42 
3994	22 
3995	42 
3996	40 
3997	4 
3998	1 
3999	36 
4000	35 
4001	7 
4002	35 
4003	21 
4004	42 
4005	1 
4006	30 
4007	8 
4008	1 
4009	42 
4010	5 
4011	40 
4012	43 
4013	13 
4014	1 
4015	22 
4016	17 
4017	1 
4018	17 
4019	42 
4020	3 
4021	40 
4022	36 
4023	8 
4024	14 
4025	13 
4026	23 
4027	3 
4028	11 
4029	7 
4030	34 
4031	6 
4032	30 
4033	42 
4034	11 
4035	36 
4036	28 
4037	1 
4038	13 
4039	36 
4040	42 
4041	40 
4042	11 
4043	19 
4044	30 
4045	3 
4046	22 
4047	23 
4048	42 
4049	22 
4050	8 
4051	42 
4052	42 
4053	22 
4054	35 
4055	35 
4056	35 
4057	36 
4058	36 
4059	39 
4060	1 
4061	17 
4062	11 
4063	1 
4064	1 
4065	12 
4066	40 
4067	3 
4068	1 
4069	1 
4070	11 
4071	10 
4072	1 
4073	40 
4074	7 
4075	11 
4076	35 
4077	22 
4078	36 
4079	7 
4080	30 
4081	42 
4082	8 
4083	1 
4084	36 
4085	36 
4086	3 
4087	17 
4088	8 
4089	7 
4090	36 
4091	11 
4092	19 
4093	42 
4094	3 
4095	10 
4096	6 
4097	35 
4098	5 
4099	11 
4100	40 
4101	1 
4102	15 
4103	36 
4104	30 
4105	30 
4106	42 
4107	8 
4108	17 
4109	36 
4110	36 
4111	30 
4112	8 
4113	30 
4114	1 
4115	21 
4116	8 
4117	6 
4118	1 
4119	8 
4120	19 
4121	32 
4122	21 
4123	22 
4124	1 
4125	8 
4126	23 
4127	3 
4128	40 
4129	11 
4130	42 
4131	40 
4132	8 
4133	6 
4134	30 
4135	42 
4136	6 
4137	30 
4138	30 
4139	8 
4140	8 
4141	30 
4142	42 
4143	42 
4144	42 
4145	8 
4146	40 
4147	14 
4148	8 
4149	1 
4150	8 
4151	22 
4152	30 
4153	7 
4154	23 
4155	22 
4156	6 
4157	36 
4158	16 
4159	7 
4160	42 
4161	30 
4162	2 
4163	3 
4164	15 
4165	30 
4166	16 
4167	36 
4168	8 
4169	35 
4170	7 
4171	3 
4172	23 
4173	42 
4174	21 
4175	30 
4176	11 
4177	19 
4178	42 
4179	36 
4180	1 
4181	4 
4182	36 
4183	39 
4184	6 
4185	10 
4186	21 
4187	14 
4188	8 
4189	36 
4190	1 
4191	14 
4192	42 
4193	11 
4194	17 
4195	40 
4196	7 
4197	1 
4198	8 
4199	34 
4200	30 
4201	40 
4202	13 
4203	8 
4204	36 
4205	1 
4206	3 
4207	17 
4208	43 
4209	3 
4210	8 
4211	36 
4212	42 
4213	11 
4214	11 
4215	42 
4216	3 
4217	13 
4218	22 
4219	30 
4220	14 
4221	42 
4222	38 
4223	36 
4224	3 
4225	1 
4226	8 
4227	12 
4228	6 
4229	36 
4230	19 
4231	40 
4232	8 
4233	39 
4234	5 
4235	22 
4236	7 
4237	21 
4238	36 
4239	36 
4240	8 
4241	7 
4242	1 
4243	42 
4244	3 
4245	5 
4246	22 
4247	42 
4248	3 
4249	34 
4250	22 
4251	12 
4252	8 
4253	36 
4254	30 
4255	40 
4256	8 
4257	3 
4258	40 
4259	35 
4260	1 
4261	1 
4262	8 
4263	30 
4264	7 
4265	35 
4266	34 
4267	11 
4268	1 
4269	3 
4270	5 
4271	17 
4272	42 
4273	12 
4274	1 
4275	36 
4276	11 
4277	40 
4278	11 
4279	3 
4280	43 
4281	8 
4282	8 
4283	40 
4284	7 
4285	2 
4286	23 
4287	36 
4288	8 
4289	8 
4290	42 
4291	36 
4292	42 
4293	22 
4294	3 
4295	1 
4296	34 
4297	30 
4298	11 
4299	8 
4300	30 
4301	23 
4302	36 
4303	8 
4304	12 
4305	36 
4306	11 
4307	11 
4308	42 
4309	17 
4310	23 
4311	6 
4312	22 
4313	42 
4314	35 
4315	8 
4316	11 
4317	14 
4318	7 
4319	11 
4320	40 
4321	21 
4322	7 
4323	3 
4324	3 
4325	8 
4326	23 
4327	40 
4328	3 
4329	40 
4330	7 
4331	43 
4332	17 
4333	11 
4334	7 
4335	42 
4336	30 
4337	5 
4338	11 
4339	30 
4340	6 
4341	13 
4342	36 
4343	30 
4344	23 
4345	42 
4346	22 
4347	16 
4348	36 
4349	3 
4350	16 
4351	12 
4352	6 
4353	8 
4354	3 
4355	36 
4356	15 
4357	5 
4358	40 
4359	42 
4360	7 
4361	8 
4362	34 
4363	7 
4364	8 
4365	22 
4366	11 
4367	11 
4368	23 
4369	3 
4370	3 
4371	30 
4372	3 
4373	22 
4374	12 
4375	42 
4376	30 
4377	3 
4378	11 
4379	7 
4380	36 
4381	40 
4382	7 
4383	42 
4384	22 
4385	11 
4386	1 
4387	5 
4388	7 
4389	16 
4390	36 
4391	36 
4392	11 
4393	21 
4394	1 
4395	1 
4396	8 
4397	3 
4398	7 
4399	1 
4400	42 
4401	43 
4402	1 
4403	40 
4404	11 
4405	2 
4406	43 
4407	8 
4408	3 
4409	8 
4410	1 
4411	11 
4412	42 
4413	36 
4414	30 
4415	40 
4416	30 
4417	22 
4418	3 
4419	30 
4420	40 
4421	11 
4422	30 
4423	3 
4424	36 
4425	8 
4426	30 
4427	42 
4428	36 
4429	11 
4430	35 
4431	1 
4432	35 
4433	19 
4434	36 
4435	3 
4436	3 
4437	7 
4438	35 
4439	3 
4440	43 
4441	11 
4442	11 
4443	19 
4444	1 
4445	21 
4446	19 
4447	22 
4448	42 
4449	23 
4450	16 
4451	36 
4452	10 
4453	3 
4454	42 
4455	42 
4456	23 
4457	7 
4458	12 
4459	3 
4460	30 
4461	5 
4462	16 
4463	8 
4464	23 
4465	35 
4466	40 
4467	12 
4468	36 
4469	19 
4470	8 
4471	42 
4472	6 
4473	1 
4474	1 
4475	40 
4476	11 
4477	7 
4478	36 
4479	1 
4480	3 
4481	13 
4482	8 
4483	7 
4484	10 
4485	5 
4486	30 
4487	36 
4488	5 
4489	11 
4490	7 
4491	7 
4492	36 
4493	43 
4494	30 
4495	7 
4496	36 
4497	17 
4498	30 
4499	7 
4500	40 
4501	7 
4502	7 
4503	1 
4504	11 
4505	7 
4506	40 
4507	40 
4508	8 
4509	21 
4510	8 
4511	8 
4512	16 
4513	1 
4514	8 
4515	8 
4516	6 
4517	8 
4518	1 
4519	17 
4520	1 
4521	1 
4522	7 
4523	40 
4524	5 
4525	23 
4526	36 
4527	8 
4528	7 
4529	8 
4530	11 
4531	1 
4532	40 
4533	1 
4534	11 
4535	8 
4536	1 
4537	5 
4538	19 
4539	36 
4540	42 
4541	35 
4542	8 
4543	22 
4544	3 
4545	17 
4546	36 
4547	42 
4548	1 
4549	40 
4550	8 
4551	1 
4552	36 
4553	19 
4554	30 
4555	42 
4556	1 
4557	8 
4558	12 
4559	1 
4560	1 
4561	36 
4562	30 
4563	11 
4564	6 
4565	11 
4566	42 
4567	35 
4568	42 
4569	12 
4570	11 
4571	23 
4572	11 
4573	42 
4574	3 
4575	3 
4576	11 
4577	40 
4578	21 
4579	23 
4580	30 
4581	34 
4582	3 
4583	8 
4584	8 
4585	11 
4586	13 
4587	35 
4588	23 
4589	11 
4590	11 
4591	42 
4592	30 
4593	3 
4594	23 
4595	12 
4596	1 
4597	23 
4598	3 
4599	22 
4600	11 
4601	42 
4602	36 
4603	22 
4604	11 
4605	3 
4606	30 
4607	42 
4608	3 
4609	3 
4610	36 
4611	11 
4612	11 
4613	36 
4614	11 
4615	35 
4616	43 
4617	12 
4618	14 
4619	42 
4620	36 
4621	3 
4622	30 
4623	1 
4624	12 
4625	30 
4626	35 
4627	11 
4628	42 
4629	42 
4630	3 
4631	23 
4632	30 
4633	11 
4634	11 
4635	11 
4636	3 
4637	11 
4638	11 
4639	40 
4640	11 
4641	13 
4642	8 
4643	3 
4644	1 
4645	36 
4646	42 
4647	8 
4648	40 
4649	30 
4650	3 
4651	30 
4652	1 
4653	15 
4654	8 
4655	1 
4656	3 
4657	40 
4658	8 
4659	8 
4660	11 
4661	22 
4662	8 
4663	16 
4664	36 
4665	35 
4666	17 
4667	7 
4668	22 
4669	8 
4670	11 
4671	30 
4672	11 
4673	22 
4674	8 
4675	1 
4676	40 
4677	8 
4678	12 
4679	22 
4680	7 
4681	17 
4682	3 
4683	7 
4684	23 
4685	42 
4686	30 
4687	3 
4688	3 
4689	40 
4690	30 
4691	42 
4692	7 
4693	42 
4694	13 
4695	42 
4696	10 
4697	14 
4698	36 
4699	40 
4700	8 
4701	11 
4702	12 
4703	23 
4704	1 
4705	14 
4706	30 
4707	17 
4708	40 
4709	3 
4710	5 
4711	11 
4712	8 
4713	6 
4714	3 
4715	11 
4716	30 
4717	36 
4718	8 
4719	8 
4720	8 
4721	30 
4722	11 
4723	14 
4724	12 
4725	3 
4726	23 
4727	6 
4728	11 
4729	8 
4730	1 
4731	36 
4732	22 
4733	3 
4734	6 
4735	42 
4736	7 
4737	22 
4738	35 
4739	35 
4740	22 
4741	23 
4742	6 
4743	1 
4744	3 
4745	30 
4746	30 
4747	30 
4748	8 
4749	40 
4750	30 
4751	5 
4752	13 
4753	36 
4754	23 
4755	42 
4756	23 
4757	35 
4758	6 
4759	40 
4760	42 
4761	11 
4762	11 
4763	1 
4764	6 
4765	8 
4766	36 
4767	22 
4768	7 
4769	11 
4770	23 
4771	22 
4772	12 
4773	36 
4774	8 
4775	40 
4776	42 
4777	7 
4778	3 
4779	42 
4780	40 
4781	11 
4782	22 
4783	36 
4784	35 
4785	11 
4786	36 
4787	35 
4788	11 
4789	3 
4790	8 
4791	5 
4792	11 
4793	36 
4794	5 
4795	6 
4796	7 
4797	36 
4798	5 
4799	3 
4800	23 
4801	8 
4802	11 
4803	7 
4804	22 
4805	11 
4806	11 
4807	22 
4808	1 
4809	11 
4810	42 
4811	17 
4812	42 
4813	30 
4814	36 
4815	23 
4816	42 
4817	42 
4818	22 
4819	5 
4820	42 
4821	42 
4822	22 
4823	5 
4824	11 
4825	40 
4826	23 
4827	12 
4828	40 
4829	22 
4830	12 
4831	8 
4832	42 
4833	8 
4834	1 
4835	1 
4836	30 
4837	22 
4838	42 
4839	8 
4840	3 
4841	1 
4842	42 
4843	36 
4844	8 
4845	8 
4846	22 
4847	11 
4848	1 
4849	42 
4850	35 
4851	42 
4852	35 
4853	11 
4854	42 
4855	40 
4856	3 
4857	1 
4858	3 
4859	1 
4860	11 
4861	35 
4862	11 
4863	35 
4864	42 
4865	12 
4866	30 
4867	40 
4868	1 
4869	36 
4870	1 
4871	12 
4872	7 
4873	5 
4874	42 
4875	36 
4876	42 
4877	42 
4878	36 
4879	7 
4880	1 
4881	36 
4882	3 
4883	36 
4884	7 
4885	36 
4886	11 
4887	40 
4888	23 
4889	42 
4890	11 
4891	3 
4892	12 
4893	36 
4894	3 
4895	40 
4896	11 
4897	35 
4898	3 
4899	8 
4900	42 
4901	23 
4902	8 
4903	3 
4904	35 
4905	22 
4906	23 
4907	35 
4908	3 
4909	11 
4910	3 
4911	11 
4912	8 
4913	23 
4914	30 
4915	3 
4916	7 
4917	22 
4918	11 
4919	8 
4920	3 
4921	8 
4922	36 
4923	1 
4924	12 
4925	11 
4926	35 
4927	30 
4928	30 
4929	3 
4930	3 
4931	11 
4932	3 
4933	42 
4934	8 
4935	22 
4936	1 
4937	42 
4938	8 
4939	8 
4940	11 
4941	11 
4942	8 
4943	3 
4944	11 
4945	35 
4946	23 
4947	1 
4948	30 
4949	22 
4950	3 
4951	11 
4952	23 
4953	11 
4954	3 
4955	40 
4956	36 
4957	11 
4958	7 
4959	1 
4960	40 
4961	11 
4962	8 
4963	40 
4964	42 
4965	11 
4966	40 
4967	1 
4968	36 
4969	23 
4970	3 
4971	40 
4972	3 
4973	3 
4974	8 
4975	11 
4976	1 
4977	36 
4978	11 
4979	30 
4980	36 
4981	30 
4982	11 
4983	36 
4984	11 
4985	42 
4986	40 
4987	40 
4988	42 
4989	42 
4990	11 
4991	11 
4992	30 
4993	1 
4994	42 
4995	11 
4996	8 
4997	11 
4998	11 
4999	42 
5000	8 
