1	53 
2	18 
3	35 
4	57 
5	41 
6	52 
7	43 
8	73 
9	41 
10	58 
11	69 
12	31 
13	51 
14	33 
15	60 
16	41 
17	3 
18	30 
19	52 
20	5 
21	17 
22	30 
23	9 
24	81 
25	84 
26	57 
27	75 
28	71 
29	83 
30	53 
31	1 
32	46 
33	76 
34	72 
35	34 
36	13 
37	51 
38	34 
39	93 
40	4 
41	24 
42	92 
43	2 
44	52 
45	104 
46	98 
47	10 
48	103 
49	31 
50	78 
51	100 
52	41 
53	71 
54	61 
55	33 
56	14 
57	61 
58	38 
59	43 
60	62 
61	91 
62	71 
63	15 
64	81 
65	80 
66	43 
67	80 
68	95 
69	15 
70	9 
71	31 
72	79 
73	76 
74	84 
75	87 
76	33 
77	76 
78	21 
79	75 
80	17 
81	86 
82	80 
83	7 
84	38 
85	28 
86	56 
87	95 
88	102 
89	103 
90	17 
91	78 
92	41 
93	51 
94	86 
95	15 
96	53 
97	71 
98	64 
99	11 
100	30 
101	99 
102	71 
103	78 
104	8 
105	22 
106	46 
107	21 
108	27 
109	19 
110	104 
111	49 
112	9 
113	82 
114	55 
115	16 
116	95 
117	48 
118	72 
119	82 
120	89 
121	102 
122	15 
123	45 
124	64 
125	53 
126	30 
127	40 
128	64 
129	59 
130	93 
131	53 
132	29 
133	64 
134	69 
135	68 
136	97 
137	5 
138	56 
139	18 
140	15 
141	50 
142	69 
143	80 
144	35 
145	45 
146	67 
147	93 
148	23 
149	49 
150	80 
151	89 
152	83 
153	38 
154	71 
155	2 
156	66 
157	52 
158	71 
159	73 
160	98 
161	54 
162	61 
163	22 
164	93 
165	34 
166	90 
167	38 
168	60 
169	31 
170	24 
171	31 
172	92 
173	22 
174	26 
175	47 
176	97 
177	53 
178	55 
179	10 
180	36 
181	67 
182	63 
183	56 
184	14 
185	24 
186	76 
187	19 
188	53 
189	69 
190	76 
191	81 
192	2 
193	55 
194	25 
195	50 
196	8 
197	13 
198	52 
199	52 
200	44 
201	24 
202	102 
203	17 
204	9 
205	27 
206	34 
207	58 
208	76 
209	27 
210	50 
211	38 
212	104 
213	8 
214	6 
215	37 
216	53 
217	102 
218	87 
219	21 
220	57 
221	7 
222	32 
223	21 
224	102 
225	76 
226	67 
227	52 
228	60 
229	22 
230	59 
231	11 
232	41 
233	43 
234	92 
235	13 
236	88 
237	52 
238	72 
239	13 
240	23 
241	13 
242	69 
243	81 
244	57 
245	84 
246	38 
247	7 
248	91 
249	70 
250	51 
251	11 
252	98 
253	17 
254	49 
255	27 
256	58 
257	23 
258	72 
259	88 
260	100 
261	30 
262	12 
263	83 
264	52 
265	23 
266	61 
267	87 
268	62 
269	103 
270	17 
271	16 
272	33 
273	56 
274	31 
275	83 
276	87 
277	70 
278	18 
279	84 
280	90 
281	22 
282	12 
283	22 
284	55 
285	16 
286	6 
287	45 
288	38 
289	60 
290	26 
291	48 
292	54 
293	34 
294	86 
295	14 
296	72 
297	59 
298	17 
299	57 
300	95 
301	11 
302	53 
303	72 
304	44 
305	50 
306	35 
307	3 
308	63 
309	76 
310	60 
311	84 
312	61 
313	29 
314	21 
315	50 
316	62 
317	16 
318	33 
319	69 
320	2 
321	89 
322	28 
323	93 
324	58 
325	38 
326	53 
327	94 
328	50 
329	32 
330	93 
331	39 
332	51 
333	45 
334	21 
335	36 
336	59 
337	25 
338	31 
339	62 
340	56 
341	65 
342	9 
343	57 
344	45 
345	82 
346	85 
347	56 
348	39 
349	21 
350	54 
351	90 
352	91 
353	16 
354	38 
355	43 
356	26 
357	22 
358	33 
359	57 
360	69 
361	56 
362	55 
363	38 
364	32 
365	9 
366	101 
367	47 
368	78 
369	42 
370	95 
371	97 
372	76 
373	72 
374	75 
375	41 
376	78 
377	55 
378	80 
379	7 
380	78 
381	51 
382	32 
383	50 
384	56 
385	34 
386	14 
387	63 
388	101 
389	53 
390	29 
391	69 
392	85 
393	20 
394	19 
395	93 
396	69 
397	90 
398	28 
399	26 
400	21 
401	1 
402	14 
403	82 
404	64 
405	76 
406	19 
407	91 
408	38 
409	3 
410	83 
411	53 
412	67 
413	36 
414	85 
415	92 
416	28 
417	27 
418	32 
419	89 
420	84 
421	38 
422	30 
423	75 
424	83 
425	55 
426	89 
427	15 
428	75 
429	79 
430	63 
431	80 
432	34 
433	13 
434	3 
435	9 
436	55 
437	62 
438	101 
439	43 
440	65 
441	25 
442	14 
443	31 
444	73 
445	61 
446	34 
447	34 
448	30 
449	75 
450	86 
451	34 
452	17 
453	80 
454	46 
455	25 
456	98 
457	58 
458	2 
459	16 
460	71 
461	35 
462	32 
463	15 
464	93 
465	55 
466	71 
467	10 
468	11 
469	21 
470	15 
471	30 
472	18 
473	69 
474	29 
475	92 
476	60 
477	84 
478	6 
479	77 
480	69 
481	72 
482	82 
483	44 
484	66 
485	98 
486	91 
487	44 
488	46 
489	29 
490	37 
491	2 
492	44 
493	38 
494	58 
495	21 
496	32 
497	60 
498	78 
499	11 
500	13 
501	104 
502	65 
503	71 
504	50 
505	78 
506	56 
507	84 
508	33 
509	34 
510	90 
511	50 
512	42 
513	23 
514	19 
515	16 
516	85 
517	30 
518	89 
519	90 
520	58 
521	31 
522	82 
523	66 
524	28 
525	15 
526	74 
527	24 
528	53 
529	26 
530	17 
531	7 
532	90 
533	83 
534	68 
535	38 
536	44 
537	70 
538	64 
539	89 
540	81 
541	21 
542	17 
543	71 
544	59 
545	64 
546	32 
547	69 
548	45 
549	83 
550	8 
551	31 
552	74 
553	4 
554	75 
555	20 
556	45 
557	21 
558	15 
559	67 
560	34 
561	6 
562	6 
563	31 
564	49 
565	92 
566	56 
567	52 
568	58 
569	81 
570	56 
571	84 
572	82 
573	53 
574	103 
575	34 
576	75 
577	80 
578	81 
579	17 
580	33 
581	72 
582	30 
583	21 
584	69 
585	16 
586	45 
587	72 
588	42 
589	104 
590	26 
591	15 
592	69 
593	12 
594	75 
595	41 
596	91 
597	75 
598	5 
599	23 
600	74 
601	8 
602	64 
603	90 
604	37 
605	103 
606	70 
607	86 
608	91 
609	53 
610	38 
611	103 
612	44 
613	57 
614	68 
615	85 
616	7 
617	28 
618	8 
619	5 
620	19 
621	81 
622	38 
623	5 
624	93 
625	30 
626	65 
627	33 
628	88 
629	72 
630	59 
631	70 
632	15 
633	45 
634	72 
635	3 
636	30 
637	61 
638	94 
639	36 
640	6 
641	19 
642	4 
643	43 
644	59 
645	82 
646	79 
647	75 
648	43 
649	84 
650	86 
651	58 
652	25 
653	89 
654	22 
655	60 
656	23 
657	31 
658	62 
659	14 
660	66 
661	74 
662	17 
663	35 
664	51 
665	8 
666	71 
667	13 
668	104 
669	56 
670	43 
671	87 
672	103 
673	28 
674	55 
675	31 
676	38 
677	15 
678	18 
679	62 
680	19 
681	6 
682	10 
683	5 
684	43 
685	31 
686	50 
687	80 
688	103 
689	78 
690	79 
691	53 
692	51 
693	9 
694	16 
695	103 
696	81 
697	104 
698	16 
699	98 
700	15 
701	9 
702	87 
703	41 
704	88 
705	66 
706	103 
707	49 
708	40 
709	40 
710	81 
711	78 
712	102 
713	19 
714	74 
715	44 
716	24 
717	67 
718	21 
719	65 
720	50 
721	30 
722	11 
723	53 
724	40 
725	44 
726	3 
727	1 
728	57 
729	60 
730	90 
731	41 
732	57 
733	23 
734	38 
735	45 
736	89 
737	38 
738	39 
739	56 
740	60 
741	14 
742	95 
743	97 
744	13 
745	104 
746	85 
747	65 
748	85 
749	63 
750	99 
751	14 
752	23 
753	48 
754	11 
755	50 
756	45 
757	28 
758	59 
759	46 
760	60 
761	33 
762	89 
763	68 
764	64 
765	26 
766	45 
767	94 
768	96 
769	7 
770	57 
771	71 
772	32 
773	54 
774	13 
775	103 
776	14 
777	81 
778	81 
779	35 
780	57 
781	34 
782	69 
783	74 
784	34 
785	69 
786	8 
787	68 
788	57 
789	82 
790	58 
791	57 
792	13 
793	72 
794	28 
795	75 
796	55 
797	28 
798	69 
799	34 
800	78 
801	22 
802	71 
803	34 
804	47 
805	28 
806	71 
807	20 
808	35 
809	38 
810	58 
811	38 
812	49 
813	21 
814	11 
815	41 
816	57 
817	38 
818	16 
819	41 
820	2 
821	87 
822	99 
823	4 
824	66 
825	2 
826	101 
827	64 
828	34 
829	73 
830	71 
831	10 
832	48 
833	27 
834	16 
835	53 
836	99 
837	6 
838	67 
839	14 
840	86 
841	35 
842	84 
843	80 
844	21 
845	88 
846	25 
847	84 
848	49 
849	75 
850	81 
851	7 
852	14 
853	24 
854	46 
855	46 
856	12 
857	18 
858	31 
859	30 
860	6 
861	94 
862	13 
863	101 
864	17 
865	8 
866	2 
867	10 
868	30 
869	13 
870	28 
871	13 
872	35 
873	64 
874	46 
875	48 
876	51 
877	82 
878	42 
879	51 
880	56 
881	55 
882	45 
883	41 
884	38 
885	14 
886	101 
887	60 
888	52 
889	13 
890	57 
891	13 
892	62 
893	70 
894	32 
895	91 
896	26 
897	78 
898	103 
899	43 
900	56 
901	38 
902	58 
903	17 
904	104 
905	73 
906	100 
907	47 
908	9 
909	1 
910	67 
911	12 
912	77 
913	101 
914	67 
915	73 
916	33 
917	63 
918	101 
919	15 
920	1 
921	104 
922	45 
923	68 
924	88 
925	86 
926	38 
927	88 
928	81 
929	51 
930	66 
931	32 
932	32 
933	60 
934	72 
935	22 
936	88 
937	82 
938	11 
939	88 
940	46 
941	6 
942	46 
943	38 
944	53 
945	57 
946	77 
947	20 
948	28 
949	84 
950	55 
951	38 
952	20 
953	86 
954	54 
955	32 
956	71 
957	54 
958	88 
959	24 
960	74 
961	101 
962	39 
963	65 
964	64 
965	102 
966	90 
967	55 
968	49 
969	64 
970	101 
971	19 
972	18 
973	52 
974	66 
975	51 
976	101 
977	21 
978	79 
979	17 
980	40 
981	103 
982	68 
983	12 
984	13 
985	45 
986	74 
987	37 
988	76 
989	15 
990	97 
991	60 
992	42 
993	92 
994	17 
995	39 
996	80 
997	11 
998	83 
999	68 
1000	85 
1001	26 
1002	103 
1003	60 
1004	55 
1005	75 
1006	52 
1007	8 
1008	38 
1009	97 
1010	78 
1011	27 
1012	103 
1013	28 
1014	42 
1015	39 
1016	4 
1017	71 
1018	21 
1019	41 
1020	63 
1021	62 
1022	47 
1023	24 
1024	93 
1025	46 
1026	101 
1027	104 
1028	84 
1029	39 
1030	100 
1031	45 
1032	48 
1033	104 
1034	14 
1035	21 
1036	49 
1037	1 
1038	51 
1039	59 
1040	25 
1041	27 
1042	73 
1043	44 
1044	80 
1045	73 
1046	48 
1047	45 
1048	20 
1049	17 
1050	93 
1051	6 
1052	1 
1053	7 
1054	6 
1055	89 
1056	3 
1057	70 
1058	1 
1059	3 
1060	50 
1061	63 
1062	71 
1063	90 
1064	85 
1065	26 
1066	59 
1067	64 
1068	16 
1069	68 
1070	61 
1071	95 
1072	38 
1073	33 
1074	8 
1075	43 
1076	80 
1077	26 
1078	43 
1079	9 
1080	35 
1081	14 
1082	82 
1083	66 
1084	81 
1085	56 
1086	56 
1087	38 
1088	53 
1089	91 
1090	5 
1091	93 
1092	53 
1093	27 
1094	19 
1095	14 
1096	44 
1097	94 
1098	50 
1099	102 
1100	11 
1101	36 
1102	32 
1103	38 
1104	21 
1105	64 
1106	66 
1107	5 
1108	101 
1109	21 
1110	88 
1111	7 
1112	7 
1113	31 
1114	34 
1115	91 
1116	38 
1117	14 
1118	52 
1119	84 
1120	80 
1121	64 
1122	69 
1123	15 
1124	90 
1125	68 
1126	8 
1127	85 
1128	5 
1129	22 
1130	2 
1131	47 
1132	61 
1133	75 
1134	28 
1135	7 
1136	22 
1137	75 
1138	90 
1139	30 
1140	59 
1141	30 
1142	29 
1143	83 
1144	88 
1145	55 
1146	41 
1147	34 
1148	38 
1149	13 
1150	66 
1151	102 
1152	98 
1153	77 
1154	68 
1155	104 
1156	103 
1157	104 
1158	44 
1159	50 
1160	19 
1161	41 
1162	98 
1163	38 
1164	64 
1165	41 
1166	51 
1167	19 
1168	10 
1169	17 
1170	10 
1171	7 
1172	5 
1173	44 
1174	85 
1175	97 
1176	48 
1177	80 
1178	97 
1179	30 
1180	68 
1181	86 
1182	19 
1183	18 
1184	85 
1185	19 
1186	53 
1187	31 
1188	31 
1189	98 
1190	76 
1191	32 
1192	102 
1193	89 
1194	19 
1195	46 
1196	16 
1197	23 
1198	16 
1199	82 
1200	32 
1201	53 
1202	45 
1203	90 
1204	35 
1205	50 
1206	50 
1207	27 
1208	43 
1209	13 
1210	32 
1211	79 
1212	45 
1213	42 
1214	33 
1215	4 
1216	79 
1217	85 
1218	48 
1219	15 
1220	38 
1221	55 
1222	59 
1223	65 
1224	91 
1225	72 
1226	53 
1227	82 
1228	55 
1229	55 
1230	71 
1231	66 
1232	53 
1233	29 
1234	21 
1235	15 
1236	98 
1237	60 
1238	46 
1239	69 
1240	33 
1241	45 
1242	23 
1243	38 
1244	56 
1245	93 
1246	92 
1247	46 
1248	71 
1249	34 
1250	52 
1251	46 
1252	99 
1253	80 
1254	102 
1255	104 
1256	28 
1257	15 
1258	65 
1259	38 
1260	10 
1261	50 
1262	101 
1263	36 
1264	48 
1265	27 
1266	2 
1267	9 
1268	70 
1269	71 
1270	28 
1271	66 
1272	84 
1273	15 
1274	19 
1275	69 
1276	41 
1277	57 
1278	30 
1279	72 
1280	84 
1281	41 
1282	102 
1283	103 
1284	21 
1285	16 
1286	89 
1287	50 
1288	61 
1289	88 
1290	47 
1291	60 
1292	42 
1293	90 
1294	15 
1295	30 
1296	21 
1297	5 
1298	72 
1299	50 
1300	15 
1301	63 
1302	49 
1303	80 
1304	77 
1305	71 
1306	54 
1307	58 
1308	66 
1309	31 
1310	60 
1311	63 
1312	96 
1313	20 
1314	99 
1315	5 
1316	102 
1317	97 
1318	62 
1319	53 
1320	62 
1321	99 
1322	91 
1323	6 
1324	78 
1325	87 
1326	87 
1327	4 
1328	71 
1329	75 
1330	73 
1331	35 
1332	27 
1333	44 
1334	59 
1335	104 
1336	77 
1337	27 
1338	103 
1339	21 
1340	2 
1341	41 
1342	41 
1343	21 
1344	55 
1345	84 
1346	21 
1347	79 
1348	70 
1349	60 
1350	51 
1351	5 
1352	45 
1353	45 
1354	5 
1355	19 
1356	88 
1357	50 
1358	35 
1359	5 
1360	60 
1361	4 
1362	82 
1363	3 
1364	11 
1365	11 
1366	23 
1367	19 
1368	44 
1369	3 
1370	51 
1371	84 
1372	76 
1373	41 
1374	104 
1375	74 
1376	33 
1377	65 
1378	82 
1379	70 
1380	103 
1381	69 
1382	2 
1383	59 
1384	39 
1385	38 
1386	19 
1387	49 
1388	52 
1389	88 
1390	62 
1391	51 
1392	76 
1393	76 
1394	78 
1395	53 
1396	12 
1397	103 
1398	66 
1399	28 
1400	9 
1401	72 
1402	104 
1403	3 
1404	71 
1405	17 
1406	37 
1407	13 
1408	24 
1409	56 
1410	91 
1411	3 
1412	57 
1413	11 
1414	41 
1415	23 
1416	4 
1417	52 
1418	69 
1419	23 
1420	26 
1421	22 
1422	4 
1423	69 
1424	82 
1425	53 
1426	5 
1427	41 
1428	44 
1429	71 
1430	73 
1431	37 
1432	32 
1433	8 
1434	6 
1435	18 
1436	84 
1437	80 
1438	61 
1439	46 
1440	48 
1441	10 
1442	85 
1443	1 
1444	40 
1445	71 
1446	40 
1447	84 
1448	19 
1449	11 
1450	36 
1451	83 
1452	17 
1453	76 
1454	50 
1455	43 
1456	56 
1457	56 
1458	15 
1459	55 
1460	28 
1461	21 
1462	51 
1463	63 
1464	104 
1465	38 
1466	34 
1467	94 
1468	50 
1469	97 
1470	83 
1471	19 
1472	4 
1473	88 
1474	59 
1475	54 
1476	49 
1477	59 
1478	70 
1479	76 
1480	15 
1481	8 
1482	45 
1483	17 
1484	57 
1485	54 
1486	100 
1487	31 
1488	76 
1489	40 
1490	79 
1491	8 
1492	45 
1493	85 
1494	97 
1495	102 
1496	54 
1497	50 
1498	78 
1499	97 
1500	56 
1501	70 
1502	31 
1503	80 
1504	49 
1505	69 
1506	47 
1507	3 
1508	73 
1509	69 
1510	90 
1511	86 
1512	60 
1513	70 
1514	60 
1515	74 
1516	59 
1517	17 
1518	49 
1519	24 
1520	92 
1521	83 
1522	15 
1523	30 
1524	88 
1525	19 
1526	31 
1527	49 
1528	79 
1529	90 
1530	7 
1531	68 
1532	97 
1533	66 
1534	44 
1535	100 
1536	102 
1537	80 
1538	87 
1539	31 
1540	63 
1541	41 
1542	66 
1543	44 
1544	61 
1545	65 
1546	85 
1547	12 
1548	59 
1549	19 
1550	102 
1551	19 
1552	66 
1553	57 
1554	65 
1555	74 
1556	49 
1557	11 
1558	25 
1559	56 
1560	85 
1561	32 
1562	56 
1563	5 
1564	44 
1565	89 
1566	34 
1567	92 
1568	58 
1569	37 
1570	49 
1571	19 
1572	33 
1573	103 
1574	43 
1575	63 
1576	30 
1577	46 
1578	27 
1579	60 
1580	46 
1581	61 
1582	90 
1583	19 
1584	50 
1585	33 
1586	84 
1587	29 
1588	59 
1589	15 
1590	6 
1591	90 
1592	44 
1593	45 
1594	55 
1595	7 
1596	61 
1597	42 
1598	50 
1599	13 
1600	53 
1601	45 
1602	50 
1603	62 
1604	72 
1605	58 
1606	30 
1607	5 
1608	21 
1609	47 
1610	31 
1611	23 
1612	93 
1613	10 
1614	7 
1615	83 
1616	104 
1617	61 
1618	49 
1619	76 
1620	84 
1621	28 
1622	95 
1623	56 
1624	21 
1625	92 
1626	58 
1627	63 
1628	81 
1629	19 
1630	101 
1631	104 
1632	92 
1633	41 
1634	68 
1635	34 
1636	85 
1637	68 
1638	91 
1639	94 
1640	42 
1641	14 
1642	81 
1643	55 
1644	2 
1645	63 
1646	90 
1647	104 
1648	17 
1649	85 
1650	61 
1651	84 
1652	40 
1653	53 
1654	15 
1655	21 
1656	90 
1657	24 
1658	71 
1659	92 
1660	26 
1661	61 
1662	73 
1663	84 
1664	63 
1665	76 
1666	54 
1667	66 
1668	19 
1669	38 
1670	28 
1671	101 
1672	89 
1673	43 
1674	2 
1675	24 
1676	100 
1677	88 
1678	85 
1679	33 
1680	57 
1681	64 
1682	90 
1683	10 
1684	31 
1685	67 
1686	68 
1687	41 
1688	2 
1689	28 
1690	77 
1691	53 
1692	28 
1693	68 
1694	41 
1695	80 
1696	69 
1697	89 
1698	104 
1699	74 
1700	33 
1701	91 
1702	14 
1703	81 
1704	67 
1705	30 
1706	54 
1707	81 
1708	57 
1709	79 
1710	45 
1711	29 
1712	46 
1713	84 
1714	19 
1715	55 
1716	16 
1717	22 
1718	13 
1719	16 
1720	37 
1721	45 
1722	84 
1723	39 
1724	88 
1725	75 
1726	21 
1727	85 
1728	72 
1729	68 
1730	72 
1731	1 
1732	95 
1733	34 
1734	63 
1735	90 
1736	16 
1737	45 
1738	30 
1739	58 
1740	14 
1741	4 
1742	102 
1743	22 
1744	64 
1745	31 
1746	19 
1747	58 
1748	31 
1749	29 
1750	100 
1751	2 
1752	88 
1753	56 
1754	53 
1755	13 
1756	57 
1757	30 
1758	18 
1759	46 
1760	83 
1761	14 
1762	64 
1763	89 
1764	63 
1765	30 
1766	31 
1767	69 
1768	30 
1769	27 
1770	83 
1771	84 
1772	59 
1773	83 
1774	86 
1775	45 
1776	68 
1777	57 
1778	59 
1779	70 
1780	48 
1781	89 
1782	44 
1783	12 
1784	45 
1785	21 
1786	46 
1787	19 
1788	63 
1789	11 
1790	49 
1791	100 
1792	87 
1793	16 
1794	103 
1795	44 
1796	33 
1797	74 
1798	5 
1799	96 
1800	21 
1801	21 
1802	85 
1803	43 
1804	20 
1805	50 
1806	67 
1807	47 
1808	89 
1809	53 
1810	54 
1811	76 
1812	70 
1813	32 
1814	20 
1815	6 
1816	83 
1817	69 
1818	74 
1819	50 
1820	34 
1821	63 
1822	88 
1823	51 
1824	96 
1825	95 
1826	33 
1827	11 
1828	64 
1829	11 
1830	86 
1831	21 
1832	73 
1833	82 
1834	45 
1835	33 
1836	69 
1837	52 
1838	21 
1839	1 
1840	77 
1841	22 
1842	92 
1843	13 
1844	66 
1845	30 
1846	64 
1847	11 
1848	56 
1849	38 
1850	10 
1851	80 
1852	102 
1853	83 
1854	12 
1855	5 
1856	67 
1857	40 
1858	50 
1859	90 
1860	28 
1861	30 
1862	53 
1863	42 
1864	61 
1865	27 
1866	5 
1867	97 
1868	15 
1869	52 
1870	65 
1871	6 
1872	79 
1873	34 
1874	55 
1875	60 
1876	42 
1877	35 
1878	60 
1879	18 
1880	64 
1881	34 
1882	82 
1883	3 
1884	91 
1885	14 
1886	84 
1887	94 
1888	71 
1889	4 
1890	34 
1891	56 
1892	33 
1893	96 
1894	41 
1895	13 
1896	12 
1897	31 
1898	74 
1899	69 
1900	88 
1901	34 
1902	80 
1903	57 
1904	94 
1905	21 
1906	55 
1907	102 
1908	36 
1909	17 
1910	57 
1911	92 
1912	39 
1913	53 
1914	18 
1915	33 
1916	74 
1917	43 
1918	63 
1919	9 
1920	62 
1921	26 
1922	18 
1923	3 
1924	58 
1925	48 
1926	41 
1927	40 
1928	46 
1929	60 
1930	81 
1931	84 
1932	3 
1933	69 
1934	51 
1935	10 
1936	14 
1937	87 
1938	46 
1939	88 
1940	35 
1941	56 
1942	15 
1943	12 
1944	16 
1945	32 
1946	8 
1947	7 
1948	45 
1949	50 
1950	5 
1951	2 
1952	72 
1953	83 
1954	76 
1955	14 
1956	42 
1957	3 
1958	61 
1959	96 
1960	101 
1961	55 
1962	23 
1963	15 
1964	44 
1965	80 
1966	62 
1967	14 
1968	15 
1969	71 
1970	61 
1971	83 
1972	44 
1973	49 
1974	70 
1975	82 
1976	87 
1977	52 
1978	64 
1979	35 
1980	74 
1981	98 
1982	9 
1983	88 
1984	91 
1985	95 
1986	22 
1987	43 
1988	26 
1989	61 
1990	58 
1991	41 
1992	6 
1993	64 
1994	56 
1995	20 
1996	49 
1997	21 
1998	29 
1999	45 
2000	84 
2001	103 
2002	32 
2003	44 
2004	59 
2005	101 
2006	85 
2007	38 
2008	34 
2009	54 
2010	15 
2011	77 
2012	63 
2013	60 
2014	77 
2015	42 
2016	45 
2017	97 
2018	1 
2019	8 
2020	39 
2021	102 
2022	85 
2023	35 
2024	8 
2025	97 
2026	60 
2027	34 
2028	46 
2029	19 
2030	58 
2031	74 
2032	38 
2033	58 
2034	77 
2035	20 
2036	30 
2037	94 
2038	66 
2039	60 
2040	9 
2041	66 
2042	64 
2043	55 
2044	68 
2045	59 
2046	29 
2047	84 
2048	79 
2049	102 
2050	96 
2051	79 
2052	53 
2053	14 
2054	54 
2055	61 
2056	100 
2057	87 
2058	17 
2059	83 
2060	72 
2061	15 
2062	66 
2063	71 
2064	86 
2065	60 
2066	28 
2067	55 
2068	83 
2069	103 
2070	40 
2071	99 
2072	25 
2073	58 
2074	98 
2075	41 
2076	68 
2077	9 
2078	61 
2079	1 
2080	7 
2081	19 
2082	69 
2083	36 
2084	14 
2085	48 
2086	41 
2087	92 
2088	9 
2089	49 
2090	13 
2091	78 
2092	39 
2093	89 
2094	93 
2095	51 
2096	47 
2097	92 
2098	102 
2099	92 
2100	46 
2101	6 
2102	88 
2103	2 
2104	96 
2105	60 
2106	56 
2107	45 
2108	38 
2109	77 
2110	96 
2111	14 
2112	21 
2113	82 
2114	101 
2115	96 
2116	66 
2117	31 
2118	48 
2119	23 
2120	50 
2121	54 
2122	61 
2123	46 
2124	14 
2125	66 
2126	91 
2127	53 
2128	71 
2129	93 
2130	4 
2131	41 
2132	17 
2133	82 
2134	62 
2135	39 
2136	14 
2137	8 
2138	38 
2139	36 
2140	30 
2141	85 
2142	29 
2143	81 
2144	7 
2145	16 
2146	89 
2147	45 
2148	6 
2149	31 
2150	50 
2151	74 
2152	85 
2153	7 
2154	36 
2155	83 
2156	7 
2157	11 
2158	44 
2159	79 
2160	54 
2161	53 
2162	58 
2163	85 
2164	72 
2165	101 
2166	30 
2167	84 
2168	2 
2169	49 
2170	32 
2171	74 
2172	64 
2173	71 
2174	92 
2175	25 
2176	95 
2177	21 
2178	89 
2179	43 
2180	71 
2181	91 
2182	84 
2183	58 
2184	74 
2185	80 
2186	3 
2187	53 
2188	26 
2189	15 
2190	81 
2191	85 
2192	80 
2193	5 
2194	1 
2195	76 
2196	43 
2197	48 
2198	66 
2199	45 
2200	13 
2201	13 
2202	37 
2203	2 
2204	31 
2205	69 
2206	89 
2207	15 
2208	5 
2209	17 
2210	89 
2211	27 
2212	86 
2213	37 
2214	59 
2215	90 
2216	19 
2217	77 
2218	64 
2219	82 
2220	98 
2221	75 
2222	95 
2223	85 
2224	84 
2225	93 
2226	81 
2227	74 
2228	47 
2229	69 
2230	71 
2231	19 
2232	80 
2233	9 
2234	29 
2235	50 
2236	102 
2237	38 
2238	47 
2239	34 
2240	58 
2241	76 
2242	88 
2243	79 
2244	31 
2245	75 
2246	45 
2247	24 
2248	85 
2249	20 
2250	102 
2251	102 
2252	85 
2253	67 
2254	71 
2255	56 
2256	30 
2257	51 
2258	40 
2259	4 
2260	57 
2261	47 
2262	43 
2263	80 
2264	45 
2265	56 
2266	103 
2267	23 
2268	64 
2269	56 
2270	71 
2271	54 
2272	53 
2273	88 
2274	16 
2275	10 
2276	93 
2277	55 
2278	54 
2279	41 
2280	30 
2281	104 
2282	66 
2283	84 
2284	35 
2285	48 
2286	17 
2287	20 
2288	55 
2289	66 
2290	4 
2291	52 
2292	58 
2293	15 
2294	23 
2295	34 
2296	94 
2297	7 
2298	86 
2299	10 
2300	53 
2301	45 
2302	17 
2303	55 
2304	65 
2305	98 
2306	98 
2307	56 
2308	89 
2309	95 
2310	91 
2311	88 
2312	97 
2313	85 
2314	14 
2315	100 
2316	26 
2317	11 
2318	81 
2319	7 
2320	61 
2321	100 
2322	30 
2323	43 
2324	99 
2325	11 
2326	31 
2327	94 
2328	21 
2329	96 
2330	56 
2331	69 
2332	51 
2333	60 
2334	56 
2335	69 
2336	20 
2337	28 
2338	74 
2339	30 
2340	90 
2341	60 
2342	22 
2343	34 
2344	22 
2345	55 
2346	70 
2347	79 
2348	33 
2349	39 
2350	85 
2351	21 
2352	58 
2353	64 
2354	13 
2355	29 
2356	31 
2357	44 
2358	15 
2359	81 
2360	86 
2361	41 
2362	90 
2363	46 
2364	71 
2365	53 
2366	5 
2367	78 
2368	75 
2369	25 
2370	14 
2371	30 
2372	63 
2373	71 
2374	89 
2375	31 
2376	34 
2377	95 
2378	68 
2379	13 
2380	60 
2381	42 
2382	56 
2383	43 
2384	3 
2385	47 
2386	77 
2387	18 
2388	59 
2389	59 
2390	81 
2391	25 
2392	20 
2393	80 
2394	98 
2395	82 
2396	82 
2397	72 
2398	45 
2399	60 
2400	84 
2401	5 
2402	73 
2403	43 
2404	55 
2405	102 
2406	53 
2407	4 
2408	41 
2409	38 
2410	61 
2411	44 
2412	41 
2413	42 
2414	19 
2415	84 
2416	92 
2417	46 
2418	76 
2419	53 
2420	15 
2421	77 
2422	83 
2423	9 
2424	94 
2425	47 
2426	62 
2427	15 
2428	82 
2429	90 
2430	36 
2431	41 
2432	15 
2433	79 
2434	65 
2435	53 
2436	34 
2437	19 
2438	11 
2439	77 
2440	102 
2441	67 
2442	21 
2443	51 
2444	42 
2445	80 
2446	74 
2447	74 
2448	18 
2449	86 
2450	102 
2451	61 
2452	85 
2453	19 
2454	21 
2455	99 
2456	5 
2457	78 
2458	27 
2459	38 
2460	99 
2461	41 
2462	34 
2463	18 
2464	90 
2465	38 
2466	99 
2467	31 
2468	6 
2469	15 
2470	34 
2471	102 
2472	95 
2473	60 
2474	47 
2475	21 
2476	8 
2477	80 
2478	59 
2479	52 
2480	46 
2481	21 
2482	18 
2483	64 
2484	46 
2485	99 
2486	70 
2487	98 
2488	46 
2489	93 
2490	46 
2491	40 
2492	51 
2493	58 
2494	97 
2495	11 
2496	58 
2497	69 
2498	45 
2499	101 
2500	18 
2501	21 
2502	13 
2503	2 
2504	104 
2505	84 
2506	14 
2507	37 
2508	53 
2509	74 
2510	62 
2511	58 
2512	90 
2513	28 
2514	6 
2515	16 
2516	3 
2517	58 
2518	17 
2519	54 
2520	79 
2521	73 
2522	58 
2523	79 
2524	13 
2525	53 
2526	55 
2527	90 
2528	53 
2529	50 
2530	22 
2531	63 
2532	30 
2533	104 
2534	96 
2535	48 
2536	18 
2537	79 
2538	46 
2539	5 
2540	21 
2541	45 
2542	56 
2543	16 
2544	92 
2545	35 
2546	104 
2547	41 
2548	89 
2549	53 
2550	7 
2551	91 
2552	3 
2553	29 
2554	2 
2555	55 
2556	92 
2557	103 
2558	99 
2559	30 
2560	51 
2561	68 
2562	63 
2563	67 
2564	29 
2565	89 
2566	9 
2567	56 
2568	53 
2569	46 
2570	100 
2571	38 
2572	2 
2573	83 
2574	37 
2575	9 
2576	80 
2577	71 
2578	85 
2579	58 
2580	23 
2581	46 
2582	98 
2583	31 
2584	51 
2585	55 
2586	90 
2587	21 
2588	8 
2589	51 
2590	17 
2591	18 
2592	85 
2593	17 
2594	3 
2595	34 
2596	6 
2597	46 
2598	55 
2599	15 
2600	72 
2601	11 
2602	83 
2603	66 
2604	24 
2605	85 
2606	103 
2607	90 
2608	44 
2609	34 
2610	20 
2611	69 
2612	84 
2613	71 
2614	15 
2615	12 
2616	25 
2617	21 
2618	26 
2619	41 
2620	43 
2621	21 
2622	74 
2623	16 
2624	18 
2625	85 
2626	74 
2627	17 
2628	56 
2629	81 
2630	50 
2631	66 
2632	16 
2633	89 
2634	56 
2635	85 
2636	28 
2637	24 
2638	30 
2639	5 
2640	35 
2641	2 
2642	43 
2643	18 
2644	13 
2645	38 
2646	63 
2647	65 
2648	38 
2649	19 
2650	88 
2651	80 
2652	50 
2653	8 
2654	71 
2655	49 
2656	16 
2657	73 
2658	95 
2659	66 
2660	28 
2661	44 
2662	74 
2663	93 
2664	47 
2665	31 
2666	45 
2667	55 
2668	5 
2669	90 
2670	8 
2671	30 
2672	71 
2673	55 
2674	54 
2675	36 
2676	16 
2677	58 
2678	30 
2679	16 
2680	58 
2681	11 
2682	98 
2683	6 
2684	1 
2685	77 
2686	21 
2687	71 
2688	61 
2689	6 
2690	73 
2691	8 
2692	69 
2693	49 
2694	55 
2695	38 
2696	13 
2697	60 
2698	79 
2699	70 
2700	100 
2701	97 
2702	45 
2703	48 
2704	10 
2705	102 
2706	38 
2707	62 
2708	55 
2709	72 
2710	4 
2711	85 
2712	15 
2713	49 
2714	55 
2715	98 
2716	64 
2717	80 
2718	17 
2719	10 
2720	12 
2721	84 
2722	89 
2723	31 
2724	31 
2725	64 
2726	49 
2727	103 
2728	82 
2729	49 
2730	97 
2731	84 
2732	52 
2733	95 
2734	38 
2735	90 
2736	72 
2737	83 
2738	81 
2739	34 
2740	82 
2741	54 
2742	46 
2743	31 
2744	102 
2745	84 
2746	63 
2747	79 
2748	6 
2749	85 
2750	89 
2751	26 
2752	86 
2753	21 
2754	96 
2755	55 
2756	22 
2757	43 
2758	85 
2759	35 
2760	79 
2761	57 
2762	40 
2763	61 
2764	68 
2765	57 
2766	16 
2767	66 
2768	53 
2769	76 
2770	55 
2771	61 
2772	56 
2773	85 
2774	49 
2775	82 
2776	22 
2777	62 
2778	53 
2779	15 
2780	101 
2781	73 
2782	6 
2783	29 
2784	43 
2785	15 
2786	82 
2787	92 
2788	71 
2789	39 
2790	33 
2791	5 
2792	55 
2793	5 
2794	56 
2795	78 
2796	32 
2797	45 
2798	56 
2799	56 
2800	34 
2801	46 
2802	31 
2803	29 
2804	11 
2805	61 
2806	58 
2807	31 
2808	30 
2809	53 
2810	30 
2811	83 
2812	36 
2813	69 
2814	45 
2815	46 
2816	56 
2817	69 
2818	49 
2819	12 
2820	58 
2821	33 
2822	97 
2823	25 
2824	38 
2825	44 
2826	13 
2827	1 
2828	53 
2829	24 
2830	52 
2831	69 
2832	87 
2833	18 
2834	53 
2835	77 
2836	59 
2837	84 
2838	67 
2839	55 
2840	78 
2841	38 
2842	67 
2843	85 
2844	97 
2845	7 
2846	28 
2847	101 
2848	30 
2849	96 
2850	81 
2851	55 
2852	58 
2853	34 
2854	96 
2855	35 
2856	69 
2857	3 
2858	69 
2859	94 
2860	61 
2861	48 
2862	89 
2863	12 
2864	90 
2865	19 
2866	66 
2867	79 
2868	77 
2869	78 
2870	52 
2871	21 
2872	62 
2873	40 
2874	46 
2875	45 
2876	79 
2877	43 
2878	75 
2879	98 
2880	53 
2881	19 
2882	64 
2883	17 
2884	67 
2885	80 
2886	102 
2887	95 
2888	45 
2889	8 
2890	90 
2891	1 
2892	101 
2893	2 
2894	71 
2895	58 
2896	58 
2897	54 
2898	11 
2899	53 
2900	45 
2901	55 
2902	87 
2903	90 
2904	80 
2905	103 
2906	39 
2907	85 
2908	51 
2909	98 
2910	57 
2911	56 
2912	40 
2913	53 
2914	36 
2915	47 
2916	34 
2917	88 
2918	19 
2919	65 
2920	28 
2921	1 
2922	104 
2923	52 
2924	75 
2925	13 
2926	68 
2927	63 
2928	49 
2929	30 
2930	19 
2931	88 
2932	75 
2933	57 
2934	61 
2935	37 
2936	60 
2937	31 
2938	102 
2939	98 
2940	67 
2941	19 
2942	66 
2943	97 
2944	78 
2945	45 
2946	45 
2947	43 
2948	43 
2949	28 
2950	14 
2951	64 
2952	15 
2953	7 
2954	45 
2955	4 
2956	35 
2957	25 
2958	35 
2959	76 
2960	78 
2961	46 
2962	72 
2963	53 
2964	30 
2965	55 
2966	45 
2967	72 
2968	6 
2969	15 
2970	91 
2971	4 
2972	8 
2973	55 
2974	52 
2975	61 
2976	88 
2977	98 
2978	34 
2979	76 
2980	55 
2981	21 
2982	36 
2983	73 
2984	71 
2985	34 
2986	80 
2987	26 
2988	80 
2989	38 
2990	27 
2991	45 
2992	45 
2993	17 
2994	72 
2995	88 
2996	93 
2997	21 
2998	83 
2999	30 
3000	53 
3001	65 
3002	77 
3003	103 
3004	67 
3005	39 
3006	92 
3007	80 
3008	36 
3009	44 
3010	99 
3011	96 
3012	76 
3013	99 
3014	10 
3015	78 
3016	94 
3017	1 
3018	57 
3019	66 
3020	59 
3021	41 
3022	9 
3023	103 
3024	99 
3025	50 
3026	15 
3027	45 
3028	13 
3029	55 
3030	53 
3031	15 
3032	38 
3033	21 
3034	17 
3035	59 
3036	7 
3037	13 
3038	55 
3039	19 
3040	63 
3041	11 
3042	28 
3043	83 
3044	83 
3045	21 
3046	87 
3047	89 
3048	67 
3049	53 
3050	88 
3051	37 
3052	60 
3053	5 
3054	70 
3055	83 
3056	85 
3057	49 
3058	32 
3059	60 
3060	43 
3061	63 
3062	49 
3063	85 
3064	67 
3065	12 
3066	85 
3067	46 
3068	87 
3069	96 
3070	85 
3071	5 
3072	41 
3073	19 
3074	37 
3075	24 
3076	15 
3077	97 
3078	44 
3079	1 
3080	1 
3081	88 
3082	33 
3083	90 
3084	21 
3085	32 
3086	59 
3087	14 
3088	3 
3089	72 
3090	23 
3091	69 
3092	99 
3093	97 
3094	99 
3095	66 
3096	12 
3097	100 
3098	48 
3099	81 
3100	35 
3101	46 
3102	60 
3103	101 
3104	64 
3105	83 
3106	100 
3107	56 
3108	18 
3109	64 
3110	101 
3111	93 
3112	41 
3113	42 
3114	2 
3115	11 
3116	13 
3117	88 
3118	85 
3119	87 
3120	32 
3121	35 
3122	71 
3123	101 
3124	13 
3125	49 
3126	85 
3127	13 
3128	72 
3129	101 
3130	75 
3131	91 
3132	100 
3133	72 
3134	3 
3135	20 
3136	83 
3137	96 
3138	65 
3139	91 
3140	60 
3141	36 
3142	72 
3143	48 
3144	88 
3145	52 
3146	17 
3147	1 
3148	51 
3149	94 
3150	59 
3151	23 
3152	65 
3153	11 
3154	25 
3155	103 
3156	98 
3157	87 
3158	14 
3159	50 
3160	83 
3161	46 
3162	3 
3163	82 
3164	8 
3165	61 
3166	21 
3167	30 
3168	55 
3169	85 
3170	34 
3171	83 
3172	91 
3173	74 
3174	39 
3175	69 
3176	9 
3177	28 
3178	95 
3179	39 
3180	85 
3181	15 
3182	39 
3183	102 
3184	14 
3185	30 
3186	23 
3187	15 
3188	75 
3189	82 
3190	57 
3191	46 
3192	85 
3193	39 
3194	6 
3195	69 
3196	83 
3197	48 
3198	16 
3199	100 
3200	10 
3201	93 
3202	103 
3203	88 
3204	88 
3205	19 
3206	49 
3207	2 
3208	42 
3209	47 
3210	4 
3211	75 
3212	71 
3213	16 
3214	82 
3215	99 
3216	1 
3217	1 
3218	17 
3219	69 
3220	66 
3221	102 
3222	21 
3223	59 
3224	24 
3225	30 
3226	50 
3227	87 
3228	79 
3229	52 
3230	31 
3231	102 
3232	3 
3233	8 
3234	16 
3235	85 
3236	77 
3237	16 
3238	64 
3239	76 
3240	41 
3241	81 
3242	13 
3243	31 
3244	37 
3245	38 
3246	76 
3247	31 
3248	41 
3249	19 
3250	75 
3251	82 
3252	32 
3253	21 
3254	38 
3255	93 
3256	30 
3257	12 
3258	102 
3259	49 
3260	45 
3261	18 
3262	83 
3263	19 
3264	23 
3265	8 
3266	69 
3267	30 
3268	35 
3269	43 
3270	39 
3271	25 
3272	63 
3273	41 
3274	20 
3275	102 
3276	89 
3277	19 
3278	33 
3279	63 
3280	90 
3281	25 
3282	93 
3283	58 
3284	41 
3285	63 
3286	20 
3287	6 
3288	59 
3289	63 
3290	63 
3291	58 
3292	80 
3293	65 
3294	41 
3295	25 
3296	46 
3297	21 
3298	95 
3299	59 
3300	76 
3301	83 
3302	83 
3303	48 
3304	21 
3305	100 
3306	80 
3307	37 
3308	34 
3309	16 
3310	80 
3311	30 
3312	96 
3313	34 
3314	71 
3315	75 
3316	61 
3317	16 
3318	55 
3319	86 
3320	30 
3321	88 
3322	58 
3323	19 
3324	45 
3325	104 
3326	99 
3327	1 
3328	71 
3329	45 
3330	37 
3331	73 
3332	94 
3333	30 
3334	2 
3335	47 
3336	104 
3337	46 
3338	98 
3339	77 
3340	15 
3341	48 
3342	75 
3343	67 
3344	26 
3345	52 
3346	102 
3347	80 
3348	12 
3349	10 
3350	2 
3351	31 
3352	23 
3353	10 
3354	18 
3355	84 
3356	79 
3357	30 
3358	51 
3359	13 
3360	34 
3361	56 
3362	31 
3363	72 
3364	71 
3365	45 
3366	103 
3367	45 
3368	58 
3369	36 
3370	89 
3371	50 
3372	62 
3373	13 
3374	40 
3375	2 
3376	64 
3377	61 
3378	46 
3379	72 
3380	5 
3381	101 
3382	19 
3383	7 
3384	46 
3385	36 
3386	21 
3387	3 
3388	30 
3389	43 
3390	74 
3391	19 
3392	43 
3393	88 
3394	16 
3395	37 
3396	69 
3397	43 
3398	84 
3399	31 
3400	61 
3401	53 
3402	79 
3403	41 
3404	27 
3405	92 
3406	57 
3407	37 
3408	63 
3409	92 
3410	56 
3411	35 
3412	72 
3413	96 
3414	20 
3415	55 
3416	85 
3417	73 
3418	59 
3419	98 
3420	53 
3421	40 
3422	38 
3423	77 
3424	83 
3425	26 
3426	30 
3427	57 
3428	49 
3429	47 
3430	36 
3431	104 
3432	56 
3433	90 
3434	72 
3435	60 
3436	23 
3437	97 
3438	5 
3439	57 
3440	75 
3441	62 
3442	100 
3443	34 
3444	52 
3445	72 
3446	45 
3447	91 
3448	73 
3449	61 
3450	47 
3451	7 
3452	41 
3453	45 
3454	39 
3455	41 
3456	29 
3457	42 
3458	84 
3459	80 
3460	90 
3461	12 
3462	85 
3463	53 
3464	48 
3465	103 
3466	84 
3467	101 
3468	18 
3469	89 
3470	64 
3471	98 
3472	21 
3473	77 
3474	13 
3475	98 
3476	19 
3477	9 
3478	69 
3479	51 
3480	81 
3481	37 
3482	81 
3483	58 
3484	15 
3485	59 
3486	97 
3487	66 
3488	82 
3489	84 
3490	83 
3491	6 
3492	80 
3493	21 
3494	50 
3495	55 
3496	34 
3497	48 
3498	62 
3499	96 
3500	55 
3501	100 
3502	90 
3503	70 
3504	77 
3505	4 
3506	45 
3507	59 
3508	75 
3509	97 
3510	24 
3511	15 
3512	79 
3513	14 
3514	31 
3515	10 
3516	10 
3517	64 
3518	71 
3519	6 
3520	79 
3521	88 
3522	19 
3523	59 
3524	15 
3525	43 
3526	104 
3527	65 
3528	14 
3529	36 
3530	27 
3531	45 
3532	70 
3533	30 
3534	25 
3535	51 
3536	93 
3537	1 
3538	15 
3539	72 
3540	21 
3541	6 
3542	34 
3543	15 
3544	47 
3545	84 
3546	66 
3547	47 
3548	16 
3549	15 
3550	15 
3551	58 
3552	31 
3553	71 
3554	15 
3555	34 
3556	7 
3557	61 
3558	44 
3559	53 
3560	60 
3561	29 
3562	2 
3563	50 
3564	4 
3565	5 
3566	83 
3567	15 
3568	14 
3569	79 
3570	33 
3571	30 
3572	33 
3573	67 
3574	89 
3575	18 
3576	45 
3577	6 
3578	43 
3579	33 
3580	38 
3581	3 
3582	42 
3583	88 
3584	7 
3585	17 
3586	26 
3587	45 
3588	55 
3589	79 
3590	80 
3591	33 
3592	56 
3593	12 
3594	33 
3595	34 
3596	4 
3597	69 
3598	85 
3599	102 
3600	56 
3601	56 
3602	74 
3603	43 
3604	39 
3605	21 
3606	88 
3607	80 
3608	75 
3609	32 
3610	88 
3611	49 
3612	91 
3613	32 
3614	70 
3615	73 
3616	60 
3617	94 
3618	45 
3619	16 
3620	32 
3621	64 
3622	88 
3623	94 
3624	61 
3625	98 
3626	66 
3627	103 
3628	53 
3629	36 
3630	85 
3631	84 
3632	72 
3633	40 
3634	83 
3635	38 
3636	91 
3637	38 
3638	95 
3639	2 
3640	47 
3641	64 
3642	61 
3643	20 
3644	49 
3645	31 
3646	44 
3647	2 
3648	41 
3649	50 
3650	6 
3651	38 
3652	53 
3653	47 
3654	22 
3655	41 
3656	14 
3657	78 
3658	8 
3659	45 
3660	18 
3661	60 
3662	39 
3663	33 
3664	102 
3665	15 
3666	79 
3667	79 
3668	50 
3669	9 
3670	94 
3671	97 
3672	53 
3673	10 
3674	79 
3675	9 
3676	16 
3677	66 
3678	3 
3679	95 
3680	9 
3681	57 
3682	56 
3683	68 
3684	86 
3685	20 
3686	58 
3687	84 
3688	38 
3689	37 
3690	42 
3691	95 
3692	85 
3693	16 
3694	4 
3695	67 
3696	66 
3697	89 
3698	66 
3699	6 
3700	72 
3701	58 
3702	69 
3703	49 
3704	61 
3705	32 
3706	78 
3707	103 
3708	54 
3709	12 
3710	31 
3711	11 
3712	47 
3713	103 
3714	90 
3715	50 
3716	44 
3717	75 
3718	77 
3719	53 
3720	69 
3721	69 
3722	67 
3723	45 
3724	15 
3725	41 
3726	70 
3727	59 
3728	13 
3729	61 
3730	33 
3731	43 
3732	92 
3733	16 
3734	38 
3735	85 
3736	93 
3737	11 
3738	64 
3739	59 
3740	21 
3741	71 
3742	58 
3743	62 
3744	41 
3745	89 
3746	47 
3747	50 
3748	54 
3749	80 
3750	82 
3751	81 
3752	72 
3753	30 
3754	19 
3755	41 
3756	61 
3757	80 
3758	50 
3759	48 
3760	46 
3761	63 
3762	45 
3763	56 
3764	58 
3765	88 
3766	75 
3767	104 
3768	56 
3769	68 
3770	54 
3771	52 
3772	51 
3773	49 
3774	79 
3775	74 
3776	21 
3777	50 
3778	86 
3779	34 
3780	93 
3781	91 
3782	61 
3783	48 
3784	86 
3785	15 
3786	52 
3787	91 
3788	83 
3789	38 
3790	45 
3791	15 
3792	68 
3793	74 
3794	39 
3795	38 
3796	85 
3797	67 
3798	62 
3799	76 
3800	71 
3801	89 
3802	80 
3803	34 
3804	37 
3805	49 
3806	84 
3807	78 
3808	45 
3809	18 
3810	62 
3811	55 
3812	79 
3813	48 
3814	65 
3815	38 
3816	19 
3817	17 
3818	62 
3819	56 
3820	11 
3821	18 
3822	57 
3823	56 
3824	34 
3825	32 
3826	74 
3827	31 
3828	80 
3829	71 
3830	80 
3831	61 
3832	21 
3833	61 
3834	85 
3835	56 
3836	46 
3837	104 
3838	75 
3839	32 
3840	19 
3841	45 
3842	14 
3843	41 
3844	58 
3845	9 
3846	12 
3847	38 
3848	104 
3849	96 
3850	10 
3851	68 
3852	49 
3853	7 
3854	7 
3855	87 
3856	61 
3857	4 
3858	79 
3859	60 
3860	57 
3861	71 
3862	73 
3863	8 
3864	76 
3865	54 
3866	22 
3867	26 
3868	18 
3869	46 
3870	18 
3871	80 
3872	88 
3873	16 
3874	70 
3875	47 
3876	7 
3877	4 
3878	59 
3879	95 
3880	57 
3881	61 
3882	11 
3883	14 
3884	15 
3885	101 
3886	10 
3887	80 
3888	64 
3889	17 
3890	88 
3891	93 
3892	60 
3893	56 
3894	64 
3895	103 
3896	97 
3897	69 
3898	92 
3899	75 
3900	60 
3901	84 
3902	14 
3903	46 
3904	88 
3905	30 
3906	59 
3907	103 
3908	14 
3909	63 
3910	86 
3911	32 
3912	39 
3913	104 
3914	4 
3915	103 
3916	7 
3917	32 
3918	15 
3919	102 
3920	23 
3921	9 
3922	90 
3923	60 
3924	103 
3925	9 
3926	80 
3927	34 
3928	7 
3929	87 
3930	74 
3931	13 
3932	53 
3933	66 
3934	15 
3935	81 
3936	55 
3937	76 
3938	80 
3939	52 
3940	39 
3941	82 
3942	17 
3943	19 
3944	49 
3945	2 
3946	102 
3947	38 
3948	30 
3949	85 
3950	38 
3951	64 
3952	53 
3953	23 
3954	26 
3955	80 
3956	8 
3957	85 
3958	9 
3959	82 
3960	5 
3961	103 
3962	7 
3963	18 
3964	87 
3965	86 
3966	56 
3967	35 
3968	47 
3969	80 
3970	75 
3971	41 
3972	49 
3973	43 
3974	21 
3975	45 
3976	18 
3977	93 
3978	9 
3979	33 
3980	63 
3981	35 
3982	102 
3983	6 
3984	68 
3985	72 
3986	87 
3987	13 
3988	91 
3989	53 
3990	66 
3991	95 
3992	66 
3993	15 
3994	64 
3995	45 
3996	34 
3997	49 
3998	64 
3999	16 
4000	59 
4001	44 
4002	61 
4003	7 
4004	52 
4005	95 
4006	57 
4007	75 
4008	84 
4009	7 
4010	53 
4011	39 
4012	71 
4013	44 
4014	82 
4015	72 
4016	34 
4017	59 
4018	47 
4019	15 
4020	104 
4021	37 
4022	79 
4023	60 
4024	11 
4025	67 
4026	82 
4027	11 
4028	18 
4029	51 
4030	46 
4031	19 
4032	48 
4033	15 
4034	87 
4035	55 
4036	98 
4037	64 
4038	43 
4039	47 
4040	14 
4041	84 
4042	37 
4043	84 
4044	43 
4045	11 
4046	84 
4047	31 
4048	63 
4049	92 
4050	43 
4051	98 
4052	4 
4053	35 
4054	44 
4055	7 
4056	43 
4057	45 
4058	30 
4059	85 
4060	82 
4061	35 
4062	79 
4063	101 
4064	58 
4065	34 
4066	17 
4067	41 
4068	30 
4069	95 
4070	34 
4071	75 
4072	37 
4073	5 
4074	56 
4075	67 
4076	97 
4077	30 
4078	97 
4079	38 
4080	56 
4081	33 
4082	60 
4083	45 
4084	89 
4085	30 
4086	2 
4087	2 
4088	85 
4089	45 
4090	30 
4091	89 
4092	45 
4093	14 
4094	39 
4095	102 
4096	66 
4097	49 
4098	17 
4099	34 
4100	93 
4101	81 
4102	53 
4103	50 
4104	101 
4105	37 
4106	78 
4107	69 
4108	19 
4109	92 
4110	37 
4111	58 
4112	92 
4113	67 
4114	101 
4115	103 
4116	50 
4117	104 
4118	102 
4119	95 
4120	103 
4121	28 
4122	74 
4123	53 
4124	102 
4125	93 
4126	92 
4127	82 
4128	21 
4129	45 
4130	47 
4131	76 
4132	80 
4133	41 
4134	50 
4135	75 
4136	33 
4137	52 
4138	51 
4139	61 
4140	79 
4141	2 
4142	53 
4143	50 
4144	43 
4145	28 
4146	53 
4147	75 
4148	84 
4149	18 
4150	50 
4151	72 
4152	103 
4153	3 
4154	92 
4155	13 
4156	72 
4157	11 
4158	83 
4159	37 
4160	80 
4161	8 
4162	17 
4163	102 
4164	90 
4165	56 
4166	4 
4167	34 
4168	81 
4169	3 
4170	90 
4171	63 
4172	28 
4173	21 
4174	14 
4175	30 
4176	92 
4177	17 
4178	76 
4179	14 
4180	38 
4181	49 
4182	84 
4183	78 
4184	53 
4185	38 
4186	5 
4187	82 
4188	78 
4189	84 
4190	75 
4191	28 
4192	46 
4193	50 
4194	3 
4195	33 
4196	102 
4197	66 
4198	69 
4199	102 
4200	64 
4201	11 
4202	59 
4203	90 
4204	101 
4205	43 
4206	18 
4207	84 
4208	55 
4209	71 
4210	7 
4211	19 
4212	2 
4213	69 
4214	2 
4215	45 
4216	30 
4217	85 
4218	46 
4219	35 
4220	6 
4221	85 
4222	64 
4223	13 
4224	62 
4225	56 
4226	34 
4227	46 
4228	49 
4229	85 
4230	21 
4231	13 
4232	11 
4233	53 
4234	14 
4235	33 
4236	11 
4237	84 
4238	19 
4239	92 
4240	55 
4241	53 
4242	43 
4243	74 
4244	2 
4245	76 
4246	18 
4247	3 
4248	72 
4249	67 
4250	60 
4251	85 
4252	80 
4253	56 
4254	80 
4255	81 
4256	4 
4257	31 
4258	103 
4259	33 
4260	15 
4261	50 
4262	76 
4263	7 
4264	90 
4265	89 
4266	84 
4267	71 
4268	38 
4269	19 
4270	34 
4271	85 
4272	32 
4273	32 
4274	76 
4275	46 
4276	34 
4277	85 
4278	5 
4279	90 
4280	17 
4281	89 
4282	76 
4283	19 
4284	32 
4285	31 
4286	101 
4287	39 
4288	33 
4289	67 
4290	46 
4291	15 
4292	104 
4293	49 
4294	88 
4295	16 
4296	90 
4297	63 
4298	98 
4299	56 
4300	55 
4301	92 
4302	57 
4303	19 
4304	15 
4305	11 
4306	81 
4307	103 
4308	78 
4309	83 
4310	35 
4311	60 
4312	28 
4313	49 
4314	89 
4315	85 
4316	67 
4317	75 
4318	102 
4319	92 
4320	89 
4321	8 
4322	71 
4323	52 
4324	45 
4325	41 
4326	63 
4327	84 
4328	30 
4329	58 
4330	84 
4331	53 
4332	17 
4333	79 
4334	85 
4335	15 
4336	69 
4337	17 
4338	28 
4339	30 
4340	85 
4341	49 
4342	55 
4343	57 
4344	90 
4345	103 
4346	45 
4347	92 
4348	71 
4349	78 
4350	71 
4351	41 
4352	38 
4353	35 
4354	90 
4355	63 
4356	61 
4357	31 
4358	103 
4359	84 
4360	103 
4361	57 
4362	90 
4363	30 
4364	15 
4365	6 
4366	34 
4367	13 
4368	71 
4369	8 
4370	74 
4371	46 
4372	55 
4373	88 
4374	90 
4375	66 
4376	13 
4377	102 
4378	18 
4379	43 
4380	104 
4381	84 
4382	71 
4383	55 
4384	17 
4385	53 
4386	102 
4387	28 
4388	63 
4389	46 
4390	82 
4391	8 
4392	49 
4393	82 
4394	80 
4395	35 
4396	64 
4397	56 
4398	76 
4399	61 
4400	92 
4401	6 
4402	69 
4403	98 
4404	50 
4405	72 
4406	84 
4407	21 
4408	103 
4409	98 
4410	46 
4411	79 
4412	57 
4413	102 
4414	30 
4415	6 
4416	44 
4417	76 
4418	17 
4419	49 
4420	9 
4421	60 
4422	72 
4423	13 
4424	75 
4425	103 
4426	58 
4427	44 
4428	15 
4429	44 
4430	92 
4431	30 
4432	56 
4433	18 
4434	38 
4435	82 
4436	58 
4437	2 
4438	41 
4439	98 
4440	41 
4441	43 
4442	35 
4443	13 
4444	61 
4445	92 
4446	49 
4447	64 
4448	74 
4449	83 
4450	28 
4451	35 
4452	17 
4453	88 
4454	84 
4455	102 
4456	15 
4457	101 
4458	30 
4459	50 
4460	16 
4461	88 
4462	89 
4463	15 
4464	82 
4465	44 
4466	15 
4467	30 
4468	16 
4469	66 
4470	98 
4471	45 
4472	66 
4473	16 
4474	14 
4475	63 
4476	79 
4477	75 
4478	32 
4479	38 
4480	83 
4481	79 
4482	31 
4483	28 
4484	19 
4485	32 
4486	102 
4487	53 
4488	51 
4489	56 
4490	43 
4491	64 
4492	14 
4493	35 
4494	84 
4495	30 
4496	80 
4497	104 
4498	45 
4499	76 
4500	14 
4501	43 
4502	63 
4503	101 
4504	21 
4505	82 
4506	58 
4507	80 
4508	56 
4509	58 
4510	60 
4511	80 
4512	18 
4513	5 
4514	46 
4515	11 
4516	17 
4517	72 
4518	61 
4519	64 
4520	19 
4521	51 
4522	21 
4523	85 
4524	59 
4525	16 
4526	80 
4527	71 
4528	13 
4529	15 
4530	84 
4531	21 
4532	71 
4533	84 
4534	19 
4535	45 
4536	84 
4537	104 
4538	83 
4539	52 
4540	19 
4541	55 
4542	82 
4543	74 
4544	50 
4545	38 
4546	6 
4547	44 
4548	57 
4549	17 
4550	55 
4551	15 
4552	55 
4553	46 
4554	76 
4555	15 
4556	14 
4557	80 
4558	79 
4559	85 
4560	17 
4561	35 
4562	80 
4563	45 
4564	13 
4565	103 
4566	90 
4567	34 
4568	85 
4569	18 
4570	61 
4571	44 
4572	11 
4573	15 
4574	53 
4575	76 
4576	69 
4577	57 
4578	53 
4579	34 
4580	64 
4581	104 
4582	55 
4583	33 
4584	63 
4585	46 
4586	45 
4587	89 
4588	71 
4589	71 
4590	84 
4591	31 
4592	46 
4593	45 
4594	11 
4595	43 
4596	102 
4597	34 
4598	74 
4599	44 
4600	85 
4601	28 
4602	102 
4603	16 
4604	21 
4605	38 
4606	61 
4607	80 
4608	21 
4609	2 
4610	49 
4611	14 
4612	64 
4613	85 
4614	64 
4615	35 
4616	32 
4617	79 
4618	61 
4619	5 
4620	66 
4621	46 
4622	7 
4623	30 
4624	45 
4625	82 
4626	72 
4627	103 
4628	16 
4629	53 
4630	53 
4631	28 
4632	21 
4633	82 
4634	61 
4635	83 
4636	53 
4637	90 
4638	7 
4639	50 
4640	35 
4641	82 
4642	103 
4643	66 
4644	57 
4645	50 
4646	21 
4647	38 
4648	14 
4649	56 
4650	80 
4651	56 
4652	84 
4653	5 
4654	72 
4655	44 
4656	15 
4657	71 
4658	84 
4659	71 
4660	13 
4661	43 
4662	83 
4663	90 
4664	60 
4665	14 
4666	53 
4667	66 
4668	17 
4669	75 
4670	34 
4671	90 
4672	59 
4673	84 
4674	11 
4675	71 
4676	88 
4677	80 
4678	38 
4679	61 
4680	53 
4681	14 
4682	89 
4683	102 
4684	89 
4685	19 
4686	13 
4687	66 
4688	89 
4689	45 
4690	57 
4691	88 
4692	69 
4693	21 
4694	72 
4695	31 
4696	21 
4697	53 
4698	64 
4699	61 
4700	61 
4701	75 
4702	84 
4703	55 
4704	13 
4705	13 
4706	61 
4707	38 
4708	71 
4709	38 
4710	17 
4711	49 
4712	83 
4713	56 
4714	71 
4715	16 
4716	14 
4717	80 
4718	17 
4719	13 
4720	63 
4721	44 
4722	31 
4723	49 
4724	61 
4725	71 
4726	16 
4727	14 
4728	66 
4729	31 
4730	82 
4731	59 
4732	30 
4733	50 
4734	44 
4735	80 
4736	88 
4737	21 
4738	82 
4739	72 
4740	41 
4741	17 
4742	90 
4743	85 
4744	84 
4745	90 
4746	90 
4747	90 
4748	13 
4749	53 
4750	44 
4751	31 
4752	66 
4753	55 
4754	79 
4755	69 
4756	80 
4757	66 
4758	50 
4759	15 
4760	80 
4761	71 
4762	21 
4763	49 
4764	61 
4765	13 
4766	31 
4767	102 
4768	58 
4769	56 
4770	30 
4771	61 
4772	82 
4773	72 
4774	102 
4775	13 
4776	16 
4777	69 
4778	72 
4779	63 
4780	89 
4781	34 
4782	31 
4783	103 
4784	58 
4785	44 
4786	72 
4787	41 
4788	14 
4789	53 
4790	85 
4791	43 
4792	55 
4793	61 
4794	19 
4795	13 
4796	30 
4797	63 
4798	13 
4799	30 
4800	57 
4801	46 
4802	19 
4803	56 
4804	38 
4805	49 
4806	60 
4807	58 
4808	88 
4809	80 
4810	15 
4811	80 
4812	83 
4813	83 
4814	83 
4815	46 
4816	19 
4817	31 
4818	16 
4819	16 
4820	17 
4821	14 
4822	84 
4823	55 
4824	53 
4825	13 
4826	21 
4827	41 
4828	69 
4829	17 
4830	41 
4831	31 
4832	56 
4833	90 
4834	38 
4835	53 
4836	60 
4837	69 
4838	43 
4839	55 
4840	38 
4841	56 
4842	31 
4843	83 
4844	64 
4845	88 
4846	60 
4847	66 
4848	71 
4849	45 
4850	66 
4851	83 
4852	15 
4853	31 
4854	66 
4855	14 
4856	17 
4857	43 
4858	16 
4859	31 
4860	13 
4861	17 
4862	83 
4863	41 
4864	56 
4865	102 
4866	53 
4867	55 
4868	58 
4869	80 
4870	13 
4871	16 
4872	61 
4873	49 
4874	83 
4875	17 
4876	21 
4877	103 
4878	53 
4879	102 
4880	14 
4881	38 
4882	60 
4883	85 
4884	19 
4885	15 
4886	19 
4887	21 
4888	46 
4889	85 
4890	34 
4891	13 
4892	21 
4893	38 
4894	55 
4895	43 
4896	84 
4897	50 
4898	84 
4899	13 
4900	21 
4901	66 
4902	64 
4903	17 
4904	84 
4905	15 
4906	14 
4907	66 
4908	66 
4909	66 
4910	41 
4911	34 
4912	102 
4913	53 
4914	21 
4915	14 
4916	66 
4917	13 
4918	83 
4919	60 
4920	102 
4921	84 
4922	15 
4923	58 
4924	58 
4925	30 
4926	41 
4927	58 
4928	38 
4929	21 
4930	64 
4931	50 
4932	30 
4933	49 
4934	66 
4935	34 
4936	84 
4937	38 
4938	34 
4939	85 
4940	13 
4941	71 
4942	46 
4943	60 
4944	49 
4945	90 
4946	46 
4947	69 
4948	56 
4949	71 
4950	56 
4951	56 
4952	56 
4953	21 
4954	30 
4955	46 
4956	15 
4957	50 
4958	85 
4959	46 
4960	56 
4961	55 
4962	85 
4963	31 
4964	50 
4965	17 
4966	61 
4967	61 
4968	34 
4969	71 
4970	85 
4971	46 
4972	50 
4973	46 
4974	46 
4975	45 
4976	45 
4977	41 
4978	19 
4979	50 
4980	69 
4981	69 
4982	71 
4983	85 
4984	61 
4985	21 
4986	46 
4987	19 
4988	13 
4989	15 
4990	80 
4991	85 
4992	84 
4993	84 
4994	50 
4995	31 
4996	30 
4997	38 
4998	13 
4999	71 
5000	69 
