1	1 
2	33 
3	40 
4	40 
5	30 
6	15 
7	8 
8	40 
9	32 
10	35 
11	36 
12	1 
13	11 
14	42 
15	1 
16	11 
17	16 
18	25 
19	42 
20	11 
21	8 
22	1 
23	16 
24	3 
25	11 
26	8 
27	41 
28	37 
29	41 
30	31 
31	30 
32	11 
33	1 
34	8 
35	3 
36	35 
37	8 
38	30 
39	32 
40	5 
41	22 
42	37 
43	32 
44	40 
45	16 
46	5 
47	11 
48	1 
49	17 
50	40 
51	14 
52	1 
53	42 
54	40 
55	8 
56	23 
57	8 
58	30 
59	7 
60	1 
61	36 
62	12 
63	11 
64	40 
65	21 
66	11 
67	30 
68	11 
69	11 
70	42 
71	36 
72	1 
73	11 
74	8 
75	1 
76	10 
77	34 
78	8 
79	2 
80	23 
81	11 
82	23 
83	42 
84	21 
85	30 
86	42 
87	39 
88	11 
89	35 
90	32 
91	12 
92	30 
93	42 
94	30 
95	30 
96	1 
97	16 
98	30 
99	42 
100	11 
101	23 
102	11 
103	11 
104	1 
105	8 
106	30 
107	12 
108	13 
109	8 
110	40 
111	8 
112	42 
113	10 
114	3 
115	21 
116	1 
117	11 
118	18 
119	40 
120	42 
121	30 
122	35 
123	38 
124	42 
125	12 
126	3 
127	11 
128	8 
129	31 
130	40 
131	42 
132	3 
133	40 
134	42 
135	1 
136	41 
137	42 
138	14 
139	19 
140	30 
141	42 
142	11 
143	1 
144	38 
145	15 
146	6 
147	11 
148	6 
149	11 
150	28 
151	30 
152	42 
153	21 
154	17 
155	12 
156	23 
157	42 
158	11 
159	1 
160	36 
161	22 
162	10 
163	23 
164	26 
165	11 
166	3 
167	43 
168	40 
169	11 
170	30 
171	34 
172	3 
173	22 
174	3 
175	11 
176	8 
177	17 
178	8 
179	11 
180	8 
181	1 
182	11 
183	5 
184	1 
185	38 
186	10 
187	40 
188	40 
189	11 
190	13 
191	1 
192	1 
193	2 
194	8 
195	36 
196	3 
197	23 
198	29 
199	25 
200	26 
201	10 
202	6 
203	40 
204	8 
205	3 
206	42 
207	8 
208	30 
209	15 
210	8 
211	21 
212	1 
213	5 
214	40 
215	22 
216	1 
217	34 
218	17 
219	1 
220	11 
221	15 
222	8 
223	15 
224	34 
225	30 
226	28 
227	40 
228	32 
229	42 
230	12 
231	30 
232	3 
233	38 
234	1 
235	11 
236	3 
237	23 
238	15 
239	2 
240	22 
241	38 
242	2 
243	1 
244	36 
245	1 
246	27 
247	11 
248	3 
249	36 
250	10 
251	30 
252	36 
253	35 
254	22 
255	6 
256	35 
257	30 
258	11 
259	1 
260	11 
261	42 
262	2 
263	12 
264	36 
265	23 
266	3 
267	1 
268	23 
269	11 
270	14 
271	40 
272	11 
273	36 
274	19 
275	3 
276	14 
277	12 
278	36 
279	3 
280	22 
281	30 
282	13 
283	1 
284	11 
285	42 
286	35 
287	2 
288	11 
289	23 
290	7 
291	42 
292	25 
293	14 
294	11 
295	35 
296	42 
297	21 
298	33 
299	42 
300	8 
301	42 
302	3 
303	1 
304	8 
305	11 
306	8 
307	8 
308	36 
309	36 
310	23 
311	11 
312	8 
313	7 
314	5 
315	42 
316	11 
317	16 
318	38 
319	13 
320	40 
321	11 
322	23 
323	2 
324	5 
325	1 
326	13 
327	35 
328	24 
329	20 
330	34 
331	1 
332	8 
333	5 
334	8 
335	38 
336	1 
337	8 
338	39 
339	3 
340	30 
341	11 
342	30 
343	30 
344	1 
345	30 
346	8 
347	36 
348	30 
349	9 
350	36 
351	23 
352	13 
353	30 
354	40 
355	22 
356	26 
357	23 
358	22 
359	8 
360	40 
361	17 
362	41 
363	21 
364	36 
365	40 
366	1 
367	23 
368	40 
369	8 
370	30 
371	30 
372	1 
373	36 
374	42 
375	1 
376	12 
377	13 
378	2 
379	11 
380	14 
381	18 
382	24 
383	3 
384	35 
385	11 
386	30 
387	12 
388	8 
389	42 
390	3 
391	3 
392	12 
393	11 
394	8 
395	15 
396	1 
397	26 
398	8 
399	24 
400	8 
401	40 
402	5 
403	33 
404	42 
405	3 
406	4 
407	3 
408	11 
409	40 
410	14 
411	30 
412	27 
413	16 
414	38 
415	3 
416	5 
417	40 
418	22 
419	3 
420	11 
421	21 
422	11 
423	12 
424	1 
425	8 
426	8 
427	12 
428	1 
429	8 
430	36 
431	12 
432	8 
433	10 
434	3 
435	22 
436	1 
437	36 
438	42 
439	3 
440	5 
441	8 
442	8 
443	19 
444	39 
445	35 
446	40 
447	11 
448	5 
449	36 
450	43 
451	21 
452	12 
453	12 
454	5 
455	11 
456	16 
457	42 
458	30 
459	8 
460	30 
461	8 
462	20 
463	23 
464	35 
465	36 
466	8 
467	36 
468	35 
469	30 
470	35 
471	11 
472	40 
473	1 
474	5 
475	1 
476	36 
477	1 
478	36 
479	40 
480	36 
481	3 
482	10 
483	42 
484	3 
485	23 
486	42 
487	36 
488	11 
489	19 
490	13 
491	42 
492	30 
493	36 
494	12 
495	8 
496	36 
497	8 
498	11 
499	11 
500	8 
501	24 
502	36 
503	21 
504	36 
505	6 
506	5 
507	37 
508	22 
509	18 
510	8 
511	36 
512	30 
513	40 
514	1 
515	34 
516	42 
517	10 
518	42 
519	12 
520	16 
521	2 
522	13 
523	8 
524	29 
525	40 
526	22 
527	1 
528	23 
529	21 
530	3 
531	30 
532	13 
533	14 
534	12 
535	12 
536	36 
537	40 
538	40 
539	42 
540	33 
541	42 
542	42 
543	28 
544	8 
545	42 
546	8 
547	11 
548	30 
549	42 
550	8 
551	8 
552	42 
553	30 
554	11 
555	40 
556	3 
557	8 
558	10 
559	3 
560	11 
561	1 
562	34 
563	42 
564	1 
565	3 
566	6 
567	15 
568	8 
569	32 
570	30 
571	12 
572	39 
573	11 
574	8 
575	3 
576	23 
577	22 
578	30 
579	12 
580	1 
581	40 
582	22 
583	8 
584	40 
585	42 
586	3 
587	8 
588	22 
589	11 
590	22 
591	8 
592	20 
593	11 
594	22 
595	42 
596	8 
597	35 
598	30 
599	36 
600	13 
601	22 
602	8 
603	17 
604	1 
605	11 
606	1 
607	15 
608	3 
609	35 
610	12 
611	6 
612	17 
613	17 
614	30 
615	11 
616	3 
617	3 
618	1 
619	33 
620	12 
621	22 
622	40 
623	42 
624	35 
625	22 
626	27 
627	11 
628	12 
629	7 
630	40 
631	35 
632	8 
633	22 
634	5 
635	30 
636	17 
637	34 
638	30 
639	11 
640	5 
641	8 
642	2 
643	21 
644	36 
645	42 
646	8 
647	36 
648	42 
649	42 
650	8 
651	1 
652	1 
653	11 
654	35 
655	18 
656	11 
657	35 
658	11 
659	28 
660	11 
661	1 
662	8 
663	36 
664	40 
665	1 
666	42 
667	40 
668	23 
669	8 
670	3 
671	6 
672	8 
673	1 
674	40 
675	8 
676	8 
677	35 
678	22 
679	30 
680	1 
681	8 
682	35 
683	42 
684	8 
685	40 
686	8 
687	29 
688	35 
689	35 
690	16 
691	30 
692	8 
693	40 
694	3 
695	3 
696	4 
697	17 
698	11 
699	8 
700	11 
701	30 
702	1 
703	30 
704	1 
705	36 
706	42 
707	30 
708	8 
709	11 
710	22 
711	11 
712	12 
713	3 
714	40 
715	2 
716	42 
717	28 
718	23 
719	11 
720	11 
721	1 
722	2 
723	21 
724	30 
725	35 
726	8 
727	12 
728	3 
729	11 
730	11 
731	40 
732	17 
733	38 
734	11 
735	35 
736	11 
737	28 
738	42 
739	24 
740	11 
741	36 
742	11 
743	1 
744	12 
745	27 
746	11 
747	1 
748	3 
749	8 
750	18 
751	11 
752	35 
753	42 
754	12 
755	5 
756	36 
757	3 
758	3 
759	39 
760	36 
761	8 
762	12 
763	6 
764	11 
765	30 
766	12 
767	37 
768	32 
769	11 
770	40 
771	36 
772	40 
773	42 
774	11 
775	30 
776	21 
777	39 
778	11 
779	17 
780	10 
781	13 
782	11 
783	11 
784	8 
785	26 
786	11 
787	31 
788	1 
789	42 
790	20 
791	36 
792	23 
793	6 
794	35 
795	40 
796	14 
797	3 
798	36 
799	11 
800	11 
801	12 
802	14 
803	8 
804	36 
805	10 
806	22 
807	17 
808	8 
809	36 
810	42 
811	3 
812	4 
813	5 
814	1 
815	12 
816	21 
817	1 
818	23 
819	42 
820	22 
821	4 
822	43 
823	19 
824	12 
825	8 
826	6 
827	30 
828	3 
829	36 
830	23 
831	22 
832	40 
833	3 
834	8 
835	17 
836	11 
837	30 
838	36 
839	23 
840	36 
841	11 
842	42 
843	35 
844	1 
845	42 
846	42 
847	11 
848	43 
849	36 
850	11 
851	11 
852	14 
853	16 
854	30 
855	23 
856	12 
857	11 
858	23 
859	11 
860	8 
861	11 
862	1 
863	11 
864	32 
865	8 
866	14 
867	29 
868	30 
869	1 
870	23 
871	30 
872	30 
873	43 
874	42 
875	36 
876	11 
877	23 
878	22 
879	40 
880	42 
881	8 
882	14 
883	3 
884	30 
885	30 
886	42 
887	42 
888	38 
889	36 
890	14 
891	23 
892	11 
893	22 
894	23 
895	12 
896	8 
897	36 
898	35 
899	11 
900	26 
901	8 
902	14 
903	36 
904	1 
905	8 
906	15 
907	23 
908	4 
909	8 
910	20 
911	23 
912	1 
913	5 
914	8 
915	17 
916	1 
917	6 
918	16 
919	30 
920	35 
921	3 
922	36 
923	36 
924	40 
925	19 
926	37 
927	1 
928	17 
929	23 
930	40 
931	8 
932	2 
933	11 
934	11 
935	43 
936	8 
937	13 
938	8 
939	21 
940	36 
941	16 
942	1 
943	11 
944	8 
945	35 
946	11 
947	39 
948	11 
949	1 
950	18 
951	18 
952	11 
953	36 
954	41 
955	36 
956	11 
957	31 
958	42 
959	3 
960	42 
961	11 
962	36 
963	43 
964	36 
965	6 
966	1 
967	30 
968	36 
969	8 
970	42 
971	42 
972	5 
973	11 
974	42 
975	4 
976	36 
977	36 
978	36 
979	18 
980	35 
981	1 
982	17 
983	31 
984	6 
985	11 
986	40 
987	22 
988	42 
989	27 
990	3 
991	22 
992	1 
993	11 
994	42 
995	15 
996	22 
997	8 
998	3 
999	11 
1000	11 
1001	1 
1002	23 
1003	43 
1004	3 
1005	30 
1006	17 
1007	11 
1008	9 
1009	42 
1010	11 
1011	8 
1012	6 
1013	11 
1014	42 
1015	23 
1016	11 
1017	30 
1018	36 
1019	5 
1020	25 
1021	17 
1022	35 
1023	8 
1024	30 
1025	21 
1026	42 
1027	43 
1028	12 
1029	13 
1030	40 
1031	23 
1032	29 
1033	1 
1034	17 
1035	17 
1036	27 
1037	25 
1038	13 
1039	8 
1040	23 
1041	42 
1042	3 
1043	42 
1044	1 
1045	42 
1046	23 
1047	37 
1048	12 
1049	22 
1050	8 
1051	21 
1052	11 
1053	23 
1054	36 
1055	18 
1056	4 
1057	11 
1058	40 
1059	37 
1060	1 
1061	22 
1062	35 
1063	8 
1064	43 
1065	42 
1066	12 
1067	10 
1068	36 
1069	8 
1070	11 
1071	4 
1072	3 
1073	36 
1074	35 
1075	11 
1076	11 
1077	8 
1078	3 
1079	39 
1080	13 
1081	7 
1082	30 
1083	3 
1084	8 
1085	23 
1086	1 
1087	23 
1088	35 
1089	8 
1090	1 
1091	8 
1092	3 
1093	12 
1094	42 
1095	36 
1096	23 
1097	14 
1098	1 
1099	8 
1100	22 
1101	22 
1102	22 
1103	3 
1104	11 
1105	3 
1106	8 
1107	17 
1108	35 
1109	8 
1110	11 
1111	11 
1112	1 
1113	40 
1114	22 
1115	17 
1116	42 
1117	1 
1118	40 
1119	3 
1120	30 
1121	35 
1122	40 
1123	11 
1124	25 
1125	43 
1126	43 
1127	17 
1128	11 
1129	1 
1130	3 
1131	11 
1132	12 
1133	30 
1134	17 
1135	28 
1136	5 
1137	30 
1138	42 
1139	42 
1140	3 
1141	22 
1142	21 
1143	35 
1144	30 
1145	8 
1146	40 
1147	22 
1148	23 
1149	22 
1150	13 
1151	17 
1152	22 
1153	1 
1154	40 
1155	14 
1156	8 
1157	8 
1158	42 
1159	3 
1160	5 
1161	8 
1162	36 
1163	3 
1164	23 
1165	30 
1166	3 
1167	1 
1168	5 
1169	13 
1170	1 
1171	35 
1172	30 
1173	30 
1174	42 
1175	11 
1176	12 
1177	40 
1178	40 
1179	30 
1180	1 
1181	3 
1182	1 
1183	12 
1184	22 
1185	17 
1186	8 
1187	28 
1188	6 
1189	17 
1190	3 
1191	22 
1192	15 
1193	30 
1194	40 
1195	38 
1196	42 
1197	40 
1198	22 
1199	13 
1200	16 
1201	18 
1202	6 
1203	12 
1204	17 
1205	30 
1206	3 
1207	42 
1208	23 
1209	3 
1210	23 
1211	42 
1212	23 
1213	42 
1214	23 
1215	29 
1216	42 
1217	30 
1218	14 
1219	42 
1220	3 
1221	19 
1222	11 
1223	42 
1224	23 
1225	42 
1226	30 
1227	23 
1228	30 
1229	1 
1230	16 
1231	3 
1232	3 
1233	36 
1234	38 
1235	8 
1236	3 
1237	36 
1238	42 
1239	15 
1240	42 
1241	11 
1242	17 
1243	40 
1244	30 
1245	3 
1246	34 
1247	24 
1248	8 
1249	23 
1250	42 
1251	15 
1252	42 
1253	35 
1254	36 
1255	8 
1256	8 
1257	1 
1258	30 
1259	39 
1260	23 
1261	42 
1262	11 
1263	8 
1264	1 
1265	1 
1266	42 
1267	41 
1268	1 
1269	40 
1270	23 
1271	2 
1272	30 
1273	39 
1274	36 
1275	11 
1276	11 
1277	36 
1278	7 
1279	38 
1280	35 
1281	30 
1282	35 
1283	13 
1284	3 
1285	35 
1286	16 
1287	30 
1288	42 
1289	11 
1290	8 
1291	3 
1292	36 
1293	16 
1294	35 
1295	13 
1296	30 
1297	16 
1298	42 
1299	5 
1300	9 
1301	14 
1302	29 
1303	40 
1304	35 
1305	35 
1306	1 
1307	36 
1308	1 
1309	8 
1310	17 
1311	8 
1312	16 
1313	40 
1314	33 
1315	5 
1316	31 
1317	9 
1318	42 
1319	8 
1320	11 
1321	29 
1322	30 
1323	14 
1324	17 
1325	1 
1326	40 
1327	11 
1328	14 
1329	10 
1330	3 
1331	13 
1332	13 
1333	36 
1334	30 
1335	23 
1336	38 
1337	17 
1338	40 
1339	36 
1340	35 
1341	30 
1342	35 
1343	23 
1344	11 
1345	15 
1346	42 
1347	30 
1348	36 
1349	19 
1350	36 
1351	36 
1352	1 
1353	22 
1354	3 
1355	36 
1356	21 
1357	17 
1358	34 
1359	17 
1360	8 
1361	13 
1362	1 
1363	12 
1364	40 
1365	5 
1366	43 
1367	30 
1368	40 
1369	21 
1370	22 
1371	22 
1372	31 
1373	12 
1374	21 
1375	1 
1376	8 
1377	8 
1378	30 
1379	42 
1380	6 
1381	23 
1382	40 
1383	11 
1384	40 
1385	8 
1386	11 
1387	10 
1388	40 
1389	6 
1390	35 
1391	3 
1392	14 
1393	42 
1394	32 
1395	3 
1396	13 
1397	21 
1398	8 
1399	42 
1400	3 
1401	42 
1402	8 
1403	11 
1404	43 
1405	36 
1406	12 
1407	1 
1408	8 
1409	22 
1410	8 
1411	8 
1412	17 
1413	8 
1414	13 
1415	11 
1416	8 
1417	18 
1418	35 
1419	23 
1420	40 
1421	35 
1422	35 
1423	8 
1424	11 
1425	3 
1426	11 
1427	5 
1428	3 
1429	3 
1430	1 
1431	30 
1432	3 
1433	5 
1434	22 
1435	1 
1436	13 
1437	35 
1438	1 
1439	12 
1440	1 
1441	3 
1442	21 
1443	11 
1444	4 
1445	8 
1446	17 
1447	10 
1448	40 
1449	40 
1450	42 
1451	6 
1452	11 
1453	30 
1454	42 
1455	42 
1456	17 
1457	11 
1458	40 
1459	1 
1460	22 
1461	17 
1462	35 
1463	23 
1464	11 
1465	35 
1466	8 
1467	42 
1468	42 
1469	1 
1470	35 
1471	30 
1472	30 
1473	42 
1474	11 
1475	21 
1476	2 
1477	35 
1478	1 
1479	36 
1480	23 
1481	40 
1482	32 
1483	12 
1484	40 
1485	36 
1486	30 
1487	23 
1488	42 
1489	25 
1490	10 
1491	1 
1492	30 
1493	20 
1494	36 
1495	3 
1496	1 
1497	3 
1498	12 
1499	1 
1500	22 
1501	35 
1502	8 
1503	42 
1504	42 
1505	3 
1506	11 
1507	30 
1508	1 
1509	22 
1510	3 
1511	35 
1512	18 
1513	21 
1514	1 
1515	42 
1516	6 
1517	42 
1518	11 
1519	3 
1520	22 
1521	3 
1522	6 
1523	6 
1524	30 
1525	40 
1526	36 
1527	42 
1528	5 
1529	14 
1530	35 
1531	42 
1532	8 
1533	40 
1534	20 
1535	1 
1536	40 
1537	3 
1538	10 
1539	12 
1540	8 
1541	42 
1542	30 
1543	3 
1544	36 
1545	8 
1546	3 
1547	3 
1548	21 
1549	40 
1550	30 
1551	34 
1552	10 
1553	40 
1554	8 
1555	21 
1556	30 
1557	36 
1558	23 
1559	19 
1560	23 
1561	40 
1562	26 
1563	23 
1564	2 
1565	17 
1566	1 
1567	43 
1568	34 
1569	10 
1570	38 
1571	16 
1572	21 
1573	12 
1574	40 
1575	40 
1576	5 
1577	8 
1578	30 
1579	17 
1580	16 
1581	23 
1582	36 
1583	40 
1584	11 
1585	3 
1586	22 
1587	31 
1588	23 
1589	10 
1590	12 
1591	17 
1592	11 
1593	8 
1594	42 
1595	2 
1596	1 
1597	35 
1598	39 
1599	35 
1600	30 
1601	40 
1602	5 
1603	39 
1604	8 
1605	41 
1606	3 
1607	40 
1608	42 
1609	2 
1610	42 
1611	23 
1612	40 
1613	35 
1614	6 
1615	1 
1616	38 
1617	22 
1618	3 
1619	23 
1620	9 
1621	8 
1622	36 
1623	11 
1624	8 
1625	3 
1626	22 
1627	3 
1628	1 
1629	18 
1630	22 
1631	30 
1632	4 
1633	12 
1634	8 
1635	30 
1636	3 
1637	38 
1638	35 
1639	1 
1640	40 
1641	36 
1642	22 
1643	8 
1644	13 
1645	42 
1646	21 
1647	7 
1648	13 
1649	25 
1650	11 
1651	8 
1652	17 
1653	21 
1654	22 
1655	8 
1656	5 
1657	21 
1658	11 
1659	14 
1660	36 
1661	26 
1662	15 
1663	30 
1664	11 
1665	11 
1666	6 
1667	36 
1668	2 
1669	10 
1670	42 
1671	17 
1672	3 
1673	30 
1674	20 
1675	10 
1676	12 
1677	8 
1678	30 
1679	34 
1680	11 
1681	23 
1682	36 
1683	32 
1684	40 
1685	14 
1686	22 
1687	11 
1688	8 
1689	2 
1690	1 
1691	5 
1692	11 
1693	22 
1694	23 
1695	30 
1696	5 
1697	12 
1698	42 
1699	6 
1700	12 
1701	11 
1702	3 
1703	36 
1704	14 
1705	42 
1706	13 
1707	8 
1708	8 
1709	12 
1710	6 
1711	19 
1712	40 
1713	36 
1714	25 
1715	30 
1716	11 
1717	35 
1718	16 
1719	35 
1720	34 
1721	30 
1722	14 
1723	19 
1724	10 
1725	1 
1726	42 
1727	42 
1728	11 
1729	36 
1730	22 
1731	23 
1732	10 
1733	30 
1734	40 
1735	30 
1736	8 
1737	30 
1738	42 
1739	22 
1740	30 
1741	36 
1742	3 
1743	1 
1744	8 
1745	42 
1746	11 
1747	26 
1748	3 
1749	17 
1750	35 
1751	40 
1752	34 
1753	23 
1754	30 
1755	11 
1756	16 
1757	42 
1758	1 
1759	22 
1760	13 
1761	3 
1762	11 
1763	41 
1764	23 
1765	5 
1766	35 
1767	20 
1768	1 
1769	35 
1770	32 
1771	42 
1772	30 
1773	3 
1774	22 
1775	36 
1776	3 
1777	19 
1778	23 
1779	8 
1780	2 
1781	1 
1782	21 
1783	5 
1784	42 
1785	43 
1786	30 
1787	32 
1788	1 
1789	2 
1790	35 
1791	25 
1792	18 
1793	36 
1794	3 
1795	11 
1796	36 
1797	40 
1798	3 
1799	42 
1800	35 
1801	23 
1802	38 
1803	42 
1804	40 
1805	11 
1806	13 
1807	42 
1808	19 
1809	8 
1810	40 
1811	22 
1812	8 
1813	34 
1814	23 
1815	30 
1816	30 
1817	8 
1818	5 
1819	1 
1820	8 
1821	23 
1822	12 
1823	40 
1824	3 
1825	18 
1826	15 
1827	35 
1828	8 
1829	11 
1830	42 
1831	23 
1832	1 
1833	30 
1834	2 
1835	22 
1836	9 
1837	30 
1838	36 
1839	35 
1840	28 
1841	22 
1842	36 
1843	12 
1844	13 
1845	13 
1846	8 
1847	36 
1848	6 
1849	30 
1850	2 
1851	11 
1852	1 
1853	11 
1854	30 
1855	35 
1856	1 
1857	1 
1858	1 
1859	42 
1860	41 
1861	30 
1862	30 
1863	22 
1864	23 
1865	30 
1866	7 
1867	12 
1868	41 
1869	19 
1870	22 
1871	8 
1872	11 
1873	40 
1874	12 
1875	1 
1876	1 
1877	6 
1878	36 
1879	4 
1880	12 
1881	8 
1882	8 
1883	1 
1884	42 
1885	22 
1886	12 
1887	23 
1888	21 
1889	42 
1890	8 
1891	11 
1892	23 
1893	42 
1894	12 
1895	8 
1896	1 
1897	23 
1898	35 
1899	35 
1900	3 
1901	8 
1902	11 
1903	42 
1904	2 
1905	3 
1906	5 
1907	4 
1908	36 
1909	36 
1910	20 
1911	36 
1912	1 
1913	22 
1914	36 
1915	1 
1916	22 
1917	3 
1918	12 
1919	3 
1920	30 
1921	15 
1922	1 
1923	8 
1924	42 
1925	40 
1926	1 
1927	11 
1928	5 
1929	4 
1930	17 
1931	36 
1932	32 
1933	10 
1934	38 
1935	12 
1936	42 
1937	30 
1938	1 
1939	8 
1940	30 
1941	3 
1942	3 
1943	17 
1944	28 
1945	30 
1946	30 
1947	5 
1948	35 
1949	40 
1950	6 
1951	22 
1952	2 
1953	12 
1954	12 
1955	13 
1956	22 
1957	19 
1958	32 
1959	42 
1960	20 
1961	35 
1962	8 
1963	42 
1964	11 
1965	30 
1966	3 
1967	8 
1968	1 
1969	22 
1970	1 
1971	15 
1972	36 
1973	36 
1974	3 
1975	21 
1976	5 
1977	5 
1978	13 
1979	12 
1980	14 
1981	2 
1982	5 
1983	43 
1984	5 
1985	3 
1986	1 
1987	11 
1988	2 
1989	42 
1990	11 
1991	30 
1992	1 
1993	10 
1994	35 
1995	23 
1996	3 
1997	23 
1998	29 
1999	16 
2000	21 
2001	8 
2002	1 
2003	1 
2004	36 
2005	23 
2006	34 
2007	3 
2008	21 
2009	9 
2010	40 
2011	35 
2012	2 
2013	3 
2014	14 
2015	30 
2016	35 
2017	36 
2018	23 
2019	40 
2020	35 
2021	11 
2022	43 
2023	3 
2024	40 
2025	3 
2026	12 
2027	36 
2028	11 
2029	23 
2030	23 
2031	40 
2032	3 
2033	12 
2034	17 
2035	11 
2036	23 
2037	17 
2038	8 
2039	36 
2040	19 
2041	18 
2042	3 
2043	38 
2044	4 
2045	35 
2046	42 
2047	3 
2048	12 
2049	22 
2050	30 
2051	30 
2052	5 
2053	22 
2054	3 
2055	42 
2056	15 
2057	10 
2058	8 
2059	1 
2060	35 
2061	6 
2062	35 
2063	35 
2064	36 
2065	10 
2066	10 
2067	36 
2068	23 
2069	8 
2070	8 
2071	1 
2072	35 
2073	8 
2074	1 
2075	3 
2076	1 
2077	8 
2078	6 
2079	36 
2080	4 
2081	23 
2082	42 
2083	11 
2084	23 
2085	38 
2086	30 
2087	42 
2088	39 
2089	12 
2090	42 
2091	8 
2092	22 
2093	9 
2094	36 
2095	42 
2096	40 
2097	11 
2098	22 
2099	19 
2100	12 
2101	23 
2102	15 
2103	11 
2104	42 
2105	11 
2106	8 
2107	22 
2108	30 
2109	8 
2110	1 
2111	40 
2112	6 
2113	42 
2114	10 
2115	11 
2116	11 
2117	1 
2118	17 
2119	3 
2120	42 
2121	3 
2122	23 
2123	3 
2124	16 
2125	35 
2126	8 
2127	13 
2128	12 
2129	42 
2130	8 
2131	5 
2132	22 
2133	42 
2134	22 
2135	43 
2136	36 
2137	3 
2138	5 
2139	36 
2140	13 
2141	1 
2142	11 
2143	6 
2144	43 
2145	42 
2146	8 
2147	36 
2148	30 
2149	26 
2150	3 
2151	8 
2152	36 
2153	32 
2154	3 
2155	8 
2156	11 
2157	6 
2158	5 
2159	40 
2160	1 
2161	16 
2162	8 
2163	40 
2164	11 
2165	1 
2166	36 
2167	3 
2168	43 
2169	8 
2170	11 
2171	5 
2172	30 
2173	1 
2174	34 
2175	11 
2176	22 
2177	36 
2178	12 
2179	11 
2180	3 
2181	21 
2182	30 
2183	30 
2184	8 
2185	3 
2186	40 
2187	12 
2188	11 
2189	36 
2190	3 
2191	3 
2192	11 
2193	11 
2194	22 
2195	29 
2196	1 
2197	11 
2198	14 
2199	40 
2200	12 
2201	40 
2202	23 
2203	34 
2204	6 
2205	3 
2206	8 
2207	11 
2208	32 
2209	35 
2210	22 
2211	19 
2212	19 
2213	10 
2214	1 
2215	40 
2216	22 
2217	38 
2218	36 
2219	22 
2220	20 
2221	36 
2222	36 
2223	3 
2224	32 
2225	16 
2226	23 
2227	8 
2228	30 
2229	11 
2230	36 
2231	40 
2232	36 
2233	21 
2234	12 
2235	11 
2236	42 
2237	32 
2238	11 
2239	36 
2240	1 
2241	40 
2242	8 
2243	3 
2244	1 
2245	22 
2246	5 
2247	11 
2248	8 
2249	23 
2250	3 
2251	40 
2252	11 
2253	11 
2254	42 
2255	11 
2256	1 
2257	40 
2258	40 
2259	40 
2260	16 
2261	13 
2262	8 
2263	14 
2264	28 
2265	38 
2266	12 
2267	30 
2268	3 
2269	17 
2270	8 
2271	40 
2272	6 
2273	40 
2274	5 
2275	8 
2276	3 
2277	30 
2278	1 
2279	40 
2280	14 
2281	1 
2282	35 
2283	43 
2284	22 
2285	8 
2286	16 
2287	11 
2288	43 
2289	3 
2290	34 
2291	32 
2292	10 
2293	11 
2294	42 
2295	40 
2296	42 
2297	23 
2298	5 
2299	8 
2300	30 
2301	22 
2302	11 
2303	3 
2304	16 
2305	22 
2306	35 
2307	30 
2308	11 
2309	3 
2310	22 
2311	11 
2312	11 
2313	30 
2314	6 
2315	22 
2316	5 
2317	40 
2318	11 
2319	22 
2320	10 
2321	42 
2322	40 
2323	1 
2324	12 
2325	11 
2326	36 
2327	34 
2328	4 
2329	23 
2330	42 
2331	36 
2332	42 
2333	11 
2334	30 
2335	3 
2336	35 
2337	8 
2338	36 
2339	35 
2340	22 
2341	11 
2342	42 
2343	3 
2344	42 
2345	43 
2346	8 
2347	23 
2348	11 
2349	23 
2350	42 
2351	8 
2352	30 
2353	42 
2354	12 
2355	8 
2356	8 
2357	21 
2358	3 
2359	22 
2360	11 
2361	5 
2362	36 
2363	42 
2364	3 
2365	6 
2366	19 
2367	8 
2368	30 
2369	11 
2370	35 
2371	23 
2372	1 
2373	14 
2374	11 
2375	1 
2376	35 
2377	1 
2378	8 
2379	23 
2380	8 
2381	15 
2382	5 
2383	10 
2384	42 
2385	8 
2386	30 
2387	11 
2388	42 
2389	15 
2390	11 
2391	11 
2392	42 
2393	11 
2394	16 
2395	1 
2396	3 
2397	35 
2398	1 
2399	19 
2400	11 
2401	19 
2402	1 
2403	22 
2404	6 
2405	40 
2406	42 
2407	15 
2408	40 
2409	10 
2410	42 
2411	1 
2412	22 
2413	3 
2414	19 
2415	36 
2416	26 
2417	11 
2418	40 
2419	3 
2420	35 
2421	21 
2422	42 
2423	8 
2424	20 
2425	8 
2426	8 
2427	8 
2428	28 
2429	23 
2430	8 
2431	1 
2432	30 
2433	42 
2434	11 
2435	3 
2436	42 
2437	42 
2438	42 
2439	22 
2440	19 
2441	25 
2442	13 
2443	3 
2444	42 
2445	15 
2446	36 
2447	20 
2448	12 
2449	15 
2450	3 
2451	12 
2452	1 
2453	36 
2454	30 
2455	8 
2456	23 
2457	5 
2458	3 
2459	35 
2460	40 
2461	35 
2462	3 
2463	36 
2464	22 
2465	8 
2466	40 
2467	20 
2468	11 
2469	30 
2470	3 
2471	30 
2472	40 
2473	40 
2474	8 
2475	13 
2476	23 
2477	11 
2478	42 
2479	40 
2480	35 
2481	25 
2482	2 
2483	42 
2484	10 
2485	11 
2486	42 
2487	23 
2488	11 
2489	1 
2490	36 
2491	23 
2492	23 
2493	23 
2494	5 
2495	16 
2496	1 
2497	21 
2498	42 
2499	42 
2500	22 
2501	42 
2502	34 
2503	23 
2504	8 
2505	8 
2506	5 
2507	14 
2508	10 
2509	11 
2510	8 
2511	23 
2512	40 
2513	43 
2514	1 
2515	42 
2516	16 
2517	30 
2518	14 
2519	39 
2520	39 
2521	14 
2522	23 
2523	17 
2524	34 
2525	5 
2526	11 
2527	19 
2528	1 
2529	8 
2530	11 
2531	11 
2532	36 
2533	36 
2534	3 
2535	42 
2536	35 
2537	8 
2538	5 
2539	42 
2540	35 
2541	21 
2542	35 
2543	36 
2544	11 
2545	23 
2546	11 
2547	42 
2548	35 
2549	12 
2550	17 
2551	30 
2552	40 
2553	8 
2554	5 
2555	30 
2556	1 
2557	30 
2558	40 
2559	11 
2560	19 
2561	2 
2562	11 
2563	23 
2564	36 
2565	11 
2566	36 
2567	22 
2568	43 
2569	10 
2570	1 
2571	40 
2572	23 
2573	1 
2574	1 
2575	1 
2576	30 
2577	19 
2578	8 
2579	3 
2580	23 
2581	42 
2582	14 
2583	30 
2584	5 
2585	1 
2586	8 
2587	30 
2588	17 
2589	30 
2590	23 
2591	35 
2592	40 
2593	23 
2594	11 
2595	35 
2596	30 
2597	6 
2598	2 
2599	40 
2600	3 
2601	3 
2602	30 
2603	43 
2604	40 
2605	3 
2606	30 
2607	22 
2608	22 
2609	11 
2610	36 
2611	32 
2612	12 
2613	23 
2614	1 
2615	8 
2616	30 
2617	6 
2618	14 
2619	35 
2620	11 
2621	1 
2622	36 
2623	42 
2624	3 
2625	11 
2626	34 
2627	35 
2628	29 
2629	8 
2630	30 
2631	23 
2632	9 
2633	1 
2634	1 
2635	34 
2636	40 
2637	40 
2638	3 
2639	8 
2640	16 
2641	39 
2642	22 
2643	38 
2644	40 
2645	1 
2646	42 
2647	13 
2648	42 
2649	11 
2650	29 
2651	6 
2652	30 
2653	8 
2654	11 
2655	1 
2656	23 
2657	30 
2658	5 
2659	9 
2660	1 
2661	36 
2662	10 
2663	3 
2664	1 
2665	31 
2666	1 
2667	8 
2668	6 
2669	22 
2670	1 
2671	39 
2672	36 
2673	35 
2674	8 
2675	22 
2676	36 
2677	11 
2678	36 
2679	12 
2680	39 
2681	8 
2682	16 
2683	1 
2684	21 
2685	36 
2686	8 
2687	21 
2688	36 
2689	8 
2690	8 
2691	4 
2692	30 
2693	8 
2694	6 
2695	40 
2696	11 
2697	36 
2698	8 
2699	1 
2700	1 
2701	36 
2702	1 
2703	36 
2704	30 
2705	36 
2706	1 
2707	42 
2708	11 
2709	11 
2710	35 
2711	3 
2712	11 
2713	1 
2714	30 
2715	11 
2716	11 
2717	35 
2718	5 
2719	36 
2720	3 
2721	36 
2722	36 
2723	12 
2724	8 
2725	8 
2726	14 
2727	5 
2728	30 
2729	11 
2730	11 
2731	11 
2732	1 
2733	36 
2734	1 
2735	36 
2736	1 
2737	13 
2738	42 
2739	23 
2740	30 
2741	42 
2742	8 
2743	23 
2744	42 
2745	30 
2746	8 
2747	28 
2748	40 
2749	3 
2750	10 
2751	30 
2752	40 
2753	10 
2754	36 
2755	22 
2756	8 
2757	11 
2758	23 
2759	1 
2760	1 
2761	23 
2762	30 
2763	17 
2764	40 
2765	40 
2766	3 
2767	40 
2768	4 
2769	3 
2770	12 
2771	12 
2772	22 
2773	28 
2774	32 
2775	31 
2776	1 
2777	22 
2778	1 
2779	11 
2780	42 
2781	30 
2782	42 
2783	8 
2784	17 
2785	8 
2786	1 
2787	35 
2788	11 
2789	23 
2790	42 
2791	17 
2792	30 
2793	6 
2794	3 
2795	23 
2796	11 
2797	42 
2798	11 
2799	36 
2800	43 
2801	40 
2802	1 
2803	8 
2804	42 
2805	1 
2806	8 
2807	8 
2808	8 
2809	40 
2810	40 
2811	11 
2812	1 
2813	42 
2814	17 
2815	36 
2816	30 
2817	1 
2818	35 
2819	30 
2820	13 
2821	42 
2822	36 
2823	13 
2824	6 
2825	35 
2826	42 
2827	8 
2828	3 
2829	16 
2830	36 
2831	5 
2832	3 
2833	17 
2834	8 
2835	22 
2836	36 
2837	23 
2838	3 
2839	29 
2840	5 
2841	21 
2842	42 
2843	1 
2844	22 
2845	3 
2846	30 
2847	11 
2848	42 
2849	22 
2850	22 
2851	40 
2852	35 
2853	36 
2854	8 
2855	8 
2856	30 
2857	35 
2858	11 
2859	3 
2860	11 
2861	11 
2862	1 
2863	23 
2864	3 
2865	1 
2866	1 
2867	3 
2868	40 
2869	18 
2870	15 
2871	6 
2872	12 
2873	1 
2874	4 
2875	36 
2876	19 
2877	12 
2878	13 
2879	8 
2880	42 
2881	8 
2882	5 
2883	3 
2884	11 
2885	40 
2886	6 
2887	3 
2888	8 
2889	40 
2890	1 
2891	30 
2892	16 
2893	8 
2894	8 
2895	14 
2896	3 
2897	6 
2898	42 
2899	11 
2900	1 
2901	15 
2902	42 
2903	30 
2904	6 
2905	36 
2906	17 
2907	38 
2908	19 
2909	42 
2910	22 
2911	5 
2912	22 
2913	36 
2914	23 
2915	22 
2916	17 
2917	1 
2918	36 
2919	5 
2920	30 
2921	14 
2922	35 
2923	40 
2924	8 
2925	1 
2926	11 
2927	35 
2928	30 
2929	36 
2930	5 
2931	3 
2932	36 
2933	34 
2934	11 
2935	40 
2936	42 
2937	17 
2938	40 
2939	42 
2940	11 
2941	40 
2942	30 
2943	42 
2944	11 
2945	23 
2946	3 
2947	13 
2948	1 
2949	8 
2950	11 
2951	1 
2952	32 
2953	43 
2954	42 
2955	8 
2956	36 
2957	17 
2958	8 
2959	34 
2960	43 
2961	23 
2962	11 
2963	8 
2964	5 
2965	30 
2966	42 
2967	8 
2968	12 
2969	3 
2970	36 
2971	40 
2972	1 
2973	40 
2974	43 
2975	40 
2976	3 
2977	30 
2978	30 
2979	8 
2980	15 
2981	23 
2982	14 
2983	6 
2984	17 
2985	30 
2986	4 
2987	12 
2988	8 
2989	36 
2990	23 
2991	1 
2992	36 
2993	35 
2994	40 
2995	42 
2996	40 
2997	3 
2998	11 
2999	3 
3000	42 
3001	26 
3002	1 
3003	23 
3004	12 
3005	3 
3006	1 
3007	3 
3008	35 
3009	17 
3010	3 
3011	5 
3012	14 
3013	23 
3014	4 
3015	23 
3016	1 
3017	2 
3018	11 
3019	15 
3020	14 
3021	23 
3022	13 
3023	17 
3024	36 
3025	23 
3026	36 
3027	30 
3028	11 
3029	5 
3030	36 
3031	20 
3032	15 
3033	3 
3034	42 
3035	17 
3036	11 
3037	42 
3038	8 
3039	22 
3040	36 
3041	36 
3042	1 
3043	30 
3044	3 
3045	3 
3046	6 
3047	36 
3048	35 
3049	4 
3050	36 
3051	40 
3052	12 
3053	30 
3054	12 
3055	42 
3056	15 
3057	1 
3058	11 
3059	1 
3060	14 
3061	19 
3062	36 
3063	10 
3064	22 
3065	6 
3066	1 
3067	23 
3068	17 
3069	11 
3070	3 
3071	36 
3072	21 
3073	11 
3074	12 
3075	23 
3076	10 
3077	22 
3078	22 
3079	42 
3080	21 
3081	11 
3082	12 
3083	35 
3084	8 
3085	23 
3086	8 
3087	42 
3088	36 
3089	26 
3090	8 
3091	34 
3092	34 
3093	3 
3094	23 
3095	30 
3096	36 
3097	3 
3098	5 
3099	40 
3100	36 
3101	3 
3102	22 
3103	40 
3104	3 
3105	42 
3106	11 
3107	36 
3108	1 
3109	6 
3110	3 
3111	12 
3112	3 
3113	28 
3114	13 
3115	23 
3116	6 
3117	8 
3118	42 
3119	11 
3120	12 
3121	40 
3122	38 
3123	1 
3124	11 
3125	30 
3126	12 
3127	3 
3128	38 
3129	5 
3130	23 
3131	36 
3132	36 
3133	42 
3134	36 
3135	8 
3136	3 
3137	11 
3138	36 
3139	42 
3140	8 
3141	3 
3142	22 
3143	10 
3144	12 
3145	5 
3146	40 
3147	8 
3148	22 
3149	8 
3150	6 
3151	1 
3152	23 
3153	1 
3154	8 
3155	30 
3156	5 
3157	3 
3158	8 
3159	10 
3160	23 
3161	30 
3162	3 
3163	3 
3164	3 
3165	8 
3166	35 
3167	11 
3168	5 
3169	40 
3170	1 
3171	8 
3172	3 
3173	42 
3174	20 
3175	22 
3176	36 
3177	11 
3178	8 
3179	1 
3180	3 
3181	11 
3182	8 
3183	40 
3184	6 
3185	17 
3186	40 
3187	5 
3188	3 
3189	30 
3190	8 
3191	8 
3192	34 
3193	29 
3194	11 
3195	1 
3196	11 
3197	8 
3198	11 
3199	1 
3200	43 
3201	10 
3202	1 
3203	11 
3204	1 
3205	8 
3206	22 
3207	8 
3208	8 
3209	16 
3210	23 
3211	3 
3212	8 
3213	20 
3214	8 
3215	1 
3216	42 
3217	22 
3218	35 
3219	23 
3220	11 
3221	1 
3222	8 
3223	12 
3224	23 
3225	36 
3226	11 
3227	3 
3228	17 
3229	35 
3230	3 
3231	35 
3232	6 
3233	21 
3234	42 
3235	30 
3236	29 
3237	11 
3238	34 
3239	3 
3240	1 
3241	11 
3242	39 
3243	30 
3244	21 
3245	14 
3246	23 
3247	42 
3248	22 
3249	3 
3250	8 
3251	3 
3252	8 
3253	8 
3254	11 
3255	1 
3256	17 
3257	42 
3258	40 
3259	36 
3260	19 
3261	3 
3262	42 
3263	12 
3264	6 
3265	43 
3266	11 
3267	30 
3268	11 
3269	17 
3270	32 
3271	23 
3272	3 
3273	42 
3274	8 
3275	40 
3276	8 
3277	19 
3278	14 
3279	8 
3280	40 
3281	36 
3282	40 
3283	1 
3284	30 
3285	30 
3286	42 
3287	40 
3288	20 
3289	1 
3290	17 
3291	40 
3292	3 
3293	17 
3294	1 
3295	39 
3296	8 
3297	18 
3298	42 
3299	8 
3300	17 
3301	42 
3302	11 
3303	3 
3304	2 
3305	8 
3306	35 
3307	42 
3308	8 
3309	35 
3310	30 
3311	17 
3312	6 
3313	16 
3314	1 
3315	22 
3316	23 
3317	3 
3318	42 
3319	40 
3320	36 
3321	12 
3322	1 
3323	42 
3324	35 
3325	8 
3326	8 
3327	36 
3328	38 
3329	36 
3330	14 
3331	11 
3332	22 
3333	5 
3334	39 
3335	15 
3336	3 
3337	17 
3338	22 
3339	22 
3340	8 
3341	23 
3342	35 
3343	22 
3344	14 
3345	3 
3346	42 
3347	23 
3348	39 
3349	8 
3350	32 
3351	23 
3352	3 
3353	11 
3354	22 
3355	36 
3356	17 
3357	42 
3358	3 
3359	20 
3360	22 
3361	17 
3362	11 
3363	35 
3364	8 
3365	3 
3366	11 
3367	2 
3368	17 
3369	42 
3370	38 
3371	1 
3372	42 
3373	42 
3374	22 
3375	4 
3376	14 
3377	12 
3378	11 
3379	22 
3380	14 
3381	42 
3382	32 
3383	1 
3384	18 
3385	36 
3386	40 
3387	30 
3388	11 
3389	32 
3390	11 
3391	35 
3392	36 
3393	16 
3394	3 
3395	23 
3396	1 
3397	8 
3398	11 
3399	11 
3400	36 
3401	5 
3402	36 
3403	17 
3404	8 
3405	30 
3406	1 
3407	8 
3408	11 
3409	40 
3410	40 
3411	15 
3412	10 
3413	22 
3414	3 
3415	21 
3416	11 
3417	40 
3418	42 
3419	12 
3420	3 
3421	43 
3422	1 
3423	8 
3424	1 
3425	30 
3426	14 
3427	22 
3428	22 
3429	22 
3430	22 
3431	11 
3432	20 
3433	42 
3434	35 
3435	42 
3436	12 
3437	35 
3438	11 
3439	30 
3440	12 
3441	32 
3442	38 
3443	40 
3444	22 
3445	5 
3446	12 
3447	23 
3448	6 
3449	22 
3450	28 
3451	30 
3452	40 
3453	35 
3454	40 
3455	15 
3456	1 
3457	42 
3458	16 
3459	11 
3460	12 
3461	30 
3462	11 
3463	8 
3464	14 
3465	1 
3466	10 
3467	1 
3468	1 
3469	23 
3470	22 
3471	11 
3472	42 
3473	15 
3474	11 
3475	1 
3476	1 
3477	40 
3478	11 
3479	17 
3480	22 
3481	36 
3482	5 
3483	10 
3484	42 
3485	23 
3486	43 
3487	22 
3488	22 
3489	8 
3490	36 
3491	8 
3492	40 
3493	35 
3494	8 
3495	40 
3496	35 
3497	35 
3498	11 
3499	42 
3500	42 
3501	8 
3502	19 
3503	19 
3504	8 
3505	17 
3506	12 
3507	3 
3508	8 
3509	3 
3510	22 
3511	11 
3512	23 
3513	36 
3514	8 
3515	2 
3516	35 
3517	11 
3518	11 
3519	40 
3520	10 
3521	40 
3522	16 
3523	1 
3524	42 
3525	3 
3526	34 
3527	23 
3528	11 
3529	11 
3530	35 
3531	12 
3532	42 
3533	3 
3534	15 
3535	36 
3536	3 
3537	35 
3538	42 
3539	42 
3540	4 
3541	3 
3542	11 
3543	3 
3544	6 
3545	15 
3546	15 
3547	36 
3548	1 
3549	6 
3550	11 
3551	40 
3552	42 
3553	36 
3554	36 
3555	11 
3556	11 
3557	39 
3558	1 
3559	5 
3560	40 
3561	28 
3562	21 
3563	8 
3564	8 
3565	35 
3566	1 
3567	36 
3568	42 
3569	23 
3570	40 
3571	36 
3572	8 
3573	1 
3574	15 
3575	11 
3576	11 
3577	3 
3578	22 
3579	8 
3580	14 
3581	40 
3582	35 
3583	8 
3584	42 
3585	30 
3586	40 
3587	42 
3588	10 
3589	1 
3590	3 
3591	8 
3592	11 
3593	23 
3594	3 
3595	42 
3596	43 
3597	3 
3598	5 
3599	16 
3600	36 
3601	8 
3602	11 
3603	21 
3604	35 
3605	19 
3606	11 
3607	11 
3608	3 
3609	1 
3610	8 
3611	23 
3612	22 
3613	3 
3614	1 
3615	40 
3616	3 
3617	30 
3618	1 
3619	12 
3620	1 
3621	30 
3622	22 
3623	11 
3624	43 
3625	42 
3626	3 
3627	43 
3628	35 
3629	42 
3630	42 
3631	11 
3632	35 
3633	30 
3634	1 
3635	11 
3636	36 
3637	1 
3638	11 
3639	35 
3640	23 
3641	1 
3642	8 
3643	17 
3644	14 
3645	22 
3646	21 
3647	23 
3648	10 
3649	1 
3650	42 
3651	17 
3652	40 
3653	12 
3654	30 
3655	15 
3656	30 
3657	36 
3658	15 
3659	34 
3660	5 
3661	23 
3662	1 
3663	36 
3664	42 
3665	34 
3666	36 
3667	43 
3668	43 
3669	3 
3670	36 
3671	11 
3672	40 
3673	22 
3674	8 
3675	22 
3676	11 
3677	17 
3678	5 
3679	42 
3680	11 
3681	17 
3682	23 
3683	22 
3684	43 
3685	6 
3686	8 
3687	23 
3688	30 
3689	1 
3690	15 
3691	30 
3692	3 
3693	30 
3694	12 
3695	13 
3696	23 
3697	3 
3698	43 
3699	12 
3700	5 
3701	15 
3702	20 
3703	10 
3704	1 
3705	17 
3706	42 
3707	34 
3708	3 
3709	5 
3710	42 
3711	40 
3712	30 
3713	30 
3714	14 
3715	12 
3716	36 
3717	1 
3718	40 
3719	21 
3720	22 
3721	23 
3722	3 
3723	40 
3724	36 
3725	11 
3726	35 
3727	5 
3728	18 
3729	15 
3730	3 
3731	11 
3732	17 
3733	19 
3734	23 
3735	32 
3736	6 
3737	8 
3738	22 
3739	8 
3740	8 
3741	11 
3742	36 
3743	30 
3744	22 
3745	1 
3746	42 
3747	17 
3748	34 
3749	40 
3750	1 
3751	40 
3752	3 
3753	11 
3754	30 
3755	35 
3756	3 
3757	11 
3758	22 
3759	40 
3760	4 
3761	1 
3762	42 
3763	42 
3764	23 
3765	30 
3766	30 
3767	8 
3768	30 
3769	19 
3770	40 
3771	11 
3772	22 
3773	30 
3774	8 
3775	16 
3776	30 
3777	21 
3778	1 
3779	3 
3780	3 
3781	28 
3782	36 
3783	11 
3784	40 
3785	30 
3786	40 
3787	35 
3788	11 
3789	1 
3790	23 
3791	17 
3792	12 
3793	42 
3794	22 
3795	40 
3796	8 
3797	30 
3798	1 
3799	3 
3800	22 
3801	1 
3802	1 
3803	42 
3804	11 
3805	36 
3806	35 
3807	28 
3808	3 
3809	1 
3810	11 
3811	11 
3812	23 
3813	8 
3814	23 
3815	42 
3816	16 
3817	11 
3818	23 
3819	40 
3820	42 
3821	3 
3822	8 
3823	43 
3824	8 
3825	42 
3826	11 
3827	23 
3828	40 
3829	30 
3830	43 
3831	14 
3832	3 
3833	8 
3834	36 
3835	42 
3836	8 
3837	28 
3838	12 
3839	1 
3840	22 
3841	11 
3842	8 
3843	15 
3844	2 
3845	23 
3846	42 
3847	8 
3848	3 
3849	42 
3850	42 
3851	42 
3852	30 
3853	1 
3854	39 
3855	2 
3856	8 
3857	15 
3858	36 
3859	17 
3860	23 
3861	11 
3862	13 
3863	8 
3864	40 
3865	3 
3866	17 
3867	42 
3868	21 
3869	22 
3870	42 
3871	36 
3872	11 
3873	30 
3874	30 
3875	3 
3876	12 
3877	1 
3878	40 
3879	3 
3880	32 
3881	30 
3882	42 
3883	8 
3884	42 
3885	21 
3886	22 
3887	8 
3888	23 
3889	3 
3890	11 
3891	36 
3892	11 
3893	5 
3894	1 
3895	42 
3896	3 
3897	8 
3898	39 
3899	36 
3900	11 
3901	30 
3902	40 
3903	40 
3904	11 
3905	35 
3906	22 
3907	3 
3908	36 
3909	23 
3910	22 
3911	12 
3912	17 
3913	8 
3914	42 
3915	40 
3916	40 
3917	23 
3918	1 
3919	17 
3920	1 
3921	35 
3922	8 
3923	11 
3924	36 
3925	40 
3926	6 
3927	8 
3928	30 
3929	16 
3930	1 
3931	11 
3932	1 
3933	12 
3934	11 
3935	36 
3936	36 
3937	23 
3938	35 
3939	30 
3940	28 
3941	11 
3942	11 
3943	30 
3944	3 
3945	22 
3946	6 
3947	36 
3948	11 
3949	40 
3950	5 
3951	40 
3952	42 
3953	1 
3954	23 
3955	11 
3956	23 
3957	36 
3958	35 
3959	4 
3960	6 
3961	8 
3962	15 
3963	40 
3964	39 
3965	3 
3966	17 
3967	23 
3968	42 
3969	36 
3970	35 
3971	8 
3972	42 
3973	8 
3974	42 
3975	34 
3976	5 
3977	11 
3978	38 
3979	23 
3980	30 
3981	42 
3982	3 
3983	40 
3984	40 
3985	30 
3986	22 
3987	42 
3988	43 
3989	11 
3990	42 
3991	22 
3992	6 
3993	1 
3994	1 
3995	2 
3996	35 
3997	11 
3998	22 
3999	1 
4000	23 
4001	40 
4002	17 
4003	32 
4004	5 
4005	11 
4006	8 
4007	13 
4008	42 
4009	12 
4010	42 
4011	30 
4012	11 
4013	22 
4014	21 
4015	3 
4016	3 
4017	3 
4018	11 
4019	2 
4020	3 
4021	20 
4022	42 
4023	36 
4024	10 
4025	15 
4026	22 
4027	11 
4028	1 
4029	22 
4030	8 
4031	22 
4032	30 
4033	42 
4034	35 
4035	15 
4036	36 
4037	16 
4038	23 
4039	1 
4040	36 
4041	23 
4042	22 
4043	36 
4044	22 
4045	22 
4046	16 
4047	11 
4048	3 
4049	23 
4050	36 
4051	22 
4052	11 
4053	1 
4054	8 
4055	42 
4056	5 
4057	34 
4058	1 
4059	23 
4060	1 
4061	14 
4062	1 
4063	42 
4064	6 
4065	2 
4066	30 
4067	5 
4068	23 
4069	42 
4070	11 
4071	35 
4072	1 
4073	8 
4074	15 
4075	3 
4076	42 
4077	3 
4078	22 
4079	23 
4080	3 
4081	23 
4082	12 
4083	43 
4084	8 
4085	11 
4086	11 
4087	40 
4088	13 
4089	3 
4090	22 
4091	32 
4092	3 
4093	1 
4094	8 
4095	1 
4096	13 
4097	11 
4098	21 
4099	1 
4100	4 
4101	30 
4102	40 
4103	36 
4104	4 
4105	35 
4106	30 
4107	11 
4108	8 
4109	38 
4110	5 
4111	30 
4112	5 
4113	23 
4114	5 
4115	40 
4116	40 
4117	1 
4118	30 
4119	40 
4120	40 
4121	1 
4122	11 
4123	23 
4124	42 
4125	6 
4126	36 
4127	42 
4128	30 
4129	11 
4130	3 
4131	23 
4132	8 
4133	16 
4134	38 
4135	42 
4136	12 
4137	5 
4138	23 
4139	1 
4140	5 
4141	4 
4142	23 
4143	40 
4144	40 
4145	17 
4146	42 
4147	42 
4148	42 
4149	42 
4150	23 
4151	1 
4152	1 
4153	8 
4154	42 
4155	8 
4156	11 
4157	23 
4158	42 
4159	36 
4160	19 
4161	5 
4162	1 
4163	1 
4164	8 
4165	22 
4166	22 
4167	3 
4168	5 
4169	5 
4170	23 
4171	12 
4172	21 
4173	6 
4174	36 
4175	42 
4176	11 
4177	23 
4178	42 
4179	3 
4180	8 
4181	42 
4182	11 
4183	30 
4184	30 
4185	1 
4186	36 
4187	35 
4188	38 
4189	40 
4190	3 
4191	40 
4192	3 
4193	30 
4194	30 
4195	36 
4196	34 
4197	40 
4198	3 
4199	22 
4200	6 
4201	3 
4202	3 
4203	8 
4204	8 
4205	23 
4206	36 
4207	1 
4208	19 
4209	23 
4210	40 
4211	36 
4212	22 
4213	11 
4214	23 
4215	11 
4216	13 
4217	8 
4218	30 
4219	1 
4220	30 
4221	36 
4222	35 
4223	8 
4224	1 
4225	30 
4226	23 
4227	40 
4228	11 
4229	16 
4230	22 
4231	17 
4232	3 
4233	36 
4234	15 
4235	42 
4236	11 
4237	8 
4238	42 
4239	5 
4240	1 
4241	3 
4242	36 
4243	3 
4244	42 
4245	42 
4246	8 
4247	14 
4248	22 
4249	40 
4250	22 
4251	8 
4252	8 
4253	8 
4254	21 
4255	5 
4256	38 
4257	11 
4258	8 
4259	11 
4260	30 
4261	1 
4262	8 
4263	8 
4264	30 
4265	40 
4266	11 
4267	23 
4268	1 
4269	1 
4270	1 
4271	4 
4272	3 
4273	11 
4274	40 
4275	11 
4276	3 
4277	23 
4278	19 
4279	12 
4280	3 
4281	3 
4282	42 
4283	1 
4284	1 
4285	35 
4286	30 
4287	11 
4288	30 
4289	40 
4290	21 
4291	42 
4292	43 
4293	23 
4294	35 
4295	12 
4296	35 
4297	22 
4298	36 
4299	23 
4300	35 
4301	1 
4302	35 
4303	3 
4304	42 
4305	40 
4306	21 
4307	3 
4308	30 
4309	8 
4310	35 
4311	11 
4312	22 
4313	36 
4314	35 
4315	42 
4316	12 
4317	11 
4318	12 
4319	22 
4320	22 
4321	8 
4322	30 
4323	11 
4324	1 
4325	2 
4326	23 
4327	4 
4328	30 
4329	42 
4330	8 
4331	43 
4332	42 
4333	8 
4334	40 
4335	1 
4336	8 
4337	19 
4338	40 
4339	42 
4340	36 
4341	8 
4342	5 
4343	6 
4344	16 
4345	4 
4346	36 
4347	1 
4348	30 
4349	42 
4350	6 
4351	11 
4352	1 
4353	36 
4354	4 
4355	6 
4356	4 
4357	17 
4358	36 
4359	12 
4360	1 
4361	35 
4362	40 
4363	36 
4364	11 
4365	40 
4366	42 
4367	1 
4368	21 
4369	11 
4370	30 
4371	8 
4372	19 
4373	35 
4374	30 
4375	35 
4376	42 
4377	30 
4378	11 
4379	5 
4380	5 
4381	30 
4382	13 
4383	38 
4384	3 
4385	3 
4386	3 
4387	30 
4388	13 
4389	1 
4390	23 
4391	11 
4392	40 
4393	1 
4394	42 
4395	12 
4396	36 
4397	11 
4398	34 
4399	4 
4400	36 
4401	1 
4402	12 
4403	16 
4404	10 
4405	6 
4406	22 
4407	8 
4408	3 
4409	40 
4410	19 
4411	3 
4412	40 
4413	3 
4414	11 
4415	1 
4416	40 
4417	11 
4418	1 
4419	12 
4420	42 
4421	21 
4422	23 
4423	42 
4424	3 
4425	8 
4426	22 
4427	8 
4428	22 
4429	3 
4430	16 
4431	1 
4432	1 
4433	11 
4434	3 
4435	35 
4436	22 
4437	1 
4438	30 
4439	36 
4440	30 
4441	1 
4442	42 
4443	12 
4444	12 
4445	1 
4446	23 
4447	3 
4448	34 
4449	8 
4450	40 
4451	36 
4452	35 
4453	40 
4454	14 
4455	3 
4456	8 
4457	11 
4458	43 
4459	14 
4460	11 
4461	36 
4462	12 
4463	8 
4464	8 
4465	3 
4466	30 
4467	42 
4468	3 
4469	40 
4470	21 
4471	11 
4472	30 
4473	1 
4474	22 
4475	35 
4476	10 
4477	30 
4478	11 
4479	19 
4480	11 
4481	23 
4482	11 
4483	42 
4484	30 
4485	11 
4486	3 
4487	30 
4488	23 
4489	3 
4490	8 
4491	42 
4492	42 
4493	8 
4494	40 
4495	36 
4496	14 
4497	3 
4498	23 
4499	11 
4500	22 
4501	1 
4502	17 
4503	8 
4504	1 
4505	36 
4506	30 
4507	3 
4508	36 
4509	36 
4510	40 
4511	11 
4512	1 
4513	3 
4514	3 
4515	16 
4516	30 
4517	14 
4518	3 
4519	42 
4520	19 
4521	3 
4522	35 
4523	13 
4524	40 
4525	6 
4526	42 
4527	35 
4528	12 
4529	17 
4530	36 
4531	17 
4532	17 
4533	13 
4534	30 
4535	13 
4536	5 
4537	11 
4538	19 
4539	22 
4540	1 
4541	12 
4542	3 
4543	1 
4544	35 
4545	11 
4546	21 
4547	11 
4548	8 
4549	42 
4550	42 
4551	40 
4552	13 
4553	1 
4554	30 
4555	1 
4556	11 
4557	40 
4558	8 
4559	42 
4560	42 
4561	22 
4562	17 
4563	5 
4564	22 
4565	13 
4566	1 
4567	40 
4568	35 
4569	8 
4570	3 
4571	8 
4572	35 
4573	35 
4574	13 
4575	3 
4576	22 
4577	30 
4578	11 
4579	5 
4580	11 
4581	11 
4582	40 
4583	11 
4584	23 
4585	22 
4586	36 
4587	1 
4588	11 
4589	3 
4590	16 
4591	22 
4592	6 
4593	8 
4594	40 
4595	11 
4596	42 
4597	11 
4598	40 
4599	12 
4600	12 
4601	35 
4602	12 
4603	11 
4604	42 
4605	8 
4606	3 
4607	36 
4608	11 
4609	36 
4610	5 
4611	14 
4612	13 
4613	11 
4614	11 
4615	36 
4616	22 
4617	10 
4618	36 
4619	14 
4620	8 
4621	22 
4622	36 
4623	23 
4624	42 
4625	40 
4626	8 
4627	6 
4628	42 
4629	6 
4630	8 
4631	22 
4632	23 
4633	14 
4634	8 
4635	12 
4636	1 
4637	22 
4638	40 
4639	40 
4640	12 
4641	40 
4642	35 
4643	36 
4644	8 
4645	21 
4646	35 
4647	12 
4648	40 
4649	36 
4650	35 
4651	11 
4652	36 
4653	30 
4654	23 
4655	12 
4656	23 
4657	42 
4658	30 
4659	23 
4660	30 
4661	5 
4662	42 
4663	1 
4664	12 
4665	17 
4666	36 
4667	42 
4668	36 
4669	1 
4670	12 
4671	23 
4672	42 
4673	23 
4674	36 
4675	3 
4676	21 
4677	11 
4678	36 
4679	12 
4680	8 
4681	8 
4682	42 
4683	8 
4684	23 
4685	11 
4686	1 
4687	40 
4688	8 
4689	8 
4690	42 
4691	35 
4692	1 
4693	23 
4694	1 
4695	40 
4696	40 
4697	42 
4698	1 
4699	6 
4700	23 
4701	40 
4702	5 
4703	23 
4704	42 
4705	11 
4706	11 
4707	1 
4708	11 
4709	23 
4710	22 
4711	21 
4712	21 
4713	3 
4714	22 
4715	3 
4716	6 
4717	3 
4718	1 
4719	8 
4720	40 
4721	1 
4722	21 
4723	36 
4724	40 
4725	30 
4726	30 
4727	23 
4728	30 
4729	35 
4730	36 
4731	40 
4732	8 
4733	40 
4734	36 
4735	21 
4736	3 
4737	40 
4738	11 
4739	22 
4740	36 
4741	30 
4742	30 
4743	6 
4744	30 
4745	23 
4746	36 
4747	12 
4748	40 
4749	23 
4750	11 
4751	3 
4752	1 
4753	5 
4754	42 
4755	23 
4756	30 
4757	40 
4758	22 
4759	8 
4760	22 
4761	36 
4762	12 
4763	42 
4764	1 
4765	42 
4766	8 
4767	3 
4768	42 
4769	30 
4770	22 
4771	36 
4772	11 
4773	36 
4774	11 
4775	8 
4776	3 
4777	23 
4778	42 
4779	36 
4780	35 
4781	3 
4782	35 
4783	23 
4784	3 
4785	23 
4786	40 
4787	5 
4788	11 
4789	1 
4790	11 
4791	11 
4792	40 
4793	8 
4794	5 
4795	30 
4796	42 
4797	42 
4798	11 
4799	40 
4800	6 
4801	30 
4802	22 
4803	3 
4804	40 
4805	8 
4806	17 
4807	30 
4808	42 
4809	11 
4810	1 
4811	42 
4812	30 
4813	8 
4814	11 
4815	1 
4816	1 
4817	11 
4818	8 
4819	42 
4820	40 
4821	30 
4822	40 
4823	42 
4824	36 
4825	42 
4826	1 
4827	3 
4828	42 
4829	42 
4830	1 
4831	42 
4832	11 
4833	42 
4834	36 
4835	1 
4836	22 
4837	3 
4838	3 
4839	22 
4840	12 
4841	8 
4842	36 
4843	22 
4844	8 
4845	36 
4846	22 
4847	36 
4848	11 
4849	12 
4850	8 
4851	11 
4852	42 
4853	17 
4854	35 
4855	11 
4856	8 
4857	8 
4858	42 
4859	8 
4860	22 
4861	8 
4862	30 
4863	42 
4864	42 
4865	42 
4866	40 
4867	11 
4868	36 
4869	1 
4870	8 
4871	22 
4872	3 
4873	8 
4874	12 
4875	8 
4876	1 
4877	40 
4878	1 
4879	11 
4880	30 
4881	12 
4882	3 
4883	22 
4884	40 
4885	22 
4886	40 
4887	42 
4888	1 
4889	8 
4890	35 
4891	42 
4892	35 
4893	3 
4894	42 
4895	8 
4896	1 
4897	42 
4898	22 
4899	36 
4900	30 
4901	42 
4902	3 
4903	42 
4904	35 
4905	30 
4906	8 
4907	40 
4908	36 
4909	1 
4910	1 
4911	36 
4912	42 
4913	23 
4914	30 
4915	35 
4916	36 
4917	30 
4918	3 
4919	22 
4920	3 
4921	36 
4922	11 
4923	1 
4924	35 
4925	8 
4926	11 
4927	8 
4928	8 
4929	1 
4930	22 
4931	8 
4932	3 
4933	42 
4934	1 
4935	11 
4936	22 
4937	3 
4938	23 
4939	42 
4940	3 
4941	40 
4942	23 
4943	36 
4944	22 
4945	3 
4946	8 
4947	23 
4948	11 
4949	8 
4950	8 
4951	30 
4952	36 
4953	22 
4954	30 
4955	30 
4956	36 
4957	1 
4958	11 
4959	11 
4960	42 
4961	11 
4962	11 
4963	3 
4964	36 
4965	8 
4966	40 
4967	40 
4968	3 
4969	8 
4970	42 
4971	1 
4972	3 
4973	42 
4974	30 
4975	36 
4976	36 
4977	30 
4978	8 
4979	42 
4980	3 
4981	3 
4982	3 
4983	1 
4984	11 
4985	42 
4986	11 
4987	42 
4988	3 
4989	3 
4990	3 
4991	11 
4992	3 
4993	42 
4994	3 
4995	3 
4996	1 
4997	8 
4998	11 
4999	11 
5000	11 
