1	68 
2	53 
3	46 
4	98 
5	98 
6	53 
7	61 
8	47 
9	33 
10	38 
11	10 
12	101 
13	69 
14	59 
15	19 
16	81 
17	31 
18	8 
19	8 
20	1 
21	52 
22	85 
23	66 
24	45 
25	5 
26	3 
27	35 
28	32 
29	57 
30	53 
31	19 
32	19 
33	24 
34	31 
35	46 
36	66 
37	102 
38	18 
39	100 
40	75 
41	17 
42	53 
43	99 
44	86 
45	88 
46	22 
47	39 
48	19 
49	45 
50	55 
51	43 
52	69 
53	45 
54	11 
55	8 
56	37 
57	17 
58	55 
59	93 
60	102 
61	66 
62	46 
63	84 
64	80 
65	28 
66	64 
67	57 
68	46 
69	18 
70	33 
71	54 
72	37 
73	85 
74	73 
75	51 
76	15 
77	85 
78	4 
79	85 
80	38 
81	39 
82	19 
83	13 
84	71 
85	32 
86	13 
87	89 
88	43 
89	37 
90	14 
91	3 
92	95 
93	34 
94	7 
95	104 
96	60 
97	35 
98	15 
99	34 
100	10 
101	66 
102	38 
103	55 
104	90 
105	2 
106	51 
107	31 
108	19 
109	71 
110	90 
111	90 
112	19 
113	58 
114	40 
115	92 
116	80 
117	64 
118	9 
119	81 
120	7 
121	47 
122	83 
123	48 
124	38 
125	52 
126	85 
127	71 
128	21 
129	101 
130	66 
131	97 
132	31 
133	82 
134	66 
135	14 
136	92 
137	98 
138	13 
139	60 
140	52 
141	57 
142	2 
143	7 
144	19 
145	84 
146	65 
147	73 
148	61 
149	72 
150	29 
151	10 
152	59 
153	45 
154	82 
155	39 
156	60 
157	15 
158	89 
159	86 
160	31 
161	64 
162	55 
163	20 
164	91 
165	30 
166	45 
167	102 
168	12 
169	37 
170	59 
171	17 
172	53 
173	71 
174	75 
175	44 
176	102 
177	61 
178	69 
179	64 
180	69 
181	60 
182	8 
183	4 
184	74 
185	36 
186	56 
187	58 
188	76 
189	10 
190	61 
191	12 
192	83 
193	64 
194	101 
195	21 
196	44 
197	104 
198	77 
199	15 
200	35 
201	74 
202	102 
203	88 
204	46 
205	77 
206	72 
207	34 
208	61 
209	7 
210	102 
211	36 
212	19 
213	56 
214	45 
215	64 
216	15 
217	37 
218	17 
219	38 
220	80 
221	90 
222	13 
223	102 
224	5 
225	46 
226	67 
227	35 
228	38 
229	101 
230	53 
231	55 
232	50 
233	14 
234	12 
235	60 
236	2 
237	13 
238	30 
239	4 
240	19 
241	86 
242	83 
243	42 
244	21 
245	16 
246	8 
247	14 
248	72 
249	13 
250	55 
251	76 
252	21 
253	76 
254	13 
255	9 
256	53 
257	49 
258	41 
259	92 
260	46 
261	28 
262	60 
263	87 
264	78 
265	15 
266	70 
267	102 
268	104 
269	81 
270	16 
271	94 
272	15 
273	83 
274	63 
275	18 
276	76 
277	83 
278	56 
279	30 
280	23 
281	93 
282	6 
283	102 
284	47 
285	2 
286	43 
287	86 
288	28 
289	88 
290	95 
291	77 
292	45 
293	85 
294	49 
295	95 
296	56 
297	72 
298	60 
299	56 
300	9 
301	89 
302	49 
303	8 
304	67 
305	95 
306	52 
307	81 
308	44 
309	84 
310	9 
311	9 
312	53 
313	38 
314	33 
315	97 
316	66 
317	82 
318	17 
319	21 
320	72 
321	15 
322	68 
323	26 
324	36 
325	104 
326	58 
327	102 
328	63 
329	40 
330	55 
331	96 
332	46 
333	71 
334	15 
335	76 
336	71 
337	44 
338	30 
339	52 
340	53 
341	75 
342	15 
343	59 
344	23 
345	53 
346	79 
347	43 
348	85 
349	15 
350	21 
351	21 
352	45 
353	43 
354	10 
355	94 
356	5 
357	88 
358	51 
359	81 
360	52 
361	35 
362	48 
363	78 
364	89 
365	80 
366	22 
367	5 
368	46 
369	64 
370	45 
371	55 
372	85 
373	57 
374	56 
375	103 
376	102 
377	44 
378	53 
379	45 
380	49 
381	92 
382	45 
383	80 
384	71 
385	56 
386	18 
387	69 
388	57 
389	15 
390	56 
391	55 
392	84 
393	31 
394	80 
395	57 
396	19 
397	36 
398	41 
399	11 
400	20 
401	60 
402	70 
403	80 
404	68 
405	43 
406	74 
407	18 
408	55 
409	32 
410	12 
411	45 
412	3 
413	20 
414	71 
415	71 
416	99 
417	23 
418	69 
419	53 
420	6 
421	31 
422	47 
423	89 
424	52 
425	84 
426	30 
427	102 
428	87 
429	45 
430	32 
431	91 
432	3 
433	56 
434	54 
435	22 
436	30 
437	6 
438	96 
439	24 
440	60 
441	16 
442	48 
443	46 
444	5 
445	61 
446	68 
447	13 
448	51 
449	84 
450	101 
451	29 
452	45 
453	30 
454	90 
455	76 
456	47 
457	103 
458	34 
459	26 
460	11 
461	3 
462	77 
463	82 
464	71 
465	21 
466	13 
467	55 
468	80 
469	60 
470	88 
471	91 
472	76 
473	36 
474	28 
475	60 
476	8 
477	64 
478	103 
479	30 
480	72 
481	41 
482	17 
483	90 
484	53 
485	95 
486	49 
487	33 
488	53 
489	83 
490	32 
491	89 
492	48 
493	15 
494	57 
495	80 
496	55 
497	64 
498	45 
499	65 
500	32 
501	26 
502	63 
503	102 
504	41 
505	89 
506	33 
507	36 
508	87 
509	98 
510	6 
511	70 
512	102 
513	10 
514	90 
515	102 
516	44 
517	32 
518	4 
519	55 
520	32 
521	61 
522	83 
523	40 
524	9 
525	98 
526	11 
527	53 
528	34 
529	71 
530	41 
531	18 
532	102 
533	54 
534	80 
535	102 
536	16 
537	103 
538	96 
539	92 
540	61 
541	49 
542	8 
543	97 
544	88 
545	90 
546	47 
547	45 
548	38 
549	29 
550	45 
551	69 
552	38 
553	14 
554	2 
555	47 
556	47 
557	21 
558	14 
559	31 
560	30 
561	28 
562	15 
563	49 
564	30 
565	30 
566	32 
567	89 
568	50 
569	47 
570	54 
571	38 
572	84 
573	50 
574	52 
575	69 
576	72 
577	57 
578	25 
579	52 
580	72 
581	84 
582	2 
583	52 
584	72 
585	84 
586	84 
587	82 
588	17 
589	79 
590	59 
591	26 
592	54 
593	23 
594	72 
595	64 
596	49 
597	104 
598	19 
599	103 
600	58 
601	54 
602	8 
603	43 
604	66 
605	43 
606	27 
607	54 
608	77 
609	46 
610	102 
611	49 
612	75 
613	85 
614	11 
615	89 
616	66 
617	11 
618	18 
619	44 
620	78 
621	90 
622	90 
623	80 
624	10 
625	9 
626	4 
627	91 
628	56 
629	16 
630	55 
631	81 
632	104 
633	61 
634	49 
635	65 
636	72 
637	31 
638	27 
639	67 
640	88 
641	34 
642	34 
643	35 
644	55 
645	15 
646	51 
647	61 
648	57 
649	51 
650	15 
651	31 
652	10 
653	102 
654	103 
655	50 
656	11 
657	69 
658	25 
659	43 
660	60 
661	36 
662	78 
663	18 
664	73 
665	34 
666	16 
667	85 
668	84 
669	18 
670	60 
671	24 
672	30 
673	13 
674	1 
675	69 
676	68 
677	88 
678	53 
679	43 
680	64 
681	85 
682	44 
683	60 
684	30 
685	98 
686	61 
687	45 
688	41 
689	35 
690	98 
691	99 
692	9 
693	45 
694	63 
695	43 
696	82 
697	15 
698	38 
699	33 
700	29 
701	28 
702	57 
703	92 
704	27 
705	25 
706	3 
707	41 
708	1 
709	82 
710	65 
711	84 
712	26 
713	43 
714	1 
715	67 
716	93 
717	43 
718	53 
719	69 
720	21 
721	6 
722	16 
723	35 
724	15 
725	47 
726	17 
727	51 
728	30 
729	21 
730	68 
731	31 
732	45 
733	17 
734	103 
735	44 
736	96 
737	74 
738	34 
739	101 
740	85 
741	56 
742	54 
743	66 
744	51 
745	72 
746	74 
747	70 
748	15 
749	91 
750	58 
751	100 
752	45 
753	90 
754	12 
755	102 
756	43 
757	82 
758	30 
759	16 
760	70 
761	38 
762	2 
763	94 
764	67 
765	85 
766	85 
767	66 
768	64 
769	34 
770	24 
771	73 
772	51 
773	45 
774	43 
775	101 
776	16 
777	45 
778	56 
779	63 
780	11 
781	58 
782	54 
783	32 
784	87 
785	35 
786	102 
787	7 
788	55 
789	70 
790	42 
791	32 
792	83 
793	57 
794	84 
795	77 
796	11 
797	28 
798	57 
799	46 
800	34 
801	30 
802	39 
803	30 
804	17 
805	104 
806	88 
807	90 
808	73 
809	47 
810	33 
811	55 
812	55 
813	61 
814	42 
815	21 
816	82 
817	4 
818	72 
819	84 
820	92 
821	89 
822	90 
823	10 
824	11 
825	41 
826	38 
827	16 
828	97 
829	4 
830	57 
831	3 
832	45 
833	26 
834	5 
835	94 
836	56 
837	21 
838	11 
839	76 
840	28 
841	31 
842	104 
843	38 
844	17 
845	83 
846	58 
847	45 
848	49 
849	75 
850	87 
851	49 
852	84 
853	46 
854	93 
855	26 
856	34 
857	33 
858	53 
859	99 
860	13 
861	102 
862	87 
863	32 
864	25 
865	82 
866	74 
867	59 
868	32 
869	61 
870	80 
871	38 
872	50 
873	67 
874	21 
875	61 
876	33 
877	22 
878	86 
879	14 
880	1 
881	31 
882	69 
883	39 
884	66 
885	67 
886	104 
887	99 
888	83 
889	20 
890	2 
891	16 
892	53 
893	4 
894	11 
895	13 
896	96 
897	91 
898	45 
899	58 
900	1 
901	92 
902	44 
903	13 
904	32 
905	6 
906	97 
907	94 
908	53 
909	14 
910	5 
911	38 
912	71 
913	103 
914	14 
915	89 
916	30 
917	79 
918	81 
919	85 
920	92 
921	62 
922	11 
923	8 
924	19 
925	49 
926	58 
927	38 
928	32 
929	42 
930	15 
931	82 
932	17 
933	45 
934	56 
935	53 
936	4 
937	58 
938	22 
939	84 
940	46 
941	7 
942	15 
943	39 
944	71 
945	89 
946	15 
947	56 
948	75 
949	70 
950	74 
951	39 
952	47 
953	34 
954	21 
955	17 
956	21 
957	82 
958	14 
959	3 
960	15 
961	16 
962	103 
963	50 
964	19 
965	56 
966	13 
967	4 
968	38 
969	85 
970	76 
971	58 
972	41 
973	66 
974	45 
975	64 
976	69 
977	6 
978	21 
979	4 
980	48 
981	31 
982	78 
983	53 
984	92 
985	40 
986	97 
987	71 
988	43 
989	55 
990	64 
991	13 
992	52 
993	73 
994	3 
995	45 
996	53 
997	84 
998	33 
999	91 
1000	46 
1001	67 
1002	87 
1003	65 
1004	42 
1005	53 
1006	84 
1007	44 
1008	45 
1009	90 
1010	31 
1011	2 
1012	15 
1013	56 
1014	43 
1015	66 
1016	51 
1017	15 
1018	74 
1019	23 
1020	54 
1021	19 
1022	5 
1023	80 
1024	69 
1025	71 
1026	73 
1027	51 
1028	56 
1029	44 
1030	78 
1031	3 
1032	13 
1033	34 
1034	34 
1035	97 
1036	91 
1037	17 
1038	30 
1039	21 
1040	82 
1041	15 
1042	88 
1043	60 
1044	30 
1045	75 
1046	89 
1047	53 
1048	35 
1049	29 
1050	3 
1051	68 
1052	63 
1053	16 
1054	53 
1055	44 
1056	55 
1057	13 
1058	49 
1059	53 
1060	80 
1061	53 
1062	30 
1063	3 
1064	85 
1065	61 
1066	13 
1067	21 
1068	13 
1069	86 
1070	26 
1071	5 
1072	90 
1073	38 
1074	102 
1075	82 
1076	60 
1077	78 
1078	68 
1079	11 
1080	33 
1081	60 
1082	19 
1083	11 
1084	31 
1085	76 
1086	56 
1087	85 
1088	103 
1089	45 
1090	2 
1091	48 
1092	72 
1093	76 
1094	71 
1095	16 
1096	104 
1097	81 
1098	13 
1099	39 
1100	53 
1101	15 
1102	64 
1103	51 
1104	18 
1105	15 
1106	38 
1107	13 
1108	23 
1109	73 
1110	101 
1111	41 
1112	53 
1113	69 
1114	29 
1115	60 
1116	103 
1117	31 
1118	3 
1119	78 
1120	19 
1121	1 
1122	80 
1123	73 
1124	45 
1125	54 
1126	62 
1127	38 
1128	84 
1129	12 
1130	38 
1131	62 
1132	89 
1133	31 
1134	65 
1135	60 
1136	71 
1137	30 
1138	44 
1139	80 
1140	74 
1141	38 
1142	77 
1143	6 
1144	53 
1145	19 
1146	94 
1147	88 
1148	37 
1149	50 
1150	67 
1151	21 
1152	8 
1153	59 
1154	45 
1155	38 
1156	39 
1157	3 
1158	82 
1159	74 
1160	36 
1161	59 
1162	25 
1163	47 
1164	72 
1165	53 
1166	25 
1167	19 
1168	47 
1169	62 
1170	78 
1171	15 
1172	90 
1173	103 
1174	30 
1175	19 
1176	30 
1177	88 
1178	82 
1179	58 
1180	26 
1181	7 
1182	23 
1183	98 
1184	67 
1185	93 
1186	62 
1187	45 
1188	47 
1189	49 
1190	11 
1191	11 
1192	66 
1193	45 
1194	90 
1195	59 
1196	2 
1197	34 
1198	60 
1199	90 
1200	56 
1201	6 
1202	25 
1203	34 
1204	13 
1205	101 
1206	90 
1207	45 
1208	9 
1209	15 
1210	80 
1211	61 
1212	43 
1213	92 
1214	49 
1215	52 
1216	14 
1217	87 
1218	50 
1219	11 
1220	51 
1221	12 
1222	47 
1223	46 
1224	30 
1225	85 
1226	76 
1227	69 
1228	61 
1229	39 
1230	104 
1231	103 
1232	72 
1233	33 
1234	19 
1235	53 
1236	43 
1237	12 
1238	77 
1239	26 
1240	47 
1241	54 
1242	49 
1243	16 
1244	64 
1245	33 
1246	58 
1247	88 
1248	84 
1249	55 
1250	71 
1251	61 
1252	25 
1253	87 
1254	96 
1255	28 
1256	61 
1257	38 
1258	103 
1259	56 
1260	50 
1261	61 
1262	13 
1263	75 
1264	72 
1265	13 
1266	55 
1267	85 
1268	71 
1269	55 
1270	7 
1271	65 
1272	82 
1273	3 
1274	84 
1275	62 
1276	24 
1277	30 
1278	43 
1279	97 
1280	94 
1281	66 
1282	50 
1283	71 
1284	66 
1285	90 
1286	46 
1287	74 
1288	55 
1289	17 
1290	83 
1291	92 
1292	66 
1293	27 
1294	68 
1295	71 
1296	81 
1297	13 
1298	65 
1299	78 
1300	4 
1301	48 
1302	82 
1303	81 
1304	31 
1305	104 
1306	64 
1307	57 
1308	42 
1309	29 
1310	36 
1311	15 
1312	21 
1313	67 
1314	16 
1315	30 
1316	17 
1317	79 
1318	96 
1319	22 
1320	63 
1321	77 
1322	11 
1323	6 
1324	71 
1325	28 
1326	55 
1327	75 
1328	85 
1329	93 
1330	85 
1331	81 
1332	58 
1333	88 
1334	11 
1335	69 
1336	74 
1337	61 
1338	17 
1339	47 
1340	82 
1341	58 
1342	35 
1343	40 
1344	22 
1345	96 
1346	61 
1347	46 
1348	48 
1349	12 
1350	2 
1351	46 
1352	31 
1353	69 
1354	54 
1355	100 
1356	25 
1357	44 
1358	31 
1359	79 
1360	102 
1361	69 
1362	18 
1363	20 
1364	38 
1365	66 
1366	31 
1367	72 
1368	63 
1369	59 
1370	80 
1371	21 
1372	9 
1373	80 
1374	34 
1375	80 
1376	59 
1377	2 
1378	44 
1379	20 
1380	27 
1381	84 
1382	88 
1383	71 
1384	38 
1385	30 
1386	5 
1387	71 
1388	101 
1389	10 
1390	71 
1391	85 
1392	5 
1393	38 
1394	89 
1395	92 
1396	79 
1397	79 
1398	55 
1399	79 
1400	21 
1401	19 
1402	62 
1403	14 
1404	56 
1405	64 
1406	99 
1407	20 
1408	19 
1409	44 
1410	99 
1411	41 
1412	52 
1413	67 
1414	82 
1415	48 
1416	95 
1417	39 
1418	84 
1419	49 
1420	37 
1421	19 
1422	24 
1423	56 
1424	21 
1425	55 
1426	46 
1427	86 
1428	69 
1429	34 
1430	61 
1431	15 
1432	34 
1433	59 
1434	76 
1435	21 
1436	17 
1437	60 
1438	87 
1439	55 
1440	30 
1441	103 
1442	75 
1443	39 
1444	69 
1445	33 
1446	60 
1447	38 
1448	7 
1449	61 
1450	23 
1451	31 
1452	72 
1453	71 
1454	24 
1455	50 
1456	80 
1457	53 
1458	78 
1459	50 
1460	38 
1461	50 
1462	45 
1463	87 
1464	29 
1465	3 
1466	60 
1467	84 
1468	65 
1469	31 
1470	33 
1471	104 
1472	51 
1473	33 
1474	45 
1475	35 
1476	66 
1477	32 
1478	27 
1479	6 
1480	35 
1481	6 
1482	85 
1483	21 
1484	71 
1485	35 
1486	88 
1487	66 
1488	27 
1489	18 
1490	2 
1491	84 
1492	19 
1493	57 
1494	13 
1495	29 
1496	44 
1497	53 
1498	98 
1499	8 
1500	34 
1501	11 
1502	58 
1503	103 
1504	72 
1505	57 
1506	31 
1507	78 
1508	50 
1509	56 
1510	31 
1511	31 
1512	17 
1513	20 
1514	41 
1515	102 
1516	10 
1517	42 
1518	46 
1519	50 
1520	85 
1521	17 
1522	49 
1523	45 
1524	28 
1525	88 
1526	45 
1527	89 
1528	21 
1529	8 
1530	53 
1531	74 
1532	90 
1533	53 
1534	71 
1535	53 
1536	29 
1537	40 
1538	71 
1539	35 
1540	4 
1541	47 
1542	4 
1543	48 
1544	69 
1545	79 
1546	58 
1547	46 
1548	37 
1549	80 
1550	34 
1551	2 
1552	3 
1553	93 
1554	34 
1555	89 
1556	49 
1557	77 
1558	11 
1559	47 
1560	57 
1561	36 
1562	55 
1563	18 
1564	2 
1565	82 
1566	45 
1567	94 
1568	50 
1569	23 
1570	69 
1571	87 
1572	37 
1573	49 
1574	100 
1575	79 
1576	99 
1577	14 
1578	24 
1579	7 
1580	15 
1581	83 
1582	58 
1583	2 
1584	29 
1585	12 
1586	62 
1587	38 
1588	14 
1589	30 
1590	39 
1591	38 
1592	83 
1593	103 
1594	20 
1595	104 
1596	56 
1597	23 
1598	34 
1599	34 
1600	53 
1601	38 
1602	76 
1603	9 
1604	8 
1605	85 
1606	60 
1607	67 
1608	2 
1609	46 
1610	21 
1611	77 
1612	88 
1613	35 
1614	7 
1615	104 
1616	69 
1617	37 
1618	61 
1619	97 
1620	74 
1621	49 
1622	92 
1623	4 
1624	18 
1625	56 
1626	30 
1627	60 
1628	31 
1629	75 
1630	5 
1631	66 
1632	27 
1633	4 
1634	48 
1635	41 
1636	83 
1637	73 
1638	22 
1639	49 
1640	91 
1641	97 
1642	60 
1643	81 
1644	34 
1645	82 
1646	34 
1647	27 
1648	38 
1649	43 
1650	1 
1651	44 
1652	66 
1653	85 
1654	13 
1655	50 
1656	85 
1657	2 
1658	60 
1659	45 
1660	82 
1661	15 
1662	45 
1663	75 
1664	20 
1665	21 
1666	10 
1667	58 
1668	16 
1669	59 
1670	97 
1671	59 
1672	69 
1673	102 
1674	2 
1675	34 
1676	6 
1677	55 
1678	71 
1679	98 
1680	88 
1681	31 
1682	35 
1683	63 
1684	77 
1685	93 
1686	84 
1687	56 
1688	56 
1689	90 
1690	11 
1691	84 
1692	101 
1693	51 
1694	38 
1695	41 
1696	48 
1697	1 
1698	102 
1699	50 
1700	13 
1701	104 
1702	52 
1703	88 
1704	90 
1705	75 
1706	53 
1707	59 
1708	90 
1709	21 
1710	53 
1711	78 
1712	48 
1713	55 
1714	58 
1715	19 
1716	64 
1717	59 
1718	101 
1719	46 
1720	79 
1721	47 
1722	34 
1723	92 
1724	60 
1725	8 
1726	90 
1727	74 
1728	52 
1729	30 
1730	32 
1731	79 
1732	34 
1733	41 
1734	55 
1735	8 
1736	43 
1737	34 
1738	44 
1739	89 
1740	35 
1741	73 
1742	84 
1743	28 
1744	46 
1745	11 
1746	17 
1747	52 
1748	72 
1749	71 
1750	78 
1751	43 
1752	33 
1753	46 
1754	41 
1755	34 
1756	39 
1757	45 
1758	95 
1759	34 
1760	21 
1761	16 
1762	41 
1763	31 
1764	103 
1765	61 
1766	46 
1767	13 
1768	74 
1769	40 
1770	2 
1771	76 
1772	72 
1773	103 
1774	3 
1775	64 
1776	81 
1777	51 
1778	49 
1779	34 
1780	7 
1781	60 
1782	30 
1783	17 
1784	92 
1785	45 
1786	50 
1787	66 
1788	51 
1789	24 
1790	58 
1791	36 
1792	67 
1793	93 
1794	21 
1795	6 
1796	41 
1797	92 
1798	86 
1799	4 
1800	32 
1801	38 
1802	14 
1803	31 
1804	101 
1805	28 
1806	46 
1807	41 
1808	53 
1809	40 
1810	34 
1811	53 
1812	37 
1813	39 
1814	55 
1815	46 
1816	14 
1817	59 
1818	7 
1819	38 
1820	15 
1821	46 
1822	5 
1823	80 
1824	18 
1825	47 
1826	43 
1827	23 
1828	94 
1829	15 
1830	21 
1831	69 
1832	79 
1833	46 
1834	34 
1835	38 
1836	13 
1837	41 
1838	83 
1839	87 
1840	64 
1841	16 
1842	21 
1843	34 
1844	73 
1845	104 
1846	102 
1847	58 
1848	64 
1849	55 
1850	84 
1851	53 
1852	74 
1853	103 
1854	97 
1855	21 
1856	55 
1857	95 
1858	13 
1859	88 
1860	50 
1861	17 
1862	38 
1863	49 
1864	43 
1865	31 
1866	46 
1867	54 
1868	92 
1869	92 
1870	90 
1871	22 
1872	50 
1873	84 
1874	22 
1875	15 
1876	95 
1877	5 
1878	62 
1879	21 
1880	45 
1881	30 
1882	20 
1883	57 
1884	52 
1885	90 
1886	5 
1887	52 
1888	19 
1889	77 
1890	9 
1891	95 
1892	14 
1893	47 
1894	53 
1895	21 
1896	28 
1897	14 
1898	8 
1899	91 
1900	90 
1901	84 
1902	102 
1903	25 
1904	80 
1905	41 
1906	39 
1907	34 
1908	95 
1909	63 
1910	83 
1911	50 
1912	30 
1913	84 
1914	65 
1915	47 
1916	50 
1917	44 
1918	2 
1919	80 
1920	3 
1921	63 
1922	85 
1923	73 
1924	26 
1925	64 
1926	102 
1927	88 
1928	35 
1929	12 
1930	22 
1931	89 
1932	13 
1933	61 
1934	16 
1935	54 
1936	8 
1937	80 
1938	85 
1939	80 
1940	83 
1941	49 
1942	13 
1943	97 
1944	63 
1945	83 
1946	56 
1947	88 
1948	80 
1949	69 
1950	16 
1951	85 
1952	90 
1953	34 
1954	13 
1955	50 
1956	8 
1957	4 
1958	7 
1959	78 
1960	42 
1961	14 
1962	71 
1963	51 
1964	88 
1965	76 
1966	11 
1967	68 
1968	90 
1969	90 
1970	49 
1971	34 
1972	43 
1973	70 
1974	16 
1975	97 
1976	83 
1977	32 
1978	61 
1979	44 
1980	15 
1981	15 
1982	101 
1983	57 
1984	79 
1985	62 
1986	44 
1987	52 
1988	19 
1989	12 
1990	54 
1991	56 
1992	69 
1993	79 
1994	68 
1995	19 
1996	57 
1997	35 
1998	104 
1999	93 
2000	62 
2001	75 
2002	58 
2003	79 
2004	58 
2005	21 
2006	31 
2007	15 
2008	64 
2009	40 
2010	62 
2011	63 
2012	50 
2013	80 
2014	98 
2015	81 
2016	46 
2017	88 
2018	28 
2019	79 
2020	53 
2021	6 
2022	6 
2023	85 
2024	75 
2025	48 
2026	15 
2027	85 
2028	75 
2029	23 
2030	36 
2031	61 
2032	30 
2033	17 
2034	96 
2035	59 
2036	60 
2037	74 
2038	30 
2039	47 
2040	2 
2041	42 
2042	45 
2043	103 
2044	93 
2045	55 
2046	102 
2047	100 
2048	34 
2049	14 
2050	103 
2051	60 
2052	101 
2053	15 
2054	15 
2055	37 
2056	103 
2057	27 
2058	84 
2059	8 
2060	102 
2061	15 
2062	35 
2063	13 
2064	55 
2065	89 
2066	24 
2067	41 
2068	1 
2069	32 
2070	32 
2071	38 
2072	49 
2073	26 
2074	42 
2075	71 
2076	82 
2077	102 
2078	14 
2079	51 
2080	60 
2081	38 
2082	71 
2083	21 
2084	46 
2085	50 
2086	61 
2087	21 
2088	5 
2089	69 
2090	30 
2091	39 
2092	23 
2093	17 
2094	38 
2095	75 
2096	58 
2097	50 
2098	95 
2099	11 
2100	20 
2101	58 
2102	88 
2103	47 
2104	55 
2105	36 
2106	94 
2107	90 
2108	84 
2109	14 
2110	91 
2111	10 
2112	104 
2113	71 
2114	34 
2115	46 
2116	66 
2117	68 
2118	17 
2119	26 
2120	84 
2121	4 
2122	51 
2123	7 
2124	45 
2125	12 
2126	102 
2127	17 
2128	69 
2129	31 
2130	98 
2131	15 
2132	13 
2133	46 
2134	92 
2135	53 
2136	63 
2137	95 
2138	25 
2139	84 
2140	5 
2141	57 
2142	62 
2143	34 
2144	11 
2145	85 
2146	48 
2147	49 
2148	33 
2149	71 
2150	4 
2151	8 
2152	59 
2153	60 
2154	52 
2155	24 
2156	30 
2157	15 
2158	103 
2159	21 
2160	1 
2161	88 
2162	50 
2163	52 
2164	76 
2165	7 
2166	16 
2167	81 
2168	53 
2169	81 
2170	53 
2171	38 
2172	79 
2173	28 
2174	102 
2175	101 
2176	21 
2177	66 
2178	35 
2179	1 
2180	102 
2181	84 
2182	103 
2183	88 
2184	69 
2185	71 
2186	55 
2187	90 
2188	72 
2189	53 
2190	36 
2191	89 
2192	27 
2193	30 
2194	57 
2195	71 
2196	76 
2197	98 
2198	88 
2199	41 
2200	60 
2201	38 
2202	52 
2203	34 
2204	15 
2205	62 
2206	19 
2207	14 
2208	66 
2209	90 
2210	19 
2211	80 
2212	54 
2213	77 
2214	98 
2215	91 
2216	86 
2217	52 
2218	55 
2219	96 
2220	75 
2221	50 
2222	19 
2223	90 
2224	85 
2225	18 
2226	8 
2227	81 
2228	35 
2229	81 
2230	82 
2231	4 
2232	19 
2233	56 
2234	46 
2235	76 
2236	30 
2237	31 
2238	47 
2239	21 
2240	31 
2241	92 
2242	36 
2243	101 
2244	74 
2245	66 
2246	102 
2247	56 
2248	29 
2249	93 
2250	56 
2251	55 
2252	41 
2253	88 
2254	14 
2255	56 
2256	92 
2257	46 
2258	45 
2259	89 
2260	53 
2261	37 
2262	90 
2263	68 
2264	55 
2265	8 
2266	95 
2267	84 
2268	41 
2269	63 
2270	75 
2271	14 
2272	76 
2273	75 
2274	80 
2275	47 
2276	19 
2277	57 
2278	71 
2279	14 
2280	102 
2281	85 
2282	34 
2283	58 
2284	73 
2285	75 
2286	80 
2287	2 
2288	83 
2289	44 
2290	83 
2291	66 
2292	80 
2293	101 
2294	26 
2295	14 
2296	43 
2297	19 
2298	92 
2299	102 
2300	60 
2301	4 
2302	91 
2303	21 
2304	44 
2305	82 
2306	5 
2307	21 
2308	5 
2309	100 
2310	78 
2311	84 
2312	46 
2313	64 
2314	91 
2315	13 
2316	96 
2317	77 
2318	74 
2319	15 
2320	21 
2321	9 
2322	67 
2323	5 
2324	15 
2325	67 
2326	102 
2327	34 
2328	19 
2329	80 
2330	56 
2331	67 
2332	82 
2333	48 
2334	85 
2335	15 
2336	57 
2337	74 
2338	18 
2339	83 
2340	55 
2341	66 
2342	6 
2343	85 
2344	28 
2345	6 
2346	97 
2347	37 
2348	38 
2349	19 
2350	85 
2351	2 
2352	76 
2353	65 
2354	84 
2355	2 
2356	63 
2357	92 
2358	17 
2359	61 
2360	15 
2361	94 
2362	68 
2363	11 
2364	49 
2365	90 
2366	90 
2367	63 
2368	9 
2369	83 
2370	29 
2371	80 
2372	21 
2373	15 
2374	9 
2375	48 
2376	27 
2377	82 
2378	6 
2379	50 
2380	14 
2381	46 
2382	9 
2383	83 
2384	72 
2385	37 
2386	30 
2387	13 
2388	46 
2389	52 
2390	79 
2391	61 
2392	30 
2393	102 
2394	56 
2395	21 
2396	53 
2397	55 
2398	96 
2399	43 
2400	15 
2401	84 
2402	53 
2403	67 
2404	56 
2405	69 
2406	65 
2407	49 
2408	21 
2409	41 
2410	64 
2411	14 
2412	55 
2413	35 
2414	82 
2415	75 
2416	104 
2417	17 
2418	18 
2419	76 
2420	23 
2421	57 
2422	83 
2423	13 
2424	27 
2425	14 
2426	46 
2427	99 
2428	6 
2429	71 
2430	30 
2431	43 
2432	59 
2433	11 
2434	58 
2435	46 
2436	16 
2437	97 
2438	13 
2439	82 
2440	71 
2441	84 
2442	3 
2443	42 
2444	50 
2445	41 
2446	23 
2447	65 
2448	13 
2449	56 
2450	37 
2451	19 
2452	102 
2453	70 
2454	31 
2455	35 
2456	83 
2457	28 
2458	82 
2459	78 
2460	100 
2461	19 
2462	82 
2463	26 
2464	51 
2465	86 
2466	79 
2467	38 
2468	76 
2469	59 
2470	18 
2471	58 
2472	77 
2473	60 
2474	81 
2475	104 
2476	46 
2477	76 
2478	45 
2479	102 
2480	92 
2481	53 
2482	89 
2483	32 
2484	42 
2485	1 
2486	19 
2487	90 
2488	38 
2489	61 
2490	42 
2491	31 
2492	85 
2493	57 
2494	70 
2495	20 
2496	52 
2497	28 
2498	93 
2499	96 
2500	33 
2501	53 
2502	90 
2503	22 
2504	98 
2505	101 
2506	58 
2507	84 
2508	21 
2509	4 
2510	55 
2511	64 
2512	38 
2513	95 
2514	31 
2515	82 
2516	83 
2517	50 
2518	39 
2519	75 
2520	27 
2521	41 
2522	50 
2523	43 
2524	75 
2525	1 
2526	64 
2527	35 
2528	16 
2529	44 
2530	35 
2531	12 
2532	28 
2533	44 
2534	77 
2535	84 
2536	55 
2537	85 
2538	51 
2539	48 
2540	66 
2541	30 
2542	90 
2543	46 
2544	17 
2545	23 
2546	28 
2547	97 
2548	76 
2549	91 
2550	40 
2551	24 
2552	75 
2553	85 
2554	100 
2555	50 
2556	75 
2557	63 
2558	65 
2559	67 
2560	88 
2561	66 
2562	35 
2563	21 
2564	7 
2565	96 
2566	79 
2567	52 
2568	90 
2569	61 
2570	76 
2571	88 
2572	69 
2573	64 
2574	78 
2575	50 
2576	63 
2577	83 
2578	39 
2579	85 
2580	5 
2581	34 
2582	28 
2583	46 
2584	75 
2585	4 
2586	98 
2587	52 
2588	44 
2589	20 
2590	85 
2591	8 
2592	6 
2593	78 
2594	28 
2595	102 
2596	39 
2597	14 
2598	52 
2599	58 
2600	74 
2601	7 
2602	28 
2603	57 
2604	83 
2605	84 
2606	55 
2607	55 
2608	33 
2609	74 
2610	98 
2611	46 
2612	6 
2613	38 
2614	3 
2615	69 
2616	56 
2617	77 
2618	19 
2619	71 
2620	57 
2621	91 
2622	66 
2623	70 
2624	30 
2625	28 
2626	58 
2627	89 
2628	98 
2629	59 
2630	93 
2631	13 
2632	33 
2633	56 
2634	29 
2635	53 
2636	56 
2637	19 
2638	43 
2639	97 
2640	25 
2641	18 
2642	93 
2643	63 
2644	41 
2645	79 
2646	77 
2647	17 
2648	8 
2649	5 
2650	60 
2651	61 
2652	68 
2653	56 
2654	87 
2655	64 
2656	100 
2657	18 
2658	91 
2659	53 
2660	72 
2661	73 
2662	50 
2663	18 
2664	46 
2665	103 
2666	67 
2667	7 
2668	90 
2669	81 
2670	99 
2671	11 
2672	56 
2673	44 
2674	80 
2675	3 
2676	34 
2677	17 
2678	43 
2679	16 
2680	88 
2681	101 
2682	73 
2683	75 
2684	14 
2685	64 
2686	98 
2687	58 
2688	40 
2689	90 
2690	79 
2691	101 
2692	51 
2693	103 
2694	70 
2695	79 
2696	20 
2697	18 
2698	47 
2699	30 
2700	80 
2701	2 
2702	15 
2703	98 
2704	44 
2705	2 
2706	84 
2707	41 
2708	89 
2709	103 
2710	21 
2711	88 
2712	102 
2713	79 
2714	81 
2715	49 
2716	11 
2717	32 
2718	45 
2719	44 
2720	48 
2721	24 
2722	84 
2723	101 
2724	15 
2725	63 
2726	5 
2727	98 
2728	55 
2729	41 
2730	93 
2731	3 
2732	89 
2733	77 
2734	69 
2735	72 
2736	103 
2737	70 
2738	29 
2739	84 
2740	64 
2741	7 
2742	60 
2743	38 
2744	41 
2745	93 
2746	3 
2747	69 
2748	22 
2749	66 
2750	35 
2751	85 
2752	95 
2753	72 
2754	8 
2755	49 
2756	34 
2757	15 
2758	88 
2759	73 
2760	21 
2761	95 
2762	72 
2763	72 
2764	71 
2765	89 
2766	60 
2767	43 
2768	36 
2769	41 
2770	10 
2771	30 
2772	43 
2773	3 
2774	52 
2775	70 
2776	101 
2777	32 
2778	29 
2779	89 
2780	69 
2781	67 
2782	42 
2783	96 
2784	76 
2785	59 
2786	75 
2787	22 
2788	40 
2789	19 
2790	74 
2791	30 
2792	56 
2793	43 
2794	1 
2795	34 
2796	90 
2797	64 
2798	95 
2799	26 
2800	63 
2801	70 
2802	62 
2803	10 
2804	45 
2805	49 
2806	103 
2807	6 
2808	2 
2809	70 
2810	63 
2811	95 
2812	66 
2813	22 
2814	92 
2815	1 
2816	48 
2817	15 
2818	53 
2819	53 
2820	38 
2821	85 
2822	66 
2823	2 
2824	18 
2825	83 
2826	34 
2827	49 
2828	79 
2829	59 
2830	59 
2831	90 
2832	49 
2833	19 
2834	50 
2835	81 
2836	76 
2837	84 
2838	69 
2839	75 
2840	69 
2841	55 
2842	59 
2843	53 
2844	30 
2845	6 
2846	41 
2847	78 
2848	82 
2849	76 
2850	71 
2851	84 
2852	92 
2853	98 
2854	104 
2855	103 
2856	67 
2857	103 
2858	18 
2859	80 
2860	71 
2861	15 
2862	98 
2863	87 
2864	89 
2865	45 
2866	9 
2867	31 
2868	13 
2869	51 
2870	44 
2871	22 
2872	19 
2873	28 
2874	90 
2875	67 
2876	103 
2877	71 
2878	98 
2879	45 
2880	91 
2881	53 
2882	88 
2883	85 
2884	79 
2885	42 
2886	17 
2887	24 
2888	33 
2889	43 
2890	23 
2891	57 
2892	45 
2893	26 
2894	6 
2895	62 
2896	72 
2897	83 
2898	88 
2899	42 
2900	70 
2901	18 
2902	56 
2903	20 
2904	26 
2905	25 
2906	97 
2907	22 
2908	103 
2909	72 
2910	79 
2911	78 
2912	17 
2913	73 
2914	72 
2915	62 
2916	84 
2917	49 
2918	49 
2919	53 
2920	62 
2921	44 
2922	82 
2923	7 
2924	51 
2925	15 
2926	54 
2927	45 
2928	83 
2929	38 
2930	49 
2931	99 
2932	67 
2933	38 
2934	21 
2935	99 
2936	12 
2937	80 
2938	18 
2939	47 
2940	60 
2941	28 
2942	69 
2943	1 
2944	16 
2945	79 
2946	56 
2947	21 
2948	40 
2949	41 
2950	69 
2951	16 
2952	88 
2953	57 
2954	81 
2955	14 
2956	88 
2957	29 
2958	91 
2959	50 
2960	58 
2961	61 
2962	34 
2963	62 
2964	34 
2965	84 
2966	56 
2967	63 
2968	28 
2969	66 
2970	68 
2971	80 
2972	90 
2973	17 
2974	80 
2975	94 
2976	78 
2977	104 
2978	41 
2979	5 
2980	71 
2981	19 
2982	18 
2983	32 
2984	28 
2985	41 
2986	44 
2987	103 
2988	18 
2989	88 
2990	18 
2991	64 
2992	59 
2993	6 
2994	17 
2995	100 
2996	14 
2997	86 
2998	38 
2999	14 
3000	38 
3001	67 
3002	100 
3003	60 
3004	103 
3005	39 
3006	21 
3007	50 
3008	12 
3009	24 
3010	3 
3011	15 
3012	74 
3013	43 
3014	60 
3015	39 
3016	38 
3017	61 
3018	69 
3019	101 
3020	99 
3021	25 
3022	41 
3023	46 
3024	102 
3025	19 
3026	13 
3027	63 
3028	46 
3029	103 
3030	57 
3031	39 
3032	14 
3033	94 
3034	34 
3035	32 
3036	85 
3037	89 
3038	64 
3039	31 
3040	51 
3041	84 
3042	101 
3043	44 
3044	35 
3045	80 
3046	104 
3047	96 
3048	27 
3049	20 
3050	3 
3051	33 
3052	16 
3053	99 
3054	85 
3055	23 
3056	56 
3057	31 
3058	84 
3059	98 
3060	9 
3061	79 
3062	87 
3063	61 
3064	45 
3065	89 
3066	76 
3067	64 
3068	15 
3069	100 
3070	53 
3071	20 
3072	98 
3073	4 
3074	76 
3075	102 
3076	46 
3077	12 
3078	83 
3079	93 
3080	53 
3081	45 
3082	97 
3083	66 
3084	19 
3085	10 
3086	89 
3087	11 
3088	25 
3089	45 
3090	93 
3091	78 
3092	46 
3093	32 
3094	83 
3095	4 
3096	100 
3097	89 
3098	21 
3099	13 
3100	104 
3101	26 
3102	81 
3103	50 
3104	58 
3105	83 
3106	46 
3107	82 
3108	33 
3109	50 
3110	16 
3111	102 
3112	15 
3113	2 
3114	15 
3115	9 
3116	7 
3117	24 
3118	89 
3119	66 
3120	14 
3121	63 
3122	28 
3123	80 
3124	96 
3125	57 
3126	13 
3127	101 
3128	85 
3129	15 
3130	80 
3131	90 
3132	19 
3133	18 
3134	10 
3135	55 
3136	38 
3137	61 
3138	76 
3139	82 
3140	9 
3141	97 
3142	75 
3143	31 
3144	89 
3145	50 
3146	44 
3147	46 
3148	61 
3149	38 
3150	83 
3151	11 
3152	50 
3153	30 
3154	86 
3155	56 
3156	78 
3157	84 
3158	90 
3159	17 
3160	16 
3161	86 
3162	57 
3163	84 
3164	71 
3165	87 
3166	1 
3167	60 
3168	60 
3169	84 
3170	63 
3171	97 
3172	15 
3173	80 
3174	61 
3175	51 
3176	83 
3177	58 
3178	44 
3179	54 
3180	31 
3181	75 
3182	80 
3183	22 
3184	41 
3185	16 
3186	33 
3187	87 
3188	69 
3189	85 
3190	92 
3191	42 
3192	17 
3193	11 
3194	13 
3195	99 
3196	72 
3197	86 
3198	65 
3199	92 
3200	14 
3201	91 
3202	87 
3203	16 
3204	89 
3205	71 
3206	32 
3207	14 
3208	16 
3209	49 
3210	38 
3211	8 
3212	84 
3213	38 
3214	103 
3215	33 
3216	79 
3217	73 
3218	52 
3219	63 
3220	9 
3221	32 
3222	68 
3223	35 
3224	38 
3225	70 
3226	33 
3227	16 
3228	83 
3229	58 
3230	22 
3231	83 
3232	10 
3233	16 
3234	85 
3235	25 
3236	51 
3237	43 
3238	60 
3239	13 
3240	80 
3241	54 
3242	72 
3243	104 
3244	58 
3245	68 
3246	15 
3247	79 
3248	55 
3249	48 
3250	53 
3251	31 
3252	33 
3253	96 
3254	82 
3255	16 
3256	43 
3257	4 
3258	66 
3259	45 
3260	41 
3261	49 
3262	95 
3263	57 
3264	46 
3265	84 
3266	66 
3267	74 
3268	77 
3269	84 
3270	38 
3271	3 
3272	88 
3273	61 
3274	13 
3275	48 
3276	5 
3277	32 
3278	80 
3279	37 
3280	33 
3281	76 
3282	1 
3283	67 
3284	32 
3285	86 
3286	71 
3287	88 
3288	55 
3289	76 
3290	28 
3291	90 
3292	5 
3293	45 
3294	55 
3295	71 
3296	41 
3297	53 
3298	5 
3299	7 
3300	61 
3301	86 
3302	9 
3303	78 
3304	15 
3305	56 
3306	45 
3307	35 
3308	65 
3309	72 
3310	56 
3311	101 
3312	45 
3313	46 
3314	80 
3315	55 
3316	5 
3317	15 
3318	15 
3319	68 
3320	50 
3321	84 
3322	16 
3323	28 
3324	8 
3325	17 
3326	49 
3327	61 
3328	19 
3329	30 
3330	21 
3331	100 
3332	2 
3333	7 
3334	63 
3335	87 
3336	71 
3337	79 
3338	81 
3339	80 
3340	39 
3341	2 
3342	65 
3343	81 
3344	14 
3345	19 
3346	72 
3347	81 
3348	25 
3349	15 
3350	59 
3351	68 
3352	13 
3353	34 
3354	59 
3355	98 
3356	49 
3357	49 
3358	90 
3359	30 
3360	80 
3361	21 
3362	88 
3363	75 
3364	30 
3365	71 
3366	6 
3367	53 
3368	63 
3369	40 
3370	30 
3371	88 
3372	21 
3373	24 
3374	62 
3375	13 
3376	21 
3377	93 
3378	85 
3379	100 
3380	60 
3381	43 
3382	88 
3383	102 
3384	28 
3385	41 
3386	61 
3387	88 
3388	30 
3389	50 
3390	81 
3391	50 
3392	1 
3393	17 
3394	74 
3395	60 
3396	86 
3397	38 
3398	58 
3399	20 
3400	27 
3401	46 
3402	31 
3403	34 
3404	66 
3405	11 
3406	77 
3407	7 
3408	16 
3409	61 
3410	81 
3411	30 
3412	46 
3413	91 
3414	43 
3415	103 
3416	45 
3417	42 
3418	93 
3419	70 
3420	95 
3421	102 
3422	68 
3423	38 
3424	74 
3425	30 
3426	87 
3427	21 
3428	57 
3429	92 
3430	41 
3431	104 
3432	48 
3433	41 
3434	50 
3435	80 
3436	101 
3437	100 
3438	38 
3439	33 
3440	85 
3441	103 
3442	56 
3443	103 
3444	82 
3445	74 
3446	49 
3447	100 
3448	85 
3449	17 
3450	63 
3451	6 
3452	53 
3453	45 
3454	48 
3455	76 
3456	89 
3457	43 
3458	22 
3459	90 
3460	30 
3461	40 
3462	21 
3463	101 
3464	60 
3465	56 
3466	96 
3467	103 
3468	55 
3469	70 
3470	28 
3471	20 
3472	103 
3473	8 
3474	45 
3475	102 
3476	38 
3477	6 
3478	68 
3479	33 
3480	84 
3481	44 
3482	85 
3483	53 
3484	91 
3485	6 
3486	45 
3487	101 
3488	21 
3489	13 
3490	64 
3491	43 
3492	101 
3493	99 
3494	48 
3495	40 
3496	16 
3497	45 
3498	1 
3499	85 
3500	72 
3501	79 
3502	71 
3503	41 
3504	57 
3505	78 
3506	32 
3507	93 
3508	62 
3509	34 
3510	70 
3511	3 
3512	96 
3513	2 
3514	45 
3515	30 
3516	100 
3517	67 
3518	65 
3519	21 
3520	58 
3521	7 
3522	46 
3523	13 
3524	59 
3525	57 
3526	66 
3527	8 
3528	93 
3529	82 
3530	31 
3531	11 
3532	51 
3533	79 
3534	61 
3535	54 
3536	19 
3537	29 
3538	55 
3539	64 
3540	75 
3541	62 
3542	54 
3543	37 
3544	31 
3545	45 
3546	19 
3547	6 
3548	31 
3549	93 
3550	38 
3551	19 
3552	13 
3553	72 
3554	21 
3555	60 
3556	85 
3557	31 
3558	38 
3559	87 
3560	36 
3561	73 
3562	73 
3563	33 
3564	41 
3565	55 
3566	89 
3567	30 
3568	47 
3569	37 
3570	23 
3571	53 
3572	30 
3573	94 
3574	60 
3575	81 
3576	82 
3577	93 
3578	82 
3579	64 
3580	38 
3581	41 
3582	16 
3583	37 
3584	53 
3585	85 
3586	58 
3587	15 
3588	79 
3589	28 
3590	83 
3591	62 
3592	90 
3593	71 
3594	63 
3595	15 
3596	31 
3597	16 
3598	2 
3599	83 
3600	77 
3601	59 
3602	66 
3603	97 
3604	19 
3605	76 
3606	16 
3607	74 
3608	37 
3609	95 
3610	15 
3611	64 
3612	6 
3613	50 
3614	12 
3615	53 
3616	56 
3617	53 
3618	56 
3619	18 
3620	30 
3621	51 
3622	53 
3623	84 
3624	84 
3625	46 
3626	92 
3627	34 
3628	79 
3629	82 
3630	33 
3631	83 
3632	45 
3633	35 
3634	23 
3635	49 
3636	96 
3637	4 
3638	31 
3639	63 
3640	68 
3641	49 
3642	14 
3643	94 
3644	80 
3645	5 
3646	79 
3647	45 
3648	82 
3649	34 
3650	90 
3651	72 
3652	85 
3653	61 
3654	91 
3655	50 
3656	32 
3657	35 
3658	52 
3659	75 
3660	79 
3661	9 
3662	84 
3663	50 
3664	56 
3665	58 
3666	82 
3667	84 
3668	46 
3669	14 
3670	58 
3671	103 
3672	55 
3673	49 
3674	7 
3675	100 
3676	85 
3677	66 
3678	65 
3679	82 
3680	101 
3681	48 
3682	39 
3683	5 
3684	16 
3685	41 
3686	102 
3687	14 
3688	61 
3689	65 
3690	66 
3691	49 
3692	69 
3693	30 
3694	70 
3695	31 
3696	87 
3697	56 
3698	85 
3699	65 
3700	84 
3701	58 
3702	20 
3703	102 
3704	8 
3705	11 
3706	14 
3707	63 
3708	15 
3709	12 
3710	19 
3711	18 
3712	21 
3713	17 
3714	84 
3715	52 
3716	59 
3717	95 
3718	83 
3719	63 
3720	75 
3721	41 
3722	34 
3723	70 
3724	27 
3725	13 
3726	42 
3727	74 
3728	56 
3729	20 
3730	16 
3731	87 
3732	91 
3733	44 
3734	70 
3735	6 
3736	19 
3737	104 
3738	7 
3739	59 
3740	17 
3741	84 
3742	66 
3743	60 
3744	68 
3745	26 
3746	13 
3747	51 
3748	95 
3749	13 
3750	82 
3751	38 
3752	49 
3753	94 
3754	94 
3755	45 
3756	54 
3757	95 
3758	62 
3759	56 
3760	21 
3761	66 
3762	89 
3763	31 
3764	71 
3765	28 
3766	97 
3767	15 
3768	82 
3769	21 
3770	89 
3771	53 
3772	81 
3773	64 
3774	23 
3775	2 
3776	7 
3777	66 
3778	79 
3779	13 
3780	22 
3781	28 
3782	66 
3783	69 
3784	27 
3785	56 
3786	5 
3787	13 
3788	62 
3789	12 
3790	103 
3791	59 
3792	33 
3793	18 
3794	98 
3795	94 
3796	77 
3797	56 
3798	53 
3799	16 
3800	80 
3801	85 
3802	16 
3803	43 
3804	30 
3805	32 
3806	98 
3807	4 
3808	9 
3809	50 
3810	14 
3811	64 
3812	85 
3813	59 
3814	49 
3815	26 
3816	13 
3817	13 
3818	19 
3819	96 
3820	1 
3821	66 
3822	30 
3823	97 
3824	80 
3825	85 
3826	57 
3827	40 
3828	33 
3829	17 
3830	63 
3831	30 
3832	44 
3833	53 
3834	86 
3835	82 
3836	7 
3837	43 
3838	45 
3839	77 
3840	40 
3841	33 
3842	80 
3843	74 
3844	46 
3845	84 
3846	64 
3847	61 
3848	13 
3849	60 
3850	22 
3851	100 
3852	80 
3853	22 
3854	38 
3855	50 
3856	13 
3857	44 
3858	41 
3859	24 
3860	52 
3861	71 
3862	41 
3863	46 
3864	39 
3865	31 
3866	38 
3867	43 
3868	71 
3869	48 
3870	38 
3871	41 
3872	85 
3873	59 
3874	45 
3875	4 
3876	85 
3877	66 
3878	84 
3879	31 
3880	53 
3881	43 
3882	38 
3883	19 
3884	17 
3885	9 
3886	55 
3887	30 
3888	18 
3889	91 
3890	46 
3891	41 
3892	90 
3893	54 
3894	76 
3895	72 
3896	103 
3897	104 
3898	13 
3899	5 
3900	37 
3901	36 
3902	74 
3903	79 
3904	85 
3905	42 
3906	53 
3907	48 
3908	21 
3909	74 
3910	80 
3911	57 
3912	14 
3913	63 
3914	59 
3915	7 
3916	69 
3917	97 
3918	2 
3919	67 
3920	59 
3921	97 
3922	6 
3923	66 
3924	89 
3925	84 
3926	68 
3927	78 
3928	97 
3929	75 
3930	10 
3931	71 
3932	71 
3933	104 
3934	101 
3935	6 
3936	17 
3937	88 
3938	34 
3939	40 
3940	23 
3941	100 
3942	30 
3943	101 
3944	41 
3945	49 
3946	13 
3947	18 
3948	64 
3949	71 
3950	66 
3951	84 
3952	21 
3953	34 
3954	92 
3955	71 
3956	16 
3957	26 
3958	50 
3959	38 
3960	23 
3961	37 
3962	5 
3963	11 
3964	56 
3965	63 
3966	7 
3967	21 
3968	62 
3969	39 
3970	47 
3971	7 
3972	3 
3973	18 
3974	79 
3975	55 
3976	75 
3977	94 
3978	30 
3979	61 
3980	36 
3981	102 
3982	82 
3983	14 
3984	83 
3985	84 
3986	30 
3987	30 
3988	73 
3989	104 
3990	86 
3991	83 
3992	34 
3993	56 
3994	46 
3995	55 
3996	21 
3997	29 
3998	45 
3999	104 
4000	15 
4001	37 
4002	66 
4003	23 
4004	99 
4005	24 
4006	28 
4007	36 
4008	56 
4009	66 
4010	60 
4011	41 
4012	55 
4013	85 
4014	14 
4015	102 
4016	12 
4017	38 
4018	45 
4019	50 
4020	88 
4021	14 
4022	64 
4023	16 
4024	12 
4025	83 
4026	10 
4027	62 
4028	22 
4029	97 
4030	53 
4031	89 
4032	104 
4033	45 
4034	6 
4035	30 
4036	5 
4037	45 
4038	93 
4039	25 
4040	69 
4041	91 
4042	72 
4043	59 
4044	1 
4045	86 
4046	101 
4047	93 
4048	76 
4049	17 
4050	46 
4051	36 
4052	68 
4053	17 
4054	17 
4055	72 
4056	51 
4057	32 
4058	6 
4059	80 
4060	55 
4061	72 
4062	43 
4063	59 
4064	31 
4065	67 
4066	78 
4067	56 
4068	53 
4069	85 
4070	74 
4071	85 
4072	83 
4073	57 
4074	19 
4075	101 
4076	56 
4077	18 
4078	2 
4079	76 
4080	24 
4081	9 
4082	99 
4083	34 
4084	97 
4085	27 
4086	19 
4087	86 
4088	71 
4089	103 
4090	61 
4091	76 
4092	85 
4093	71 
4094	34 
4095	91 
4096	37 
4097	92 
4098	45 
4099	60 
4100	16 
4101	59 
4102	56 
4103	48 
4104	56 
4105	104 
4106	104 
4107	99 
4108	38 
4109	78 
4110	76 
4111	5 
4112	88 
4113	11 
4114	34 
4115	75 
4116	7 
4117	79 
4118	57 
4119	32 
4120	72 
4121	35 
4122	73 
4123	58 
4124	30 
4125	21 
4126	52 
4127	5 
4128	83 
4129	21 
4130	66 
4131	80 
4132	10 
4133	86 
4134	62 
4135	99 
4136	45 
4137	44 
4138	60 
4139	37 
4140	35 
4141	64 
4142	30 
4143	9 
4144	26 
4145	46 
4146	53 
4147	88 
4148	75 
4149	54 
4150	60 
4151	61 
4152	35 
4153	92 
4154	15 
4155	55 
4156	55 
4157	51 
4158	7 
4159	61 
4160	91 
4161	82 
4162	94 
4163	84 
4164	61 
4165	49 
4166	63 
4167	58 
4168	9 
4169	27 
4170	81 
4171	45 
4172	9 
4173	66 
4174	23 
4175	8 
4176	72 
4177	41 
4178	50 
4179	69 
4180	85 
4181	46 
4182	15 
4183	56 
4184	5 
4185	101 
4186	63 
4187	25 
4188	40 
4189	64 
4190	61 
4191	88 
4192	88 
4193	57 
4194	38 
4195	26 
4196	71 
4197	38 
4198	76 
4199	57 
4200	68 
4201	50 
4202	10 
4203	75 
4204	41 
4205	90 
4206	99 
4207	5 
4208	86 
4209	50 
4210	6 
4211	84 
4212	97 
4213	103 
4214	50 
4215	56 
4216	41 
4217	102 
4218	79 
4219	34 
4220	84 
4221	8 
4222	21 
4223	39 
4224	103 
4225	15 
4226	15 
4227	80 
4228	34 
4229	92 
4230	41 
4231	50 
4232	17 
4233	72 
4234	10 
4235	29 
4236	57 
4237	63 
4238	64 
4239	14 
4240	39 
4241	44 
4242	69 
4243	53 
4244	51 
4245	69 
4246	58 
4247	88 
4248	19 
4249	21 
4250	53 
4251	7 
4252	50 
4253	3 
4254	13 
4255	69 
4256	86 
4257	41 
4258	92 
4259	53 
4260	26 
4261	11 
4262	85 
4263	17 
4264	47 
4265	21 
4266	81 
4267	47 
4268	82 
4269	25 
4270	16 
4271	92 
4272	89 
4273	14 
4274	45 
4275	61 
4276	9 
4277	62 
4278	38 
4279	34 
4280	19 
4281	66 
4282	6 
4283	29 
4284	63 
4285	53 
4286	11 
4287	39 
4288	55 
4289	85 
4290	50 
4291	85 
4292	21 
4293	10 
4294	27 
4295	1 
4296	16 
4297	55 
4298	12 
4299	83 
4300	73 
4301	46 
4302	63 
4303	55 
4304	57 
4305	10 
4306	21 
4307	1 
4308	43 
4309	80 
4310	14 
4311	93 
4312	7 
4313	60 
4314	42 
4315	30 
4316	78 
4317	85 
4318	83 
4319	49 
4320	58 
4321	71 
4322	80 
4323	90 
4324	45 
4325	38 
4326	49 
4327	49 
4328	32 
4329	50 
4330	33 
4331	102 
4332	49 
4333	7 
4334	6 
4335	14 
4336	10 
4337	38 
4338	41 
4339	53 
4340	59 
4341	11 
4342	88 
4343	69 
4344	95 
4345	70 
4346	65 
4347	68 
4348	36 
4349	19 
4350	80 
4351	23 
4352	44 
4353	16 
4354	81 
4355	18 
4356	3 
4357	69 
4358	58 
4359	38 
4360	42 
4361	19 
4362	15 
4363	34 
4364	72 
4365	9 
4366	35 
4367	64 
4368	4 
4369	80 
4370	56 
4371	43 
4372	54 
4373	81 
4374	75 
4375	37 
4376	92 
4377	43 
4378	43 
4379	43 
4380	61 
4381	69 
4382	56 
4383	21 
4384	98 
4385	43 
4386	56 
4387	71 
4388	66 
4389	84 
4390	36 
4391	9 
4392	15 
4393	65 
4394	50 
4395	76 
4396	17 
4397	19 
4398	34 
4399	53 
4400	59 
4401	31 
4402	31 
4403	83 
4404	43 
4405	8 
4406	48 
4407	84 
4408	64 
4409	84 
4410	21 
4411	57 
4412	49 
4413	77 
4414	59 
4415	79 
4416	44 
4417	59 
4418	3 
4419	85 
4420	58 
4421	35 
4422	41 
4423	51 
4424	90 
4425	103 
4426	88 
4427	67 
4428	85 
4429	23 
4430	44 
4431	87 
4432	91 
4433	86 
4434	17 
4435	41 
4436	61 
4437	81 
4438	19 
4439	80 
4440	59 
4441	95 
4442	56 
4443	64 
4444	71 
4445	58 
4446	30 
4447	56 
4448	21 
4449	84 
4450	5 
4451	17 
4452	90 
4453	14 
4454	56 
4455	12 
4456	63 
4457	67 
4458	9 
4459	14 
4460	28 
4461	21 
4462	43 
4463	5 
4464	81 
4465	37 
4466	1 
4467	66 
4468	46 
4469	80 
4470	46 
4471	55 
4472	43 
4473	93 
4474	46 
4475	41 
4476	44 
4477	37 
4478	98 
4479	74 
4480	28 
4481	64 
4482	54 
4483	53 
4484	39 
4485	71 
4486	10 
4487	102 
4488	93 
4489	69 
4490	103 
4491	67 
4492	104 
4493	98 
4494	46 
4495	89 
4496	89 
4497	68 
4498	46 
4499	32 
4500	61 
4501	76 
4502	15 
4503	56 
4504	92 
4505	38 
4506	59 
4507	6 
4508	87 
4509	49 
4510	66 
4511	72 
4512	38 
4513	89 
4514	85 
4515	5 
4516	57 
4517	95 
4518	80 
4519	91 
4520	58 
4521	91 
4522	60 
4523	78 
4524	41 
4525	72 
4526	2 
4527	89 
4528	102 
4529	68 
4530	50 
4531	19 
4532	67 
4533	64 
4534	90 
4535	52 
4536	2 
4537	16 
4538	95 
4539	80 
4540	34 
4541	33 
4542	85 
4543	69 
4544	28 
4545	55 
4546	61 
4547	80 
4548	75 
4549	38 
4550	33 
4551	14 
4552	23 
4553	31 
4554	60 
4555	79 
4556	61 
4557	104 
4558	48 
4559	71 
4560	31 
4561	56 
4562	15 
4563	16 
4564	64 
4565	88 
4566	69 
4567	85 
4568	14 
4569	31 
4570	60 
4571	19 
4572	9 
4573	31 
4574	69 
4575	80 
4576	38 
4577	58 
4578	33 
4579	61 
4580	69 
4581	71 
4582	31 
4583	38 
4584	72 
4585	38 
4586	93 
4587	78 
4588	19 
4589	2 
4590	60 
4591	75 
4592	11 
4593	102 
4594	34 
4595	51 
4596	59 
4597	74 
4598	69 
4599	31 
4600	90 
4601	45 
4602	32 
4603	75 
4604	30 
4605	58 
4606	93 
4607	83 
4608	11 
4609	61 
4610	17 
4611	7 
4612	85 
4613	53 
4614	60 
4615	80 
4616	30 
4617	78 
4618	34 
4619	76 
4620	49 
4621	53 
4622	58 
4623	15 
4624	102 
4625	97 
4626	34 
4627	80 
4628	14 
4629	71 
4630	55 
4631	55 
4632	5 
4633	16 
4634	83 
4635	74 
4636	57 
4637	8 
4638	63 
4639	28 
4640	82 
4641	32 
4642	71 
4643	66 
4644	58 
4645	69 
4646	82 
4647	11 
4648	98 
4649	103 
4650	7 
4651	17 
4652	83 
4653	45 
4654	72 
4655	34 
4656	38 
4657	17 
4658	30 
4659	69 
4660	76 
4661	104 
4662	21 
4663	32 
4664	79 
4665	104 
4666	45 
4667	3 
4668	89 
4669	103 
4670	6 
4671	41 
4672	44 
4673	51 
4674	28 
4675	56 
4676	45 
4677	13 
4678	16 
4679	21 
4680	98 
4681	31 
4682	53 
4683	35 
4684	61 
4685	13 
4686	34 
4687	64 
4688	14 
4689	21 
4690	15 
4691	89 
4692	64 
4693	52 
4694	61 
4695	44 
4696	90 
4697	17 
4698	33 
4699	38 
4700	35 
4701	19 
4702	83 
4703	72 
4704	41 
4705	16 
4706	49 
4707	31 
4708	8 
4709	71 
4710	30 
4711	19 
4712	56 
4713	30 
4714	81 
4715	51 
4716	53 
4717	69 
4718	75 
4719	89 
4720	103 
4721	28 
4722	72 
4723	79 
4724	80 
4725	35 
4726	81 
4727	71 
4728	69 
4729	44 
4730	46 
4731	52 
4732	55 
4733	14 
4734	67 
4735	30 
4736	2 
4737	84 
4738	41 
4739	80 
4740	49 
4741	98 
4742	19 
4743	57 
4744	101 
4745	38 
4746	5 
4747	17 
4748	15 
4749	74 
4750	71 
4751	83 
4752	74 
4753	57 
4754	74 
4755	18 
4756	98 
4757	28 
4758	66 
4759	50 
4760	104 
4761	80 
4762	56 
4763	72 
4764	45 
4765	52 
4766	50 
4767	41 
4768	17 
4769	43 
4770	14 
4771	58 
4772	75 
4773	98 
4774	64 
4775	83 
4776	21 
4777	33 
4778	11 
4779	43 
4780	19 
4781	79 
4782	7 
4783	80 
4784	53 
4785	80 
4786	84 
4787	17 
4788	31 
4789	74 
4790	13 
4791	60 
4792	58 
4793	15 
4794	18 
4795	45 
4796	61 
4797	63 
4798	63 
4799	5 
4800	66 
4801	44 
4802	88 
4803	33 
4804	15 
4805	92 
4806	83 
4807	72 
4808	30 
4809	19 
4810	19 
4811	2 
4812	11 
4813	14 
4814	75 
4815	17 
4816	41 
4817	83 
4818	38 
4819	15 
4820	69 
4821	41 
4822	15 
4823	89 
4824	71 
4825	84 
4826	92 
4827	102 
4828	72 
4829	83 
4830	63 
4831	32 
4832	33 
4833	104 
4834	21 
4835	21 
4836	7 
4837	104 
4838	56 
4839	80 
4840	69 
4841	34 
4842	56 
4843	85 
4844	31 
4845	11 
4846	18 
4847	18 
4848	17 
4849	45 
4850	46 
4851	31 
4852	45 
4853	21 
4854	83 
4855	30 
4856	59 
4857	31 
4858	104 
4859	55 
4860	7 
4861	58 
4862	14 
4863	71 
4864	41 
4865	30 
4866	58 
4867	89 
4868	17 
4869	41 
4870	90 
4871	7 
4872	103 
4873	13 
4874	58 
4875	69 
4876	66 
4877	58 
4878	13 
4879	45 
4880	63 
4881	21 
4882	63 
4883	56 
4884	38 
4885	31 
4886	56 
4887	85 
4888	30 
4889	63 
4890	15 
4891	102 
4892	72 
4893	15 
4894	15 
4895	69 
4896	64 
4897	14 
4898	58 
4899	83 
4900	17 
4901	64 
4902	58 
4903	85 
4904	15 
4905	103 
4906	45 
4907	64 
4908	30 
4909	53 
4910	55 
4911	13 
4912	53 
4913	19 
4914	43 
4915	71 
4916	11 
4917	53 
4918	13 
4919	69 
4920	49 
4921	72 
4922	57 
4923	17 
4924	53 
4925	84 
4926	82 
4927	21 
4928	102 
4929	46 
4930	85 
4931	45 
4932	13 
4933	61 
4934	19 
4935	46 
4936	31 
4937	55 
4938	61 
4939	31 
4940	88 
4941	21 
4942	84 
4943	90 
4944	13 
4945	58 
4946	84 
4947	61 
4948	64 
4949	14 
4950	84 
4951	69 
4952	30 
4953	80 
4954	102 
4955	53 
4956	72 
4957	45 
4958	88 
4959	103 
4960	41 
4961	21 
4962	64 
4963	85 
4964	55 
4965	15 
4966	80 
4967	50 
4968	71 
4969	71 
4970	21 
4971	64 
4972	31 
4973	19 
4974	61 
4975	61 
4976	45 
4977	21 
4978	13 
4979	34 
4980	50 
4981	21 
4982	50 
4983	17 
4984	66 
4985	85 
4986	71 
4987	16 
4988	103 
4989	85 
4990	71 
4991	55 
4992	14 
4993	56 
4994	55 
4995	34 
4996	38 
4997	85 
4998	58 
4999	50 
5000	69 
