1	19 
2	4 
3	8 
4	33 
5	75 
6	49 
7	2 
8	66 
9	14 
10	2 
11	15 
12	54 
13	1 
14	94 
15	43 
16	15 
17	58 
18	53 
19	34 
20	8 
21	23 
22	88 
23	50 
24	55 
25	44 
26	10 
27	72 
28	42 
29	95 
30	83 
31	35 
32	77 
33	51 
34	33 
35	62 
36	59 
37	3 
38	47 
39	66 
40	90 
41	72 
42	51 
43	65 
44	31 
45	96 
46	7 
47	95 
48	41 
49	55 
50	15 
51	66 
52	71 
53	44 
54	21 
55	66 
56	10 
57	27 
58	4 
59	24 
60	82 
61	17 
62	76 
63	11 
64	16 
65	55 
66	36 
67	59 
68	8 
69	86 
70	58 
71	47 
72	15 
73	8 
74	64 
75	34 
76	58 
77	12 
78	74 
79	42 
80	87 
81	43 
82	16 
83	74 
84	57 
85	73 
86	62 
87	42 
88	2 
89	29 
90	53 
91	25 
92	23 
93	62 
94	7 
95	60 
96	50 
97	79 
98	89 
99	94 
100	67 
101	77 
102	51 
103	79 
104	69 
105	96 
106	35 
107	57 
108	39 
109	50 
110	34 
111	5 
112	38 
113	47 
114	29 
115	56 
116	86 
117	37 
118	34 
119	45 
120	87 
121	79 
122	41 
123	69 
124	9 
125	43 
126	16 
127	10 
128	53 
129	91 
130	18 
131	13 
132	45 
133	2 
134	37 
135	86 
136	62 
137	69 
138	2 
139	22 
140	11 
141	54 
142	77 
143	74 
144	61 
145	73 
146	55 
147	11 
148	75 
149	14 
150	17 
151	84 
152	20 
153	38 
154	46 
155	73 
156	76 
157	96 
158	56 
159	3 
160	81 
161	26 
162	73 
163	92 
164	91 
165	49 
166	93 
167	7 
168	36 
169	67 
170	57 
171	61 
172	22 
173	73 
174	90 
175	85 
176	74 
177	86 
178	7 
179	18 
180	21 
181	100 
182	34 
183	72 
184	34 
185	20 
186	36 
187	70 
188	14 
189	101 
190	99 
191	59 
192	18 
193	79 
194	74 
195	39 
196	44 
197	60 
198	98 
199	4 
200	90 
201	34 
202	59 
203	60 
204	39 
205	100 
206	67 
207	31 
208	49 
209	76 
210	10 
211	7 
212	43 
213	31 
214	76 
215	28 
216	56 
217	38 
218	73 
219	31 
220	46 
221	12 
222	22 
223	60 
224	37 
225	68 
226	96 
227	90 
228	78 
229	35 
230	87 
231	21 
232	91 
233	38 
234	43 
235	94 
236	37 
237	22 
238	101 
239	3 
240	20 
241	85 
242	34 
243	66 
244	87 
245	53 
246	22 
247	87 
248	4 
249	13 
250	56 
251	45 
252	94 
253	16 
254	13 
255	70 
256	35 
257	12 
258	20 
259	71 
260	89 
261	1 
262	99 
263	88 
264	98 
265	54 
266	62 
267	78 
268	91 
269	60 
270	44 
271	87 
272	51 
273	77 
274	49 
275	1 
276	2 
277	46 
278	63 
279	63 
280	16 
281	44 
282	50 
283	16 
284	38 
285	74 
286	13 
287	46 
288	42 
289	41 
290	86 
291	18 
292	16 
293	2 
294	88 
295	100 
296	59 
297	73 
298	54 
299	30 
300	91 
301	78 
302	53 
303	3 
304	7 
305	10 
306	28 
307	76 
308	63 
309	12 
310	60 
311	82 
312	76 
313	39 
314	50 
315	39 
316	34 
317	9 
318	55 
319	76 
320	41 
321	16 
322	23 
323	46 
324	75 
325	18 
326	8 
327	27 
328	40 
329	70 
330	63 
331	92 
332	51 
333	92 
334	14 
335	57 
336	7 
337	87 
338	75 
339	90 
340	29 
341	74 
342	98 
343	69 
344	39 
345	73 
346	17 
347	7 
348	28 
349	97 
350	91 
351	76 
352	9 
353	90 
354	45 
355	54 
356	46 
357	34 
358	39 
359	47 
360	10 
361	37 
362	68 
363	5 
364	59 
365	50 
366	34 
367	68 
368	87 
369	88 
370	72 
371	11 
372	7 
373	9 
374	70 
375	23 
376	14 
377	58 
378	39 
379	79 
380	11 
381	42 
382	59 
383	92 
384	41 
385	71 
386	5 
387	74 
388	35 
389	24 
390	87 
391	73 
392	22 
393	45 
394	63 
395	10 
396	7 
397	69 
398	56 
399	73 
400	81 
401	95 
402	21 
403	101 
404	35 
405	79 
406	10 
407	80 
408	90 
409	11 
410	50 
411	5 
412	46 
413	7 
414	7 
415	10 
416	3 
417	46 
418	63 
419	2 
420	79 
421	46 
422	36 
423	55 
424	21 
425	1 
426	40 
427	92 
428	91 
429	5 
430	27 
431	45 
432	77 
433	25 
434	60 
435	10 
436	61 
437	90 
438	46 
439	36 
440	70 
441	95 
442	63 
443	10 
444	2 
445	22 
446	35 
447	59 
448	18 
449	101 
450	93 
451	65 
452	65 
453	10 
454	21 
455	15 
456	54 
457	92 
458	33 
459	17 
460	73 
461	2 
462	18 
463	97 
464	57 
465	76 
466	49 
467	72 
468	10 
469	67 
470	55 
471	19 
472	83 
473	88 
474	73 
475	32 
476	35 
477	81 
478	79 
479	7 
480	23 
481	56 
482	77 
483	48 
484	66 
485	88 
486	39 
487	58 
488	81 
489	19 
490	60 
491	9 
492	60 
493	89 
494	10 
495	41 
496	99 
497	48 
498	51 
499	100 
500	88 
501	79 
502	70 
503	75 
504	66 
505	34 
506	29 
507	64 
508	2 
509	10 
510	63 
511	55 
512	35 
513	89 
514	7 
515	58 
516	16 
517	9 
518	46 
519	48 
520	58 
521	2 
522	69 
523	94 
524	57 
525	90 
526	1 
527	6 
528	22 
529	10 
530	58 
531	88 
532	74 
533	28 
534	60 
535	7 
536	2 
537	97 
538	85 
539	81 
540	31 
541	60 
542	87 
543	64 
544	14 
545	28 
546	81 
547	65 
548	46 
549	70 
550	1 
551	87 
552	41 
553	7 
554	30 
555	99 
556	58 
557	98 
558	93 
559	2 
560	57 
561	13 
562	54 
563	16 
564	99 
565	99 
566	82 
567	4 
568	30 
569	44 
570	6 
571	55 
572	86 
573	2 
574	79 
575	67 
576	60 
577	33 
578	31 
579	96 
580	13 
581	66 
582	90 
583	59 
584	66 
585	14 
586	91 
587	78 
588	79 
589	79 
590	59 
591	66 
592	91 
593	35 
594	33 
595	91 
596	56 
597	65 
598	50 
599	32 
600	53 
601	68 
602	91 
603	21 
604	60 
605	3 
606	70 
607	68 
608	75 
609	45 
610	19 
611	3 
612	46 
613	57 
614	1 
615	99 
616	52 
617	53 
618	58 
619	21 
620	42 
621	12 
622	16 
623	24 
624	91 
625	64 
626	47 
627	89 
628	4 
629	64 
630	29 
631	44 
632	66 
633	94 
634	58 
635	41 
636	48 
637	44 
638	101 
639	74 
640	85 
641	74 
642	10 
643	19 
644	51 
645	100 
646	27 
647	70 
648	99 
649	24 
650	1 
651	85 
652	95 
653	36 
654	88 
655	21 
656	49 
657	51 
658	39 
659	71 
660	54 
661	72 
662	3 
663	56 
664	54 
665	10 
666	10 
667	75 
668	68 
669	73 
670	58 
671	5 
672	51 
673	28 
674	77 
675	37 
676	2 
677	98 
678	79 
679	88 
680	7 
681	97 
682	42 
683	15 
684	99 
685	1 
686	78 
687	4 
688	85 
689	26 
690	90 
691	69 
692	75 
693	43 
694	88 
695	70 
696	57 
697	62 
698	63 
699	43 
700	22 
701	2 
702	70 
703	66 
704	44 
705	95 
706	90 
707	24 
708	20 
709	35 
710	60 
711	40 
712	100 
713	52 
714	13 
715	76 
716	80 
717	41 
718	87 
719	96 
720	74 
721	88 
722	86 
723	74 
724	46 
725	82 
726	27 
727	90 
728	97 
729	78 
730	75 
731	56 
732	29 
733	44 
734	29 
735	46 
736	56 
737	45 
738	41 
739	41 
740	49 
741	93 
742	61 
743	90 
744	53 
745	50 
746	63 
747	34 
748	7 
749	35 
750	10 
751	6 
752	16 
753	73 
754	38 
755	71 
756	20 
757	50 
758	49 
759	60 
760	83 
761	11 
762	68 
763	68 
764	85 
765	39 
766	72 
767	16 
768	20 
769	47 
770	53 
771	98 
772	90 
773	43 
774	54 
775	66 
776	73 
777	2 
778	62 
779	52 
780	35 
781	60 
782	43 
783	26 
784	30 
785	55 
786	6 
787	82 
788	15 
789	62 
790	67 
791	34 
792	60 
793	87 
794	12 
795	85 
796	24 
797	82 
798	20 
799	11 
800	35 
801	95 
802	48 
803	39 
804	53 
805	11 
806	50 
807	44 
808	98 
809	41 
810	70 
811	97 
812	30 
813	42 
814	36 
815	66 
816	61 
817	21 
818	98 
819	39 
820	56 
821	48 
822	93 
823	29 
824	34 
825	61 
826	46 
827	71 
828	42 
829	3 
830	45 
831	4 
832	57 
833	17 
834	70 
835	4 
836	54 
837	39 
838	75 
839	85 
840	43 
841	10 
842	61 
843	20 
844	12 
845	54 
846	54 
847	11 
848	70 
849	61 
850	56 
851	98 
852	10 
853	50 
854	12 
855	59 
856	30 
857	97 
858	68 
859	54 
860	1 
861	50 
862	48 
863	21 
864	12 
865	22 
866	16 
867	81 
868	45 
869	43 
870	70 
871	17 
872	26 
873	10 
874	29 
875	92 
876	75 
877	12 
878	86 
879	2 
880	70 
881	74 
882	69 
883	93 
884	37 
885	32 
886	39 
887	76 
888	73 
889	33 
890	73 
891	10 
892	22 
893	76 
894	91 
895	69 
896	48 
897	5 
898	50 
899	21 
900	91 
901	60 
902	78 
903	13 
904	45 
905	49 
906	29 
907	7 
908	8 
909	25 
910	57 
911	73 
912	20 
913	44 
914	86 
915	99 
916	24 
917	48 
918	8 
919	68 
920	39 
921	33 
922	42 
923	41 
924	76 
925	89 
926	18 
927	11 
928	86 
929	33 
930	75 
931	43 
932	88 
933	73 
934	97 
935	15 
936	38 
937	43 
938	25 
939	20 
940	87 
941	33 
942	93 
943	66 
944	12 
945	47 
946	50 
947	53 
948	27 
949	26 
950	87 
951	34 
952	4 
953	9 
954	10 
955	73 
956	50 
957	74 
958	36 
959	32 
960	53 
961	88 
962	25 
963	45 
964	10 
965	12 
966	72 
967	84 
968	11 
969	26 
970	93 
971	101 
972	15 
973	54 
974	49 
975	9 
976	39 
977	91 
978	18 
979	91 
980	48 
981	89 
982	79 
983	60 
984	83 
985	37 
986	48 
987	49 
988	47 
989	28 
990	45 
991	46 
992	18 
993	75 
994	93 
995	29 
996	86 
997	10 
998	91 
999	52 
1000	54 
1001	63 
1002	18 
1003	58 
1004	49 
1005	18 
1006	61 
1007	59 
1008	60 
1009	51 
1010	75 
1011	57 
1012	74 
1013	15 
1014	54 
1015	41 
1016	6 
1017	22 
1018	65 
1019	41 
1020	41 
1021	66 
1022	94 
1023	57 
1024	93 
1025	22 
1026	35 
1027	17 
1028	80 
1029	88 
1030	63 
1031	7 
1032	101 
1033	48 
1034	3 
1035	96 
1036	44 
1037	16 
1038	52 
1039	60 
1040	32 
1041	25 
1042	23 
1043	43 
1044	15 
1045	101 
1046	1 
1047	91 
1048	10 
1049	58 
1050	7 
1051	6 
1052	45 
1053	19 
1054	96 
1055	10 
1056	43 
1057	8 
1058	9 
1059	88 
1060	100 
1061	59 
1062	75 
1063	75 
1064	79 
1065	7 
1066	7 
1067	87 
1068	5 
1069	11 
1070	90 
1071	13 
1072	16 
1073	15 
1074	22 
1075	86 
1076	33 
1077	47 
1078	30 
1079	42 
1080	61 
1081	97 
1082	52 
1083	21 
1084	100 
1085	57 
1086	100 
1087	2 
1088	88 
1089	17 
1090	54 
1091	79 
1092	28 
1093	39 
1094	62 
1095	60 
1096	49 
1097	62 
1098	41 
1099	65 
1100	64 
1101	75 
1102	24 
1103	74 
1104	52 
1105	37 
1106	67 
1107	4 
1108	100 
1109	22 
1110	47 
1111	10 
1112	85 
1113	43 
1114	35 
1115	65 
1116	70 
1117	100 
1118	13 
1119	65 
1120	75 
1121	58 
1122	21 
1123	7 
1124	29 
1125	18 
1126	2 
1127	88 
1128	24 
1129	73 
1130	6 
1131	91 
1132	35 
1133	60 
1134	4 
1135	7 
1136	71 
1137	65 
1138	82 
1139	21 
1140	27 
1141	5 
1142	88 
1143	76 
1144	57 
1145	70 
1146	95 
1147	88 
1148	69 
1149	65 
1150	70 
1151	44 
1152	29 
1153	92 
1154	33 
1155	10 
1156	4 
1157	56 
1158	11 
1159	57 
1160	75 
1161	6 
1162	38 
1163	76 
1164	90 
1165	91 
1166	66 
1167	95 
1168	24 
1169	95 
1170	85 
1171	31 
1172	27 
1173	60 
1174	37 
1175	30 
1176	1 
1177	99 
1178	87 
1179	66 
1180	22 
1181	4 
1182	35 
1183	37 
1184	58 
1185	33 
1186	29 
1187	87 
1188	20 
1189	86 
1190	68 
1191	56 
1192	77 
1193	7 
1194	60 
1195	39 
1196	26 
1197	3 
1198	29 
1199	5 
1200	2 
1201	35 
1202	16 
1203	88 
1204	74 
1205	73 
1206	50 
1207	11 
1208	73 
1209	95 
1210	29 
1211	8 
1212	39 
1213	95 
1214	60 
1215	47 
1216	56 
1217	67 
1218	84 
1219	40 
1220	99 
1221	18 
1222	88 
1223	88 
1224	42 
1225	55 
1226	99 
1227	45 
1228	90 
1229	63 
1230	20 
1231	42 
1232	90 
1233	91 
1234	69 
1235	59 
1236	66 
1237	83 
1238	73 
1239	8 
1240	47 
1241	56 
1242	29 
1243	60 
1244	28 
1245	41 
1246	25 
1247	46 
1248	15 
1249	12 
1250	7 
1251	41 
1252	25 
1253	43 
1254	73 
1255	18 
1256	65 
1257	85 
1258	86 
1259	16 
1260	44 
1261	4 
1262	54 
1263	90 
1264	29 
1265	69 
1266	46 
1267	41 
1268	5 
1269	88 
1270	90 
1271	87 
1272	76 
1273	1 
1274	7 
1275	88 
1276	65 
1277	75 
1278	41 
1279	91 
1280	29 
1281	85 
1282	36 
1283	76 
1284	47 
1285	65 
1286	46 
1287	11 
1288	70 
1289	76 
1290	90 
1291	76 
1292	95 
1293	65 
1294	72 
1295	57 
1296	14 
1297	21 
1298	35 
1299	96 
1300	22 
1301	101 
1302	10 
1303	60 
1304	79 
1305	99 
1306	88 
1307	53 
1308	11 
1309	17 
1310	57 
1311	96 
1312	67 
1313	31 
1314	94 
1315	5 
1316	38 
1317	84 
1318	70 
1319	33 
1320	24 
1321	53 
1322	5 
1323	74 
1324	44 
1325	88 
1326	44 
1327	54 
1328	37 
1329	35 
1330	40 
1331	43 
1332	90 
1333	39 
1334	14 
1335	47 
1336	1 
1337	73 
1338	14 
1339	32 
1340	32 
1341	76 
1342	89 
1343	65 
1344	6 
1345	29 
1346	32 
1347	35 
1348	2 
1349	100 
1350	56 
1351	18 
1352	52 
1353	48 
1354	7 
1355	58 
1356	90 
1357	86 
1358	73 
1359	27 
1360	8 
1361	22 
1362	21 
1363	29 
1364	85 
1365	36 
1366	81 
1367	81 
1368	74 
1369	32 
1370	41 
1371	95 
1372	18 
1373	50 
1374	92 
1375	18 
1376	10 
1377	75 
1378	34 
1379	28 
1380	17 
1381	12 
1382	1 
1383	60 
1384	31 
1385	44 
1386	4 
1387	54 
1388	30 
1389	69 
1390	2 
1391	33 
1392	24 
1393	3 
1394	34 
1395	48 
1396	46 
1397	4 
1398	41 
1399	6 
1400	69 
1401	75 
1402	54 
1403	10 
1404	55 
1405	20 
1406	58 
1407	90 
1408	56 
1409	59 
1410	13 
1411	5 
1412	7 
1413	97 
1414	35 
1415	68 
1416	29 
1417	5 
1418	55 
1419	93 
1420	35 
1421	35 
1422	85 
1423	43 
1424	47 
1425	63 
1426	1 
1427	63 
1428	63 
1429	73 
1430	97 
1431	43 
1432	63 
1433	35 
1434	72 
1435	41 
1436	44 
1437	9 
1438	92 
1439	60 
1440	88 
1441	89 
1442	23 
1443	99 
1444	26 
1445	95 
1446	68 
1447	96 
1448	42 
1449	48 
1450	59 
1451	19 
1452	75 
1453	76 
1454	2 
1455	33 
1456	67 
1457	101 
1458	94 
1459	97 
1460	90 
1461	25 
1462	21 
1463	74 
1464	77 
1465	56 
1466	85 
1467	58 
1468	39 
1469	5 
1470	3 
1471	12 
1472	27 
1473	50 
1474	12 
1475	87 
1476	88 
1477	22 
1478	2 
1479	50 
1480	65 
1481	26 
1482	91 
1483	21 
1484	37 
1485	94 
1486	7 
1487	99 
1488	4 
1489	41 
1490	84 
1491	83 
1492	90 
1493	13 
1494	43 
1495	4 
1496	67 
1497	62 
1498	49 
1499	36 
1500	38 
1501	43 
1502	63 
1503	90 
1504	23 
1505	41 
1506	96 
1507	6 
1508	84 
1509	70 
1510	10 
1511	77 
1512	50 
1513	43 
1514	63 
1515	43 
1516	54 
1517	10 
1518	66 
1519	100 
1520	69 
1521	91 
1522	67 
1523	100 
1524	39 
1525	16 
1526	41 
1527	31 
1528	66 
1529	5 
1530	22 
1531	57 
1532	8 
1533	91 
1534	74 
1535	73 
1536	63 
1537	93 
1538	21 
1539	2 
1540	97 
1541	19 
1542	7 
1543	93 
1544	16 
1545	87 
1546	27 
1547	67 
1548	5 
1549	29 
1550	95 
1551	63 
1552	33 
1553	90 
1554	100 
1555	6 
1556	97 
1557	88 
1558	98 
1559	8 
1560	18 
1561	2 
1562	8 
1563	57 
1564	46 
1565	93 
1566	55 
1567	46 
1568	11 
1569	70 
1570	66 
1571	60 
1572	80 
1573	39 
1574	9 
1575	4 
1576	75 
1577	66 
1578	65 
1579	69 
1580	13 
1581	62 
1582	56 
1583	69 
1584	30 
1585	29 
1586	86 
1587	10 
1588	7 
1589	42 
1590	43 
1591	20 
1592	11 
1593	41 
1594	7 
1595	47 
1596	77 
1597	51 
1598	86 
1599	50 
1600	83 
1601	12 
1602	38 
1603	2 
1604	58 
1605	61 
1606	72 
1607	2 
1608	48 
1609	2 
1610	90 
1611	78 
1612	86 
1613	45 
1614	101 
1615	97 
1616	15 
1617	11 
1618	74 
1619	20 
1620	50 
1621	47 
1622	51 
1623	62 
1624	37 
1625	22 
1626	9 
1627	96 
1628	70 
1629	68 
1630	34 
1631	12 
1632	73 
1633	81 
1634	57 
1635	81 
1636	18 
1637	54 
1638	75 
1639	42 
1640	80 
1641	22 
1642	11 
1643	88 
1644	85 
1645	41 
1646	46 
1647	35 
1648	22 
1649	4 
1650	55 
1651	35 
1652	58 
1653	14 
1654	101 
1655	97 
1656	50 
1657	42 
1658	11 
1659	59 
1660	6 
1661	89 
1662	91 
1663	60 
1664	51 
1665	7 
1666	6 
1667	17 
1668	62 
1669	46 
1670	18 
1671	44 
1672	49 
1673	59 
1674	50 
1675	5 
1676	5 
1677	27 
1678	58 
1679	13 
1680	90 
1681	65 
1682	80 
1683	66 
1684	43 
1685	56 
1686	45 
1687	22 
1688	95 
1689	46 
1690	40 
1691	14 
1692	16 
1693	28 
1694	86 
1695	7 
1696	91 
1697	53 
1698	77 
1699	10 
1700	21 
1701	76 
1702	36 
1703	46 
1704	90 
1705	70 
1706	39 
1707	90 
1708	4 
1709	87 
1710	65 
1711	53 
1712	40 
1713	12 
1714	79 
1715	22 
1716	30 
1717	26 
1718	98 
1719	5 
1720	49 
1721	50 
1722	60 
1723	55 
1724	41 
1725	20 
1726	88 
1727	39 
1728	17 
1729	87 
1730	66 
1731	59 
1732	51 
1733	31 
1734	89 
1735	99 
1736	39 
1737	22 
1738	37 
1739	11 
1740	43 
1741	99 
1742	18 
1743	49 
1744	29 
1745	7 
1746	29 
1747	46 
1748	90 
1749	51 
1750	10 
1751	60 
1752	90 
1753	15 
1754	54 
1755	18 
1756	89 
1757	79 
1758	87 
1759	17 
1760	4 
1761	20 
1762	76 
1763	76 
1764	34 
1765	35 
1766	27 
1767	78 
1768	48 
1769	32 
1770	80 
1771	62 
1772	12 
1773	79 
1774	1 
1775	60 
1776	35 
1777	17 
1778	18 
1779	38 
1780	63 
1781	97 
1782	79 
1783	49 
1784	10 
1785	57 
1786	38 
1787	7 
1788	40 
1789	58 
1790	89 
1791	71 
1792	38 
1793	16 
1794	91 
1795	51 
1796	38 
1797	65 
1798	59 
1799	22 
1800	50 
1801	38 
1802	43 
1803	35 
1804	2 
1805	58 
1806	11 
1807	101 
1808	93 
1809	69 
1810	65 
1811	60 
1812	82 
1813	91 
1814	73 
1815	87 
1816	91 
1817	25 
1818	35 
1819	95 
1820	86 
1821	29 
1822	1 
1823	53 
1824	2 
1825	1 
1826	12 
1827	80 
1828	23 
1829	2 
1830	15 
1831	96 
1832	21 
1833	37 
1834	2 
1835	33 
1836	90 
1837	46 
1838	25 
1839	96 
1840	42 
1841	54 
1842	7 
1843	73 
1844	101 
1845	46 
1846	85 
1847	7 
1848	77 
1849	59 
1850	76 
1851	21 
1852	24 
1853	68 
1854	87 
1855	86 
1856	39 
1857	90 
1858	46 
1859	90 
1860	88 
1861	73 
1862	43 
1863	61 
1864	37 
1865	82 
1866	17 
1867	84 
1868	34 
1869	82 
1870	65 
1871	18 
1872	35 
1873	2 
1874	77 
1875	81 
1876	54 
1877	71 
1878	67 
1879	53 
1880	66 
1881	34 
1882	92 
1883	62 
1884	67 
1885	19 
1886	15 
1887	25 
1888	39 
1889	25 
1890	13 
1891	39 
1892	88 
1893	19 
1894	6 
1895	27 
1896	58 
1897	46 
1898	52 
1899	82 
1900	46 
1901	79 
1902	16 
1903	66 
1904	99 
1905	82 
1906	21 
1907	57 
1908	65 
1909	37 
1910	55 
1911	54 
1912	2 
1913	95 
1914	86 
1915	55 
1916	76 
1917	39 
1918	34 
1919	50 
1920	50 
1921	83 
1922	6 
1923	33 
1924	53 
1925	1 
1926	43 
1927	54 
1928	53 
1929	22 
1930	56 
1931	41 
1932	73 
1933	67 
1934	27 
1935	60 
1936	41 
1937	90 
1938	31 
1939	88 
1940	55 
1941	44 
1942	56 
1943	14 
1944	58 
1945	12 
1946	93 
1947	44 
1948	50 
1949	91 
1950	70 
1951	52 
1952	14 
1953	56 
1954	6 
1955	85 
1956	79 
1957	57 
1958	89 
1959	70 
1960	44 
1961	34 
1962	53 
1963	28 
1964	36 
1965	29 
1966	101 
1967	43 
1968	22 
1969	63 
1970	93 
1971	10 
1972	51 
1973	13 
1974	5 
1975	49 
1976	95 
1977	44 
1978	56 
1979	77 
1980	91 
1981	70 
1982	41 
1983	41 
1984	76 
1985	45 
1986	41 
1987	60 
1988	49 
1989	57 
1990	46 
1991	53 
1992	54 
1993	21 
1994	35 
1995	11 
1996	29 
1997	77 
1998	24 
1999	91 
2000	87 
2001	85 
2002	31 
2003	91 
2004	4 
2005	87 
2006	39 
2007	58 
2008	27 
2009	63 
2010	20 
2011	95 
2012	40 
2013	15 
2014	45 
2015	66 
2016	10 
2017	22 
2018	46 
2019	75 
2020	43 
2021	34 
2022	26 
2023	74 
2024	5 
2025	97 
2026	59 
2027	29 
2028	1 
2029	79 
2030	68 
2031	65 
2032	39 
2033	77 
2034	33 
2035	86 
2036	94 
2037	42 
2038	2 
2039	19 
2040	27 
2041	22 
2042	90 
2043	52 
2044	89 
2045	50 
2046	93 
2047	74 
2048	75 
2049	18 
2050	51 
2051	10 
2052	34 
2053	41 
2054	29 
2055	15 
2056	88 
2057	74 
2058	13 
2059	63 
2060	41 
2061	45 
2062	63 
2063	76 
2064	19 
2065	68 
2066	90 
2067	91 
2068	9 
2069	93 
2070	60 
2071	9 
2072	26 
2073	48 
2074	88 
2075	47 
2076	2 
2077	72 
2078	86 
2079	61 
2080	20 
2081	76 
2082	35 
2083	43 
2084	32 
2085	49 
2086	35 
2087	89 
2088	94 
2089	87 
2090	79 
2091	11 
2092	5 
2093	97 
2094	90 
2095	81 
2096	49 
2097	33 
2098	9 
2099	54 
2100	21 
2101	65 
2102	55 
2103	95 
2104	88 
2105	22 
2106	48 
2107	18 
2108	51 
2109	99 
2110	73 
2111	90 
2112	39 
2113	46 
2114	29 
2115	86 
2116	95 
2117	50 
2118	38 
2119	2 
2120	99 
2121	50 
2122	58 
2123	8 
2124	97 
2125	57 
2126	2 
2127	4 
2128	76 
2129	27 
2130	6 
2131	7 
2132	56 
2133	54 
2134	54 
2135	57 
2136	75 
2137	77 
2138	58 
2139	7 
2140	51 
2141	56 
2142	96 
2143	61 
2144	53 
2145	6 
2146	32 
2147	98 
2148	95 
2149	93 
2150	31 
2151	41 
2152	58 
2153	35 
2154	3 
2155	53 
2156	75 
2157	67 
2158	99 
2159	39 
2160	77 
2161	54 
2162	58 
2163	22 
2164	31 
2165	58 
2166	93 
2167	54 
2168	14 
2169	90 
2170	41 
2171	53 
2172	94 
2173	20 
2174	4 
2175	7 
2176	48 
2177	58 
2178	60 
2179	95 
2180	14 
2181	41 
2182	75 
2183	54 
2184	58 
2185	73 
2186	20 
2187	51 
2188	79 
2189	74 
2190	74 
2191	56 
2192	54 
2193	56 
2194	88 
2195	62 
2196	74 
2197	29 
2198	23 
2199	9 
2200	7 
2201	12 
2202	34 
2203	86 
2204	55 
2205	41 
2206	58 
2207	16 
2208	11 
2209	47 
2210	54 
2211	70 
2212	16 
2213	82 
2214	17 
2215	29 
2216	56 
2217	57 
2218	88 
2219	30 
2220	32 
2221	30 
2222	25 
2223	58 
2224	13 
2225	29 
2226	49 
2227	97 
2228	98 
2229	33 
2230	35 
2231	35 
2232	22 
2233	100 
2234	45 
2235	58 
2236	55 
2237	14 
2238	68 
2239	34 
2240	2 
2241	10 
2242	76 
2243	66 
2244	75 
2245	56 
2246	39 
2247	57 
2248	50 
2249	35 
2250	70 
2251	65 
2252	9 
2253	18 
2254	78 
2255	60 
2256	83 
2257	31 
2258	58 
2259	5 
2260	90 
2261	90 
2262	7 
2263	95 
2264	7 
2265	39 
2266	58 
2267	54 
2268	53 
2269	47 
2270	57 
2271	31 
2272	99 
2273	60 
2274	7 
2275	3 
2276	72 
2277	6 
2278	22 
2279	91 
2280	13 
2281	86 
2282	46 
2283	5 
2284	46 
2285	21 
2286	9 
2287	60 
2288	87 
2289	64 
2290	78 
2291	14 
2292	73 
2293	24 
2294	5 
2295	80 
2296	20 
2297	6 
2298	58 
2299	54 
2300	40 
2301	21 
2302	9 
2303	9 
2304	90 
2305	2 
2306	13 
2307	79 
2308	6 
2309	54 
2310	83 
2311	26 
2312	13 
2313	46 
2314	65 
2315	42 
2316	7 
2317	3 
2318	2 
2319	39 
2320	53 
2321	29 
2322	3 
2323	57 
2324	37 
2325	63 
2326	50 
2327	19 
2328	43 
2329	35 
2330	31 
2331	75 
2332	49 
2333	22 
2334	40 
2335	11 
2336	29 
2337	37 
2338	4 
2339	39 
2340	46 
2341	35 
2342	99 
2343	7 
2344	10 
2345	43 
2346	95 
2347	12 
2348	91 
2349	52 
2350	67 
2351	82 
2352	86 
2353	34 
2354	22 
2355	56 
2356	3 
2357	64 
2358	95 
2359	34 
2360	30 
2361	54 
2362	74 
2363	86 
2364	34 
2365	49 
2366	75 
2367	32 
2368	75 
2369	32 
2370	67 
2371	22 
2372	12 
2373	60 
2374	34 
2375	37 
2376	31 
2377	20 
2378	41 
2379	31 
2380	61 
2381	80 
2382	10 
2383	44 
2384	74 
2385	91 
2386	30 
2387	35 
2388	13 
2389	12 
2390	49 
2391	41 
2392	15 
2393	73 
2394	43 
2395	11 
2396	60 
2397	51 
2398	7 
2399	58 
2400	7 
2401	57 
2402	85 
2403	14 
2404	2 
2405	53 
2406	19 
2407	34 
2408	47 
2409	20 
2410	10 
2411	91 
2412	24 
2413	89 
2414	41 
2415	7 
2416	20 
2417	93 
2418	94 
2419	20 
2420	44 
2421	62 
2422	88 
2423	13 
2424	6 
2425	34 
2426	44 
2427	58 
2428	83 
2429	45 
2430	52 
2431	74 
2432	74 
2433	79 
2434	88 
2435	75 
2436	3 
2437	38 
2438	81 
2439	9 
2440	49 
2441	101 
2442	35 
2443	23 
2444	43 
2445	96 
2446	63 
2447	15 
2448	95 
2449	31 
2450	73 
2451	5 
2452	2 
2453	29 
2454	48 
2455	29 
2456	3 
2457	49 
2458	33 
2459	96 
2460	43 
2461	90 
2462	71 
2463	57 
2464	6 
2465	75 
2466	59 
2467	73 
2468	85 
2469	58 
2470	58 
2471	71 
2472	54 
2473	44 
2474	41 
2475	32 
2476	83 
2477	95 
2478	87 
2479	5 
2480	57 
2481	87 
2482	39 
2483	10 
2484	6 
2485	56 
2486	41 
2487	43 
2488	22 
2489	26 
2490	70 
2491	39 
2492	50 
2493	7 
2494	67 
2495	10 
2496	41 
2497	50 
2498	98 
2499	97 
2500	43 
2501	76 
2502	44 
2503	99 
2504	50 
2505	44 
2506	57 
2507	89 
2508	54 
2509	50 
2510	74 
2511	66 
2512	30 
2513	18 
2514	37 
2515	14 
2516	35 
2517	14 
2518	83 
2519	70 
2520	77 
2521	96 
2522	85 
2523	15 
2524	73 
2525	50 
2526	21 
2527	91 
2528	39 
2529	5 
2530	38 
2531	46 
2532	87 
2533	73 
2534	79 
2535	56 
2536	37 
2537	68 
2538	7 
2539	35 
2540	65 
2541	100 
2542	11 
2543	10 
2544	56 
2545	66 
2546	45 
2547	13 
2548	23 
2549	54 
2550	70 
2551	47 
2552	100 
2553	27 
2554	39 
2555	50 
2556	42 
2557	84 
2558	49 
2559	45 
2560	61 
2561	47 
2562	90 
2563	40 
2564	4 
2565	54 
2566	51 
2567	58 
2568	4 
2569	34 
2570	92 
2571	88 
2572	83 
2573	86 
2574	48 
2575	75 
2576	31 
2577	70 
2578	12 
2579	96 
2580	94 
2581	49 
2582	98 
2583	33 
2584	67 
2585	29 
2586	38 
2587	44 
2588	28 
2589	90 
2590	14 
2591	91 
2592	6 
2593	14 
2594	65 
2595	16 
2596	63 
2597	20 
2598	100 
2599	56 
2600	7 
2601	79 
2602	21 
2603	30 
2604	6 
2605	44 
2606	6 
2607	20 
2608	52 
2609	79 
2610	12 
2611	71 
2612	41 
2613	75 
2614	61 
2615	73 
2616	100 
2617	70 
2618	62 
2619	99 
2620	75 
2621	53 
2622	34 
2623	72 
2624	16 
2625	39 
2626	9 
2627	50 
2628	36 
2629	88 
2630	16 
2631	17 
2632	8 
2633	57 
2634	68 
2635	22 
2636	41 
2637	46 
2638	74 
2639	23 
2640	15 
2641	91 
2642	53 
2643	63 
2644	43 
2645	60 
2646	44 
2647	58 
2648	10 
2649	79 
2650	34 
2651	88 
2652	44 
2653	54 
2654	53 
2655	90 
2656	74 
2657	60 
2658	28 
2659	60 
2660	24 
2661	72 
2662	46 
2663	41 
2664	52 
2665	73 
2666	100 
2667	41 
2668	39 
2669	56 
2670	73 
2671	64 
2672	50 
2673	81 
2674	31 
2675	41 
2676	41 
2677	73 
2678	57 
2679	29 
2680	41 
2681	25 
2682	69 
2683	41 
2684	4 
2685	22 
2686	65 
2687	6 
2688	57 
2689	17 
2690	38 
2691	67 
2692	19 
2693	74 
2694	54 
2695	23 
2696	69 
2697	87 
2698	22 
2699	85 
2700	95 
2701	90 
2702	100 
2703	81 
2704	9 
2705	35 
2706	74 
2707	94 
2708	29 
2709	38 
2710	93 
2711	53 
2712	12 
2713	67 
2714	46 
2715	78 
2716	54 
2717	28 
2718	51 
2719	30 
2720	56 
2721	89 
2722	88 
2723	42 
2724	85 
2725	88 
2726	96 
2727	29 
2728	63 
2729	50 
2730	73 
2731	44 
2732	79 
2733	69 
2734	58 
2735	48 
2736	10 
2737	22 
2738	72 
2739	52 
2740	39 
2741	41 
2742	86 
2743	33 
2744	46 
2745	73 
2746	62 
2747	70 
2748	36 
2749	40 
2750	88 
2751	9 
2752	63 
2753	46 
2754	1 
2755	20 
2756	4 
2757	33 
2758	73 
2759	12 
2760	12 
2761	6 
2762	68 
2763	34 
2764	49 
2765	4 
2766	45 
2767	53 
2768	86 
2769	67 
2770	69 
2771	60 
2772	89 
2773	16 
2774	90 
2775	9 
2776	74 
2777	55 
2778	97 
2779	42 
2780	46 
2781	28 
2782	54 
2783	10 
2784	44 
2785	43 
2786	72 
2787	90 
2788	13 
2789	88 
2790	81 
2791	99 
2792	47 
2793	18 
2794	40 
2795	11 
2796	21 
2797	60 
2798	25 
2799	94 
2800	54 
2801	29 
2802	46 
2803	58 
2804	53 
2805	34 
2806	32 
2807	43 
2808	35 
2809	101 
2810	65 
2811	82 
2812	67 
2813	7 
2814	100 
2815	4 
2816	5 
2817	68 
2818	6 
2819	15 
2820	12 
2821	45 
2822	88 
2823	35 
2824	18 
2825	73 
2826	10 
2827	60 
2828	74 
2829	74 
2830	56 
2831	97 
2832	96 
2833	3 
2834	35 
2835	20 
2836	96 
2837	93 
2838	12 
2839	7 
2840	83 
2841	74 
2842	7 
2843	22 
2844	35 
2845	2 
2846	84 
2847	99 
2848	24 
2849	80 
2850	41 
2851	91 
2852	85 
2853	14 
2854	5 
2855	65 
2856	5 
2857	83 
2858	41 
2859	43 
2860	16 
2861	39 
2862	35 
2863	47 
2864	91 
2865	60 
2866	94 
2867	70 
2868	80 
2869	5 
2870	7 
2871	29 
2872	99 
2873	81 
2874	46 
2875	22 
2876	32 
2877	89 
2878	88 
2879	14 
2880	91 
2881	58 
2882	93 
2883	91 
2884	34 
2885	15 
2886	37 
2887	25 
2888	72 
2889	56 
2890	100 
2891	73 
2892	22 
2893	26 
2894	48 
2895	39 
2896	86 
2897	48 
2898	77 
2899	49 
2900	58 
2901	58 
2902	78 
2903	31 
2904	68 
2905	48 
2906	2 
2907	90 
2908	101 
2909	42 
2910	22 
2911	10 
2912	43 
2913	57 
2914	37 
2915	10 
2916	100 
2917	2 
2918	72 
2919	75 
2920	75 
2921	39 
2922	91 
2923	58 
2924	70 
2925	80 
2926	7 
2927	95 
2928	70 
2929	8 
2930	47 
2931	45 
2932	73 
2933	46 
2934	29 
2935	37 
2936	10 
2937	36 
2938	76 
2939	29 
2940	76 
2941	1 
2942	67 
2943	3 
2944	26 
2945	56 
2946	86 
2947	29 
2948	57 
2949	31 
2950	5 
2951	97 
2952	91 
2953	1 
2954	86 
2955	96 
2956	73 
2957	60 
2958	2 
2959	49 
2960	73 
2961	21 
2962	6 
2963	60 
2964	76 
2965	54 
2966	57 
2967	57 
2968	65 
2969	14 
2970	60 
2971	12 
2972	74 
2973	92 
2974	44 
2975	76 
2976	76 
2977	60 
2978	53 
2979	20 
2980	75 
2981	19 
2982	95 
2983	11 
2984	91 
2985	85 
2986	1 
2987	57 
2988	11 
2989	72 
2990	43 
2991	43 
2992	92 
2993	45 
2994	9 
2995	29 
2996	21 
2997	25 
2998	55 
2999	4 
3000	73 
3001	34 
3002	53 
3003	11 
3004	54 
3005	67 
3006	39 
3007	42 
3008	88 
3009	12 
3010	19 
3011	91 
3012	44 
3013	95 
3014	62 
3015	59 
3016	40 
3017	66 
3018	2 
3019	94 
3020	65 
3021	28 
3022	66 
3023	77 
3024	29 
3025	74 
3026	82 
3027	43 
3028	88 
3029	87 
3030	56 
3031	14 
3032	21 
3033	7 
3034	60 
3035	54 
3036	36 
3037	16 
3038	44 
3039	76 
3040	54 
3041	67 
3042	82 
3043	65 
3044	22 
3045	75 
3046	87 
3047	54 
3048	73 
3049	34 
3050	13 
3051	46 
3052	14 
3053	75 
3054	57 
3055	10 
3056	16 
3057	44 
3058	79 
3059	75 
3060	41 
3061	57 
3062	91 
3063	17 
3064	78 
3065	39 
3066	1 
3067	54 
3068	43 
3069	73 
3070	10 
3071	48 
3072	2 
3073	39 
3074	49 
3075	46 
3076	60 
3077	53 
3078	59 
3079	64 
3080	36 
3081	57 
3082	48 
3083	84 
3084	83 
3085	89 
3086	3 
3087	20 
3088	46 
3089	11 
3090	53 
3091	39 
3092	16 
3093	87 
3094	33 
3095	76 
3096	8 
3097	60 
3098	88 
3099	78 
3100	34 
3101	79 
3102	97 
3103	36 
3104	92 
3105	41 
3106	35 
3107	26 
3108	34 
3109	83 
3110	41 
3111	74 
3112	23 
3113	22 
3114	51 
3115	53 
3116	65 
3117	63 
3118	24 
3119	42 
3120	41 
3121	60 
3122	29 
3123	88 
3124	6 
3125	44 
3126	43 
3127	65 
3128	43 
3129	81 
3130	38 
3131	71 
3132	78 
3133	37 
3134	7 
3135	81 
3136	28 
3137	50 
3138	73 
3139	40 
3140	33 
3141	54 
3142	56 
3143	68 
3144	76 
3145	58 
3146	97 
3147	50 
3148	15 
3149	60 
3150	74 
3151	16 
3152	39 
3153	44 
3154	99 
3155	27 
3156	19 
3157	85 
3158	39 
3159	21 
3160	2 
3161	100 
3162	86 
3163	41 
3164	88 
3165	62 
3166	58 
3167	32 
3168	41 
3169	46 
3170	57 
3171	78 
3172	62 
3173	43 
3174	44 
3175	22 
3176	50 
3177	65 
3178	29 
3179	50 
3180	58 
3181	48 
3182	101 
3183	93 
3184	33 
3185	85 
3186	3 
3187	53 
3188	34 
3189	2 
3190	51 
3191	7 
3192	12 
3193	75 
3194	64 
3195	91 
3196	22 
3197	41 
3198	58 
3199	17 
3200	93 
3201	14 
3202	61 
3203	90 
3204	80 
3205	39 
3206	49 
3207	13 
3208	56 
3209	17 
3210	43 
3211	57 
3212	89 
3213	34 
3214	60 
3215	89 
3216	39 
3217	15 
3218	10 
3219	80 
3220	1 
3221	80 
3222	91 
3223	2 
3224	101 
3225	88 
3226	37 
3227	59 
3228	64 
3229	34 
3230	86 
3231	75 
3232	49 
3233	3 
3234	4 
3235	29 
3236	21 
3237	20 
3238	84 
3239	86 
3240	3 
3241	45 
3242	22 
3243	71 
3244	22 
3245	54 
3246	62 
3247	91 
3248	53 
3249	74 
3250	91 
3251	68 
3252	79 
3253	58 
3254	46 
3255	12 
3256	18 
3257	50 
3258	10 
3259	65 
3260	84 
3261	73 
3262	61 
3263	93 
3264	46 
3265	12 
3266	22 
3267	27 
3268	24 
3269	95 
3270	91 
3271	4 
3272	1 
3273	1 
3274	58 
3275	57 
3276	74 
3277	74 
3278	88 
3279	34 
3280	13 
3281	20 
3282	91 
3283	74 
3284	74 
3285	37 
3286	63 
3287	82 
3288	14 
3289	49 
3290	50 
3291	41 
3292	34 
3293	65 
3294	49 
3295	6 
3296	7 
3297	21 
3298	95 
3299	73 
3300	28 
3301	88 
3302	100 
3303	89 
3304	75 
3305	64 
3306	39 
3307	39 
3308	83 
3309	3 
3310	100 
3311	66 
3312	58 
3313	16 
3314	68 
3315	75 
3316	10 
3317	66 
3318	82 
3319	25 
3320	85 
3321	85 
3322	16 
3323	84 
3324	66 
3325	83 
3326	15 
3327	48 
3328	20 
3329	94 
3330	16 
3331	93 
3332	48 
3333	16 
3334	34 
3335	91 
3336	98 
3337	81 
3338	10 
3339	69 
3340	86 
3341	81 
3342	81 
3343	65 
3344	44 
3345	1 
3346	43 
3347	46 
3348	22 
3349	42 
3350	49 
3351	77 
3352	94 
3353	43 
3354	99 
3355	29 
3356	47 
3357	46 
3358	73 
3359	51 
3360	20 
3361	47 
3362	26 
3363	72 
3364	60 
3365	54 
3366	18 
3367	39 
3368	35 
3369	9 
3370	38 
3371	48 
3372	50 
3373	56 
3374	21 
3375	11 
3376	21 
3377	46 
3378	55 
3379	91 
3380	35 
3381	19 
3382	41 
3383	44 
3384	37 
3385	50 
3386	20 
3387	46 
3388	76 
3389	95 
3390	2 
3391	91 
3392	78 
3393	2 
3394	54 
3395	30 
3396	79 
3397	33 
3398	7 
3399	11 
3400	84 
3401	56 
3402	43 
3403	71 
3404	34 
3405	65 
3406	83 
3407	24 
3408	73 
3409	53 
3410	48 
3411	13 
3412	11 
3413	9 
3414	8 
3415	56 
3416	87 
3417	73 
3418	35 
3419	59 
3420	90 
3421	45 
3422	15 
3423	1 
3424	81 
3425	46 
3426	33 
3427	99 
3428	34 
3429	57 
3430	28 
3431	20 
3432	65 
3433	10 
3434	10 
3435	11 
3436	69 
3437	22 
3438	74 
3439	100 
3440	50 
3441	100 
3442	4 
3443	73 
3444	46 
3445	19 
3446	1 
3447	75 
3448	7 
3449	41 
3450	99 
3451	13 
3452	58 
3453	41 
3454	75 
3455	90 
3456	11 
3457	93 
3458	41 
3459	78 
3460	101 
3461	59 
3462	76 
3463	94 
3464	54 
3465	60 
3466	39 
3467	58 
3468	17 
3469	92 
3470	95 
3471	84 
3472	74 
3473	98 
3474	20 
3475	99 
3476	8 
3477	92 
3478	42 
3479	25 
3480	19 
3481	11 
3482	48 
3483	63 
3484	98 
3485	68 
3486	12 
3487	54 
3488	33 
3489	89 
3490	11 
3491	31 
3492	30 
3493	74 
3494	68 
3495	10 
3496	95 
3497	11 
3498	90 
3499	17 
3500	13 
3501	81 
3502	9 
3503	41 
3504	53 
3505	7 
3506	56 
3507	11 
3508	29 
3509	19 
3510	58 
3511	4 
3512	55 
3513	3 
3514	71 
3515	22 
3516	23 
3517	44 
3518	52 
3519	4 
3520	77 
3521	78 
3522	35 
3523	29 
3524	53 
3525	43 
3526	22 
3527	98 
3528	94 
3529	74 
3530	10 
3531	2 
3532	1 
3533	60 
3534	1 
3535	50 
3536	53 
3537	17 
3538	63 
3539	46 
3540	21 
3541	55 
3542	50 
3543	5 
3544	95 
3545	91 
3546	50 
3547	68 
3548	58 
3549	99 
3550	43 
3551	50 
3552	47 
3553	18 
3554	68 
3555	96 
3556	81 
3557	93 
3558	91 
3559	88 
3560	6 
3561	97 
3562	9 
3563	22 
3564	25 
3565	93 
3566	2 
3567	17 
3568	47 
3569	56 
3570	88 
3571	9 
3572	5 
3573	84 
3574	14 
3575	97 
3576	40 
3577	58 
3578	2 
3579	68 
3580	43 
3581	15 
3582	57 
3583	73 
3584	55 
3585	63 
3586	2 
3587	52 
3588	35 
3589	79 
3590	36 
3591	31 
3592	7 
3593	9 
3594	40 
3595	75 
3596	90 
3597	86 
3598	53 
3599	22 
3600	4 
3601	96 
3602	86 
3603	56 
3604	44 
3605	29 
3606	31 
3607	78 
3608	43 
3609	48 
3610	2 
3611	19 
3612	87 
3613	75 
3614	99 
3615	45 
3616	33 
3617	4 
3618	7 
3619	13 
3620	88 
3621	91 
3622	81 
3623	88 
3624	4 
3625	61 
3626	26 
3627	41 
3628	90 
3629	14 
3630	70 
3631	20 
3632	2 
3633	82 
3634	12 
3635	35 
3636	41 
3637	68 
3638	11 
3639	49 
3640	5 
3641	70 
3642	38 
3643	42 
3644	3 
3645	43 
3646	54 
3647	29 
3648	29 
3649	44 
3650	91 
3651	72 
3652	8 
3653	54 
3654	65 
3655	40 
3656	46 
3657	38 
3658	91 
3659	100 
3660	35 
3661	55 
3662	55 
3663	21 
3664	27 
3665	75 
3666	15 
3667	7 
3668	98 
3669	54 
3670	77 
3671	11 
3672	31 
3673	29 
3674	93 
3675	13 
3676	22 
3677	35 
3678	35 
3679	87 
3680	28 
3681	72 
3682	79 
3683	59 
3684	86 
3685	83 
3686	44 
3687	72 
3688	6 
3689	7 
3690	28 
3691	10 
3692	65 
3693	60 
3694	91 
3695	47 
3696	81 
3697	86 
3698	58 
3699	71 
3700	3 
3701	22 
3702	43 
3703	66 
3704	88 
3705	80 
3706	82 
3707	74 
3708	73 
3709	64 
3710	73 
3711	78 
3712	73 
3713	74 
3714	60 
3715	64 
3716	48 
3717	62 
3718	95 
3719	5 
3720	35 
3721	64 
3722	57 
3723	47 
3724	56 
3725	95 
3726	4 
3727	54 
3728	56 
3729	74 
3730	10 
3731	59 
3732	10 
3733	43 
3734	58 
3735	60 
3736	38 
3737	71 
3738	63 
3739	39 
3740	66 
3741	86 
3742	38 
3743	82 
3744	13 
3745	16 
3746	19 
3747	60 
3748	85 
3749	7 
3750	39 
3751	94 
3752	16 
3753	43 
3754	64 
3755	95 
3756	60 
3757	75 
3758	51 
3759	75 
3760	52 
3761	45 
3762	41 
3763	98 
3764	88 
3765	68 
3766	60 
3767	45 
3768	21 
3769	48 
3770	43 
3771	96 
3772	1 
3773	39 
3774	26 
3775	47 
3776	21 
3777	44 
3778	4 
3779	76 
3780	93 
3781	6 
3782	3 
3783	14 
3784	34 
3785	44 
3786	75 
3787	9 
3788	57 
3789	48 
3790	54 
3791	58 
3792	66 
3793	18 
3794	51 
3795	35 
3796	11 
3797	14 
3798	54 
3799	27 
3800	5 
3801	87 
3802	14 
3803	21 
3804	47 
3805	97 
3806	74 
3807	74 
3808	9 
3809	90 
3810	2 
3811	24 
3812	87 
3813	39 
3814	78 
3815	21 
3816	53 
3817	82 
3818	15 
3819	96 
3820	59 
3821	91 
3822	40 
3823	86 
3824	58 
3825	90 
3826	21 
3827	99 
3828	57 
3829	17 
3830	39 
3831	61 
3832	7 
3833	46 
3834	95 
3835	60 
3836	73 
3837	16 
3838	43 
3839	39 
3840	86 
3841	72 
3842	43 
3843	11 
3844	50 
3845	45 
3846	40 
3847	54 
3848	43 
3849	46 
3850	14 
3851	37 
3852	5 
3853	100 
3854	86 
3855	65 
3856	91 
3857	63 
3858	25 
3859	94 
3860	53 
3861	41 
3862	10 
3863	80 
3864	24 
3865	93 
3866	48 
3867	44 
3868	15 
3869	28 
3870	3 
3871	10 
3872	72 
3873	50 
3874	46 
3875	7 
3876	92 
3877	16 
3878	68 
3879	37 
3880	64 
3881	24 
3882	70 
3883	91 
3884	69 
3885	29 
3886	70 
3887	43 
3888	19 
3889	19 
3890	11 
3891	42 
3892	39 
3893	85 
3894	74 
3895	66 
3896	80 
3897	80 
3898	37 
3899	29 
3900	2 
3901	71 
3902	75 
3903	56 
3904	15 
3905	37 
3906	98 
3907	16 
3908	96 
3909	41 
3910	19 
3911	3 
3912	9 
3913	22 
3914	90 
3915	21 
3916	3 
3917	91 
3918	27 
3919	73 
3920	53 
3921	20 
3922	100 
3923	58 
3924	2 
3925	75 
3926	48 
3927	95 
3928	48 
3929	11 
3930	94 
3931	22 
3932	45 
3933	48 
3934	69 
3935	21 
3936	57 
3937	29 
3938	71 
3939	63 
3940	46 
3941	10 
3942	28 
3943	42 
3944	90 
3945	33 
3946	10 
3947	2 
3948	98 
3949	88 
3950	29 
3951	85 
3952	42 
3953	68 
3954	45 
3955	29 
3956	86 
3957	10 
3958	61 
3959	84 
3960	38 
3961	28 
3962	9 
3963	69 
3964	39 
3965	22 
3966	48 
3967	98 
3968	9 
3969	3 
3970	28 
3971	82 
3972	76 
3973	2 
3974	42 
3975	21 
3976	10 
3977	80 
3978	9 
3979	1 
3980	87 
3981	17 
3982	28 
3983	57 
3984	90 
3985	67 
3986	57 
3987	70 
3988	44 
3989	27 
3990	57 
3991	76 
3992	87 
3993	5 
3994	34 
3995	73 
3996	41 
3997	50 
3998	38 
3999	58 
4000	4 
4001	86 
4002	73 
4003	34 
4004	70 
4005	56 
4006	21 
4007	73 
4008	54 
4009	43 
4010	14 
4011	89 
4012	77 
4013	38 
4014	101 
4015	81 
4016	54 
4017	30 
4018	42 
4019	16 
4020	99 
4021	65 
4022	77 
4023	74 
4024	41 
4025	75 
4026	92 
4027	31 
4028	87 
4029	67 
4030	57 
4031	21 
4032	10 
4033	75 
4034	55 
4035	75 
4036	50 
4037	96 
4038	73 
4039	78 
4040	35 
4041	69 
4042	6 
4043	34 
4044	47 
4045	27 
4046	74 
4047	19 
4048	67 
4049	68 
4050	31 
4051	86 
4052	5 
4053	91 
4054	17 
4055	2 
4056	87 
4057	62 
4058	58 
4059	16 
4060	7 
4061	91 
4062	49 
4063	74 
4064	50 
4065	42 
4066	58 
4067	18 
4068	87 
4069	72 
4070	1 
4071	20 
4072	2 
4073	29 
4074	67 
4075	29 
4076	45 
4077	84 
4078	72 
4079	34 
4080	15 
4081	60 
4082	83 
4083	80 
4084	7 
4085	98 
4086	23 
4087	88 
4088	88 
4089	35 
4090	23 
4091	53 
4092	8 
4093	6 
4094	39 
4095	4 
4096	39 
4097	61 
4098	73 
4099	86 
4100	76 
4101	61 
4102	4 
4103	97 
4104	95 
4105	68 
4106	50 
4107	22 
4108	54 
4109	41 
4110	75 
4111	2 
4112	53 
4113	11 
4114	66 
4115	73 
4116	10 
4117	77 
4118	21 
4119	34 
4120	12 
4121	34 
4122	12 
4123	98 
4124	93 
4125	41 
4126	2 
4127	99 
4128	41 
4129	84 
4130	75 
4131	73 
4132	88 
4133	91 
4134	43 
4135	43 
4136	46 
4137	4 
4138	58 
4139	12 
4140	100 
4141	72 
4142	46 
4143	21 
4144	8 
4145	79 
4146	33 
4147	29 
4148	80 
4149	35 
4150	73 
4151	54 
4152	7 
4153	47 
4154	4 
4155	85 
4156	92 
4157	81 
4158	58 
4159	41 
4160	76 
4161	50 
4162	61 
4163	16 
4164	15 
4165	90 
4166	17 
4167	70 
4168	89 
4169	3 
4170	10 
4171	21 
4172	11 
4173	45 
4174	70 
4175	79 
4176	36 
4177	79 
4178	39 
4179	37 
4180	88 
4181	88 
4182	72 
4183	72 
4184	73 
4185	32 
4186	58 
4187	21 
4188	94 
4189	22 
4190	69 
4191	37 
4192	86 
4193	43 
4194	95 
4195	78 
4196	20 
4197	77 
4198	2 
4199	15 
4200	9 
4201	83 
4202	3 
4203	64 
4204	13 
4205	71 
4206	20 
4207	27 
4208	75 
4209	39 
4210	57 
4211	48 
4212	78 
4213	24 
4214	20 
4215	21 
4216	34 
4217	49 
4218	36 
4219	11 
4220	7 
4221	85 
4222	35 
4223	62 
4224	101 
4225	23 
4226	53 
4227	43 
4228	42 
4229	86 
4230	18 
4231	7 
4232	50 
4233	87 
4234	79 
4235	6 
4236	46 
4237	34 
4238	91 
4239	44 
4240	95 
4241	74 
4242	96 
4243	35 
4244	2 
4245	55 
4246	46 
4247	27 
4248	53 
4249	72 
4250	51 
4251	93 
4252	72 
4253	12 
4254	65 
4255	100 
4256	70 
4257	27 
4258	50 
4259	73 
4260	86 
4261	73 
4262	85 
4263	12 
4264	84 
4265	32 
4266	91 
4267	46 
4268	8 
4269	17 
4270	23 
4271	80 
4272	34 
4273	60 
4274	101 
4275	80 
4276	1 
4277	77 
4278	5 
4279	60 
4280	75 
4281	70 
4282	75 
4283	76 
4284	10 
4285	56 
4286	21 
4287	54 
4288	14 
4289	11 
4290	49 
4291	65 
4292	21 
4293	35 
4294	56 
4295	12 
4296	41 
4297	73 
4298	39 
4299	98 
4300	89 
4301	29 
4302	91 
4303	74 
4304	20 
4305	60 
4306	39 
4307	34 
4308	29 
4309	7 
4310	95 
4311	87 
4312	48 
4313	50 
4314	60 
4315	88 
4316	13 
4317	97 
4318	40 
4319	5 
4320	39 
4321	85 
4322	50 
4323	74 
4324	4 
4325	21 
4326	15 
4327	89 
4328	66 
4329	66 
4330	73 
4331	34 
4332	43 
4333	58 
4334	52 
4335	28 
4336	34 
4337	43 
4338	68 
4339	1 
4340	88 
4341	100 
4342	27 
4343	20 
4344	13 
4345	30 
4346	68 
4347	58 
4348	5 
4349	2 
4350	74 
4351	21 
4352	70 
4353	66 
4354	63 
4355	14 
4356	87 
4357	54 
4358	64 
4359	10 
4360	74 
4361	93 
4362	24 
4363	30 
4364	43 
4365	16 
4366	2 
4367	89 
4368	46 
4369	86 
4370	74 
4371	101 
4372	5 
4373	17 
4374	11 
4375	29 
4376	21 
4377	8 
4378	21 
4379	13 
4380	82 
4381	56 
4382	75 
4383	46 
4384	7 
4385	95 
4386	45 
4387	42 
4388	72 
4389	15 
4390	53 
4391	9 
4392	98 
4393	72 
4394	50 
4395	91 
4396	82 
4397	47 
4398	11 
4399	85 
4400	5 
4401	18 
4402	21 
4403	78 
4404	47 
4405	34 
4406	91 
4407	74 
4408	88 
4409	53 
4410	81 
4411	45 
4412	61 
4413	21 
4414	40 
4415	60 
4416	25 
4417	2 
4418	35 
4419	13 
4420	13 
4421	56 
4422	91 
4423	96 
4424	44 
4425	62 
4426	62 
4427	56 
4428	34 
4429	62 
4430	83 
4431	100 
4432	25 
4433	35 
4434	46 
4435	34 
4436	61 
4437	41 
4438	74 
4439	19 
4440	60 
4441	63 
4442	21 
4443	33 
4444	86 
4445	82 
4446	90 
4447	79 
4448	62 
4449	2 
4450	39 
4451	16 
4452	72 
4453	13 
4454	4 
4455	7 
4456	27 
4457	39 
4458	35 
4459	91 
4460	69 
4461	66 
4462	11 
4463	80 
4464	85 
4465	21 
4466	40 
4467	33 
4468	35 
4469	4 
4470	60 
4471	60 
4472	11 
4473	99 
4474	33 
4475	70 
4476	41 
4477	95 
4478	70 
4479	3 
4480	35 
4481	67 
4482	25 
4483	13 
4484	35 
4485	89 
4486	30 
4487	87 
4488	45 
4489	99 
4490	2 
4491	54 
4492	67 
4493	88 
4494	10 
4495	39 
4496	72 
4497	56 
4498	21 
4499	79 
4500	38 
4501	54 
4502	16 
4503	89 
4504	70 
4505	50 
4506	9 
4507	79 
4508	50 
4509	10 
4510	15 
4511	44 
4512	29 
4513	31 
4514	60 
4515	79 
4516	74 
4517	38 
4518	2 
4519	96 
4520	43 
4521	2 
4522	69 
4523	44 
4524	41 
4525	22 
4526	54 
4527	100 
4528	46 
4529	50 
4530	72 
4531	19 
4532	43 
4533	42 
4534	45 
4535	35 
4536	54 
4537	49 
4538	85 
4539	91 
4540	70 
4541	53 
4542	35 
4543	22 
4544	101 
4545	75 
4546	66 
4547	7 
4548	15 
4549	31 
4550	22 
4551	18 
4552	77 
4553	20 
4554	44 
4555	29 
4556	67 
4557	5 
4558	90 
4559	13 
4560	7 
4561	19 
4562	29 
4563	66 
4564	97 
4565	7 
4566	25 
4567	73 
4568	10 
4569	60 
4570	62 
4571	11 
4572	31 
4573	41 
4574	86 
4575	2 
4576	27 
4577	63 
4578	4 
4579	18 
4580	2 
4581	54 
4582	60 
4583	86 
4584	66 
4585	15 
4586	46 
4587	15 
4588	68 
4589	9 
4590	14 
4591	12 
4592	34 
4593	49 
4594	4 
4595	74 
4596	39 
4597	67 
4598	72 
4599	65 
4600	81 
4601	19 
4602	65 
4603	21 
4604	41 
4605	73 
4606	82 
4607	21 
4608	54 
4609	42 
4610	35 
4611	31 
4612	33 
4613	77 
4614	89 
4615	49 
4616	49 
4617	33 
4618	98 
4619	88 
4620	43 
4621	87 
4622	55 
4623	91 
4624	56 
4625	70 
4626	18 
4627	91 
4628	95 
4629	37 
4630	7 
4631	42 
4632	43 
4633	60 
4634	75 
4635	48 
4636	48 
4637	93 
4638	16 
4639	53 
4640	63 
4641	31 
4642	43 
4643	57 
4644	99 
4645	16 
4646	54 
4647	11 
4648	35 
4649	1 
4650	43 
4651	73 
4652	10 
4653	95 
4654	90 
4655	88 
4656	67 
4657	50 
4658	62 
4659	33 
4660	14 
4661	13 
4662	70 
4663	55 
4664	15 
4665	37 
4666	58 
4667	49 
4668	88 
4669	14 
4670	29 
4671	59 
4672	65 
4673	22 
4674	53 
4675	65 
4676	48 
4677	60 
4678	56 
4679	10 
4680	97 
4681	38 
4682	2 
4683	62 
4684	7 
4685	81 
4686	9 
4687	91 
4688	21 
4689	45 
4690	65 
4691	91 
4692	49 
4693	48 
4694	57 
4695	15 
4696	58 
4697	45 
4698	2 
4699	16 
4700	75 
4701	7 
4702	95 
4703	43 
4704	41 
4705	60 
4706	85 
4707	4 
4708	29 
4709	97 
4710	10 
4711	10 
4712	1 
4713	59 
4714	9 
4715	48 
4716	75 
4717	93 
4718	10 
4719	43 
4720	50 
4721	97 
4722	5 
4723	54 
4724	100 
4725	87 
4726	43 
4727	13 
4728	95 
4729	96 
4730	58 
4731	5 
4732	44 
4733	88 
4734	16 
4735	46 
4736	56 
4737	19 
4738	59 
4739	56 
4740	47 
4741	99 
4742	60 
4743	93 
4744	58 
4745	21 
4746	55 
4747	74 
4748	20 
4749	45 
4750	46 
4751	58 
4752	14 
4753	4 
4754	95 
4755	11 
4756	11 
4757	4 
4758	74 
4759	87 
4760	21 
4761	57 
4762	44 
4763	46 
4764	76 
4765	37 
4766	4 
4767	14 
4768	4 
4769	22 
4770	90 
4771	68 
4772	56 
4773	21 
4774	50 
4775	56 
4776	95 
4777	72 
4778	93 
4779	67 
4780	46 
4781	49 
4782	31 
4783	45 
4784	97 
4785	42 
4786	95 
4787	16 
4788	58 
4789	50 
4790	22 
4791	34 
4792	46 
4793	87 
4794	10 
4795	29 
4796	50 
4797	10 
4798	35 
4799	54 
4800	35 
4801	60 
4802	54 
4803	13 
4804	7 
4805	74 
4806	33 
4807	65 
4808	43 
4809	68 
4810	85 
4811	60 
4812	18 
4813	90 
4814	34 
4815	54 
4816	50 
4817	41 
4818	35 
4819	42 
4820	48 
4821	42 
4822	90 
4823	56 
4824	35 
4825	88 
4826	21 
4827	10 
4828	39 
4829	76 
4830	63 
4831	58 
4832	48 
4833	16 
4834	7 
4835	16 
4836	53 
4837	2 
4838	35 
4839	41 
4840	48 
4841	11 
4842	66 
4843	9 
4844	2 
4845	46 
4846	53 
4847	11 
4848	57 
4849	29 
4850	60 
4851	87 
4852	43 
4853	9 
4854	56 
4855	73 
4856	45 
4857	91 
4858	43 
4859	99 
4860	60 
4861	12 
4862	46 
4863	65 
4864	16 
4865	50 
4866	57 
4867	70 
4868	13 
4869	53 
4870	91 
4871	91 
4872	5 
4873	73 
4874	58 
4875	49 
4876	13 
4877	22 
4878	7 
4879	54 
4880	73 
4881	56 
4882	46 
4883	4 
4884	50 
4885	56 
4886	21 
4887	45 
4888	58 
4889	90 
4890	2 
4891	44 
4892	53 
4893	87 
4894	50 
4895	58 
4896	7 
4897	75 
4898	74 
4899	44 
4900	74 
4901	16 
4902	88 
4903	22 
4904	22 
4905	58 
4906	60 
4907	46 
4908	49 
4909	95 
4910	56 
4911	10 
4912	46 
4913	53 
4914	5 
4915	41 
4916	39 
4917	2 
4918	34 
4919	11 
4920	75 
4921	39 
4922	75 
4923	73 
4924	56 
4925	87 
4926	21 
4927	60 
4928	46 
4929	10 
4930	44 
4931	46 
4932	43 
4933	43 
4934	91 
4935	22 
4936	2 
4937	65 
4938	10 
4939	56 
4940	7 
4941	70 
4942	41 
4943	73 
4944	22 
4945	86 
4946	43 
4947	54 
4948	57 
4949	56 
4950	73 
4951	43 
4952	56 
4953	74 
4954	29 
4955	29 
4956	10 
4957	43 
4958	50 
4959	88 
4960	46 
4961	88 
4962	50 
4963	7 
4964	90 
4965	90 
4966	43 
4967	10 
4968	60 
4969	73 
4970	57 
4971	11 
4972	7 
4973	75 
4974	50 
4975	29 
4976	43 
4977	50 
4978	88 
4979	10 
4980	43 
4981	46 
4982	43 
4983	10 
4984	74 
4985	60 
4986	29 
4987	29 
4988	29 
4989	58 
4990	50 
4991	88 
4992	91 
4993	50 
4994	29 
4995	46 
4996	7 
4997	54 
4998	90 
4999	90 
5000	74 
