1	41 
2	46 
3	47 
4	35 
5	16 
6	46 
7	22 
8	39 
9	31 
10	9 
11	16 
12	11 
13	15 
14	31 
15	22 
16	16 
17	31 
18	47 
19	32 
20	46 
21	36 
22	3 
23	39 
24	16 
25	22 
26	39 
27	31 
28	19 
29	46 
30	31 
31	22 
32	14 
33	44 
34	47 
35	1 
36	47 
37	47 
38	46 
39	16 
40	22 
41	15 
42	34 
43	20 
44	50 
45	29 
46	38 
47	20 
48	39 
49	20 
50	39 
51	39 
52	50 
53	31 
54	16 
55	7 
56	32 
57	47 
58	42 
59	3 
60	16 
61	44 
62	18 
63	18 
64	46 
65	42 
66	16 
67	1 
68	32 
69	31 
70	47 
71	11 
72	47 
73	31 
74	35 
75	31 
76	15 
77	39 
78	20 
79	46 
80	22 
81	10 
82	45 
83	18 
84	46 
85	32 
86	25 
87	22 
88	44 
89	46 
90	50 
91	31 
92	46 
93	22 
94	42 
95	39 
96	14 
97	42 
98	14 
99	16 
100	39 
101	20 
102	35 
103	36 
104	22 
105	46 
106	14 
107	31 
108	35 
109	22 
110	6 
111	32 
112	33 
113	47 
114	1 
115	46 
116	1 
117	1 
118	16 
119	35 
120	46 
121	6 
122	22 
123	8 
124	22 
125	17 
126	46 
127	6 
128	39 
129	22 
130	42 
131	42 
132	24 
133	20 
134	31 
135	16 
136	22 
137	20 
138	42 
139	14 
140	35 
141	46 
142	15 
143	39 
144	5 
145	15 
146	4 
147	16 
148	42 
149	46 
150	46 
151	33 
152	50 
153	39 
154	7 
155	39 
156	47 
157	1 
158	31 
159	28 
160	16 
161	16 
162	16 
163	1 
164	22 
165	20 
166	46 
167	46 
168	16 
169	14 
170	13 
171	22 
172	32 
173	20 
174	1 
175	18 
176	1 
177	22 
178	39 
179	35 
180	14 
181	14 
182	32 
183	6 
184	1 
185	46 
186	31 
187	46 
188	14 
189	22 
190	16 
191	19 
192	22 
193	39 
194	7 
195	46 
196	39 
197	1 
198	35 
199	16 
200	44 
201	18 
202	22 
203	35 
204	16 
205	15 
206	18 
207	46 
208	31 
209	47 
210	39 
211	10 
212	16 
213	32 
214	15 
215	1 
216	1 
217	39 
218	50 
219	1 
220	47 
221	22 
222	1 
223	39 
224	42 
225	4 
226	39 
227	47 
228	16 
229	31 
230	42 
231	48 
232	46 
233	47 
234	16 
235	16 
236	42 
237	6 
238	14 
239	39 
240	12 
241	7 
242	39 
243	39 
244	46 
245	39 
246	46 
247	1 
248	22 
249	16 
250	42 
251	36 
252	7 
253	31 
254	12 
255	46 
256	32 
257	32 
258	14 
259	47 
260	15 
261	1 
262	6 
263	36 
264	35 
265	22 
266	32 
267	39 
268	16 
269	14 
270	39 
271	31 
272	31 
273	32 
274	45 
275	18 
276	20 
277	16 
278	50 
279	22 
280	16 
281	31 
282	32 
283	31 
284	46 
285	26 
286	25 
287	35 
288	1 
289	46 
290	3 
291	22 
292	47 
293	22 
294	4 
295	46 
296	32 
297	17 
298	8 
299	16 
300	46 
301	14 
302	35 
303	20 
304	7 
305	14 
306	31 
307	1 
308	1 
309	31 
310	6 
311	35 
312	22 
313	45 
314	6 
315	50 
316	12 
317	5 
318	18 
319	20 
320	35 
321	22 
322	47 
323	15 
324	16 
325	16 
326	14 
327	6 
328	31 
329	20 
330	35 
331	20 
332	31 
333	44 
334	50 
335	14 
336	16 
337	15 
338	12 
339	47 
340	31 
341	35 
342	43 
343	48 
344	35 
345	39 
346	1 
347	47 
348	35 
349	22 
350	22 
351	49 
352	35 
353	35 
354	18 
355	8 
356	19 
357	14 
358	31 
359	32 
360	18 
361	39 
362	39 
363	11 
364	39 
365	31 
366	46 
367	16 
368	6 
369	23 
370	36 
371	39 
372	46 
373	22 
374	47 
375	39 
376	22 
377	20 
378	35 
379	36 
380	46 
381	20 
382	39 
383	18 
384	34 
385	30 
386	20 
387	39 
388	50 
389	39 
390	16 
391	39 
392	27 
393	42 
394	16 
395	31 
396	45 
397	22 
398	20 
399	47 
400	22 
401	22 
402	2 
403	39 
404	35 
405	17 
406	12 
407	15 
408	27 
409	39 
410	46 
411	39 
412	45 
413	41 
414	15 
415	42 
416	31 
417	47 
418	15 
419	39 
420	18 
421	22 
422	1 
423	20 
424	21 
425	22 
426	46 
427	46 
428	20 
429	34 
430	1 
431	46 
432	16 
433	35 
434	7 
435	39 
436	46 
437	1 
438	31 
439	31 
440	42 
441	35 
442	42 
443	22 
444	26 
445	17 
446	44 
447	16 
448	47 
449	27 
450	22 
451	7 
452	39 
453	31 
454	1 
455	22 
456	22 
457	16 
458	46 
459	22 
460	22 
461	22 
462	47 
463	15 
464	50 
465	17 
466	15 
467	19 
468	47 
469	22 
470	50 
471	16 
472	40 
473	39 
474	44 
475	6 
476	1 
477	20 
478	45 
479	46 
480	46 
481	42 
482	47 
483	47 
484	47 
485	42 
486	20 
487	42 
488	1 
489	39 
490	31 
491	31 
492	35 
493	15 
494	16 
495	47 
496	17 
497	17 
498	26 
499	1 
500	1 
501	32 
502	14 
503	16 
504	46 
505	1 
506	1 
507	44 
508	32 
509	47 
510	14 
511	39 
512	50 
513	42 
514	16 
515	32 
516	35 
517	39 
518	32 
519	16 
520	39 
521	46 
522	6 
523	20 
524	20 
525	42 
526	31 
527	20 
528	32 
529	39 
530	16 
531	31 
532	20 
533	14 
534	44 
535	16 
536	45 
537	46 
538	28 
539	46 
540	9 
541	22 
542	29 
543	1 
544	14 
545	15 
546	42 
547	46 
548	46 
549	20 
550	16 
551	35 
552	22 
553	14 
554	22 
555	16 
556	39 
557	32 
558	44 
559	18 
560	15 
561	14 
562	32 
563	16 
564	1 
565	39 
566	15 
567	14 
568	22 
569	46 
570	16 
571	22 
572	35 
573	17 
574	30 
575	47 
576	15 
577	39 
578	48 
579	39 
580	22 
581	39 
582	50 
583	32 
584	1 
585	47 
586	16 
587	39 
588	22 
589	31 
590	22 
591	16 
592	44 
593	22 
594	20 
595	1 
596	35 
597	1 
598	20 
599	39 
600	16 
601	35 
602	22 
603	34 
604	18 
605	22 
606	46 
607	47 
608	32 
609	14 
610	20 
611	46 
612	31 
613	31 
614	1 
615	1 
616	1 
617	39 
618	22 
619	32 
620	45 
621	15 
622	46 
623	31 
624	44 
625	46 
626	14 
627	47 
628	14 
629	1 
630	14 
631	12 
632	50 
633	46 
634	32 
635	29 
636	50 
637	16 
638	32 
639	22 
640	35 
641	18 
642	31 
643	31 
644	24 
645	42 
646	2 
647	46 
648	46 
649	20 
650	39 
651	31 
652	6 
653	6 
654	35 
655	31 
656	19 
657	14 
658	1 
659	39 
660	1 
661	31 
662	16 
663	40 
664	42 
665	36 
666	17 
667	31 
668	39 
669	46 
670	14 
671	42 
672	27 
673	22 
674	22 
675	1 
676	1 
677	14 
678	22 
679	14 
680	22 
681	32 
682	42 
683	31 
684	1 
685	20 
686	1 
687	39 
688	14 
689	32 
690	22 
691	44 
692	22 
693	34 
694	22 
695	22 
696	16 
697	22 
698	16 
699	31 
700	16 
701	1 
702	22 
703	35 
704	1 
705	16 
706	21 
707	29 
708	32 
709	22 
710	18 
711	47 
712	31 
713	39 
714	42 
715	18 
716	39 
717	50 
718	14 
719	31 
720	46 
721	31 
722	50 
723	40 
724	10 
725	22 
726	42 
727	46 
728	1 
729	50 
730	42 
731	32 
732	44 
733	1 
734	46 
735	42 
736	32 
737	32 
738	46 
739	46 
740	39 
741	35 
742	31 
743	39 
744	22 
745	16 
746	32 
747	39 
748	16 
749	22 
750	16 
751	31 
752	47 
753	17 
754	50 
755	32 
756	47 
757	39 
758	35 
759	31 
760	49 
761	35 
762	1 
763	16 
764	39 
765	22 
766	1 
767	44 
768	35 
769	16 
770	28 
771	46 
772	20 
773	16 
774	35 
775	6 
776	1 
777	9 
778	16 
779	18 
780	14 
781	20 
782	8 
783	22 
784	50 
785	1 
786	42 
787	39 
788	22 
789	16 
790	47 
791	16 
792	44 
793	16 
794	16 
795	14 
796	15 
797	35 
798	3 
799	29 
800	16 
801	22 
802	46 
803	18 
804	22 
805	15 
806	14 
807	45 
808	19 
809	14 
810	43 
811	22 
812	14 
813	1 
814	31 
815	46 
816	6 
817	16 
818	14 
819	46 
820	47 
821	39 
822	34 
823	20 
824	22 
825	44 
826	1 
827	44 
828	45 
829	22 
830	44 
831	22 
832	22 
833	22 
834	6 
835	29 
836	22 
837	22 
838	32 
839	41 
840	20 
841	39 
842	20 
843	1 
844	31 
845	9 
846	37 
847	42 
848	14 
849	15 
850	46 
851	34 
852	1 
853	20 
854	46 
855	1 
856	8 
857	35 
858	16 
859	29 
860	32 
861	22 
862	40 
863	22 
864	14 
865	16 
866	18 
867	38 
868	16 
869	35 
870	16 
871	31 
872	34 
873	16 
874	22 
875	1 
876	39 
877	22 
878	35 
879	39 
880	16 
881	31 
882	15 
883	32 
884	31 
885	31 
886	15 
887	16 
888	14 
889	29 
890	50 
891	22 
892	47 
893	16 
894	16 
895	9 
896	46 
897	20 
898	6 
899	47 
900	46 
901	34 
902	39 
903	39 
904	16 
905	47 
906	31 
907	47 
908	20 
909	39 
910	4 
911	3 
912	42 
913	22 
914	14 
915	22 
916	39 
917	31 
918	1 
919	46 
920	50 
921	46 
922	16 
923	31 
924	35 
925	46 
926	8 
927	10 
928	32 
929	39 
930	46 
931	35 
932	1 
933	50 
934	35 
935	22 
936	22 
937	17 
938	50 
939	32 
940	39 
941	1 
942	18 
943	20 
944	39 
945	33 
946	14 
947	1 
948	16 
949	31 
950	46 
951	20 
952	18 
953	18 
954	46 
955	20 
956	22 
957	18 
958	1 
959	31 
960	46 
961	44 
962	1 
963	39 
964	31 
965	42 
966	12 
967	14 
968	20 
969	31 
970	47 
971	16 
972	47 
973	14 
974	12 
975	32 
976	47 
977	46 
978	16 
979	22 
980	44 
981	12 
982	24 
983	19 
984	18 
985	47 
986	39 
987	44 
988	6 
989	46 
990	17 
991	18 
992	42 
993	46 
994	31 
995	50 
996	22 
997	46 
998	29 
999	16 
1000	2 
1001	15 
1002	12 
1003	16 
1004	22 
1005	22 
1006	18 
1007	42 
1008	22 
1009	39 
1010	18 
1011	18 
1012	32 
1013	46 
1014	7 
1015	32 
1016	22 
1017	50 
1018	31 
1019	14 
1020	20 
1021	18 
1022	1 
1023	10 
1024	22 
1025	35 
1026	31 
1027	22 
1028	16 
1029	42 
1030	32 
1031	50 
1032	18 
1033	50 
1034	16 
1035	39 
1036	16 
1037	33 
1038	14 
1039	22 
1040	1 
1041	34 
1042	31 
1043	15 
1044	14 
1045	18 
1046	39 
1047	1 
1048	46 
1049	45 
1050	47 
1051	45 
1052	30 
1053	50 
1054	14 
1055	42 
1056	47 
1057	1 
1058	16 
1059	16 
1060	18 
1061	18 
1062	16 
1063	1 
1064	1 
1065	6 
1066	42 
1067	42 
1068	31 
1069	14 
1070	46 
1071	14 
1072	31 
1073	29 
1074	7 
1075	46 
1076	15 
1077	31 
1078	16 
1079	50 
1080	29 
1081	35 
1082	47 
1083	39 
1084	46 
1085	39 
1086	24 
1087	46 
1088	32 
1089	39 
1090	18 
1091	39 
1092	20 
1093	46 
1094	31 
1095	37 
1096	42 
1097	16 
1098	32 
1099	32 
1100	31 
1101	1 
1102	6 
1103	47 
1104	47 
1105	44 
1106	22 
1107	39 
1108	16 
1109	22 
1110	39 
1111	20 
1112	50 
1113	20 
1114	22 
1115	16 
1116	22 
1117	8 
1118	25 
1119	46 
1120	16 
1121	1 
1122	16 
1123	31 
1124	46 
1125	8 
1126	15 
1127	18 
1128	22 
1129	46 
1130	39 
1131	8 
1132	39 
1133	31 
1134	39 
1135	22 
1136	31 
1137	39 
1138	35 
1139	16 
1140	46 
1141	15 
1142	16 
1143	20 
1144	17 
1145	35 
1146	14 
1147	22 
1148	22 
1149	32 
1150	1 
1151	1 
1152	35 
1153	35 
1154	1 
1155	32 
1156	46 
1157	39 
1158	17 
1159	46 
1160	16 
1161	18 
1162	39 
1163	22 
1164	16 
1165	39 
1166	46 
1167	22 
1168	1 
1169	20 
1170	31 
1171	12 
1172	16 
1173	46 
1174	15 
1175	1 
1176	44 
1177	17 
1178	44 
1179	15 
1180	10 
1181	31 
1182	31 
1183	35 
1184	34 
1185	35 
1186	1 
1187	39 
1188	1 
1189	39 
1190	39 
1191	39 
1192	32 
1193	31 
1194	16 
1195	12 
1196	31 
1197	31 
1198	8 
1199	22 
1200	35 
1201	39 
1202	46 
1203	19 
1204	1 
1205	22 
1206	35 
1207	42 
1208	17 
1209	39 
1210	15 
1211	35 
1212	46 
1213	39 
1214	18 
1215	35 
1216	42 
1217	32 
1218	20 
1219	32 
1220	1 
1221	46 
1222	35 
1223	39 
1224	31 
1225	17 
1226	1 
1227	44 
1228	46 
1229	1 
1230	18 
1231	20 
1232	40 
1233	16 
1234	14 
1235	16 
1236	39 
1237	31 
1238	16 
1239	16 
1240	20 
1241	47 
1242	3 
1243	16 
1244	1 
1245	14 
1246	33 
1247	1 
1248	31 
1249	2 
1250	46 
1251	15 
1252	46 
1253	3 
1254	48 
1255	20 
1256	46 
1257	46 
1258	22 
1259	19 
1260	12 
1261	35 
1262	6 
1263	32 
1264	16 
1265	16 
1266	46 
1267	42 
1268	31 
1269	1 
1270	1 
1271	20 
1272	17 
1273	1 
1274	11 
1275	43 
1276	16 
1277	20 
1278	16 
1279	47 
1280	39 
1281	46 
1282	18 
1283	46 
1284	1 
1285	12 
1286	9 
1287	46 
1288	17 
1289	22 
1290	10 
1291	39 
1292	31 
1293	33 
1294	19 
1295	46 
1296	50 
1297	47 
1298	35 
1299	22 
1300	46 
1301	22 
1302	46 
1303	6 
1304	46 
1305	22 
1306	48 
1307	46 
1308	16 
1309	46 
1310	22 
1311	18 
1312	45 
1313	22 
1314	14 
1315	8 
1316	6 
1317	20 
1318	22 
1319	6 
1320	16 
1321	20 
1322	22 
1323	46 
1324	47 
1325	50 
1326	21 
1327	20 
1328	47 
1329	20 
1330	16 
1331	20 
1332	18 
1333	8 
1334	32 
1335	46 
1336	47 
1337	1 
1338	46 
1339	22 
1340	22 
1341	50 
1342	45 
1343	39 
1344	8 
1345	1 
1346	16 
1347	31 
1348	1 
1349	8 
1350	1 
1351	1 
1352	22 
1353	39 
1354	49 
1355	39 
1356	17 
1357	35 
1358	22 
1359	40 
1360	22 
1361	19 
1362	29 
1363	16 
1364	46 
1365	22 
1366	46 
1367	46 
1368	22 
1369	31 
1370	32 
1371	1 
1372	1 
1373	31 
1374	22 
1375	32 
1376	3 
1377	42 
1378	12 
1379	23 
1380	22 
1381	5 
1382	1 
1383	6 
1384	39 
1385	45 
1386	20 
1387	46 
1388	22 
1389	31 
1390	20 
1391	22 
1392	16 
1393	22 
1394	15 
1395	16 
1396	39 
1397	8 
1398	1 
1399	22 
1400	46 
1401	36 
1402	16 
1403	31 
1404	6 
1405	15 
1406	46 
1407	22 
1408	12 
1409	45 
1410	47 
1411	6 
1412	42 
1413	18 
1414	31 
1415	20 
1416	42 
1417	15 
1418	1 
1419	46 
1420	16 
1421	20 
1422	22 
1423	31 
1424	42 
1425	35 
1426	22 
1427	39 
1428	42 
1429	35 
1430	46 
1431	47 
1432	35 
1433	16 
1434	46 
1435	33 
1436	44 
1437	14 
1438	14 
1439	22 
1440	46 
1441	44 
1442	16 
1443	29 
1444	31 
1445	6 
1446	31 
1447	44 
1448	32 
1449	46 
1450	32 
1451	31 
1452	22 
1453	1 
1454	47 
1455	39 
1456	46 
1457	33 
1458	16 
1459	31 
1460	46 
1461	39 
1462	33 
1463	4 
1464	1 
1465	37 
1466	35 
1467	12 
1468	35 
1469	47 
1470	46 
1471	31 
1472	1 
1473	3 
1474	16 
1475	9 
1476	16 
1477	14 
1478	33 
1479	16 
1480	49 
1481	27 
1482	42 
1483	35 
1484	18 
1485	46 
1486	1 
1487	46 
1488	31 
1489	35 
1490	44 
1491	22 
1492	47 
1493	6 
1494	46 
1495	32 
1496	22 
1497	18 
1498	32 
1499	8 
1500	35 
1501	44 
1502	20 
1503	1 
1504	14 
1505	15 
1506	31 
1507	46 
1508	46 
1509	39 
1510	32 
1511	50 
1512	35 
1513	16 
1514	39 
1515	39 
1516	17 
1517	35 
1518	16 
1519	31 
1520	47 
1521	22 
1522	47 
1523	31 
1524	46 
1525	45 
1526	8 
1527	22 
1528	39 
1529	19 
1530	47 
1531	22 
1532	34 
1533	7 
1534	16 
1535	35 
1536	46 
1537	42 
1538	40 
1539	1 
1540	14 
1541	22 
1542	20 
1543	42 
1544	20 
1545	29 
1546	46 
1547	1 
1548	47 
1549	39 
1550	14 
1551	46 
1552	16 
1553	7 
1554	31 
1555	39 
1556	44 
1557	17 
1558	1 
1559	44 
1560	46 
1561	22 
1562	36 
1563	17 
1564	46 
1565	50 
1566	16 
1567	39 
1568	20 
1569	16 
1570	16 
1571	39 
1572	42 
1573	20 
1574	31 
1575	42 
1576	39 
1577	39 
1578	22 
1579	22 
1580	16 
1581	8 
1582	22 
1583	42 
1584	22 
1585	22 
1586	16 
1587	16 
1588	39 
1589	44 
1590	39 
1591	1 
1592	22 
1593	22 
1594	31 
1595	39 
1596	1 
1597	20 
1598	50 
1599	1 
1600	13 
1601	15 
1602	15 
1603	16 
1604	20 
1605	22 
1606	5 
1607	50 
1608	19 
1609	32 
1610	20 
1611	39 
1612	39 
1613	32 
1614	16 
1615	17 
1616	1 
1617	18 
1618	16 
1619	7 
1620	46 
1621	33 
1622	20 
1623	20 
1624	35 
1625	46 
1626	39 
1627	22 
1628	42 
1629	42 
1630	31 
1631	14 
1632	44 
1633	31 
1634	39 
1635	32 
1636	31 
1637	32 
1638	22 
1639	1 
1640	35 
1641	46 
1642	32 
1643	18 
1644	39 
1645	22 
1646	22 
1647	20 
1648	16 
1649	32 
1650	23 
1651	6 
1652	22 
1653	32 
1654	48 
1655	15 
1656	20 
1657	20 
1658	32 
1659	32 
1660	18 
1661	24 
1662	31 
1663	31 
1664	32 
1665	1 
1666	16 
1667	1 
1668	50 
1669	1 
1670	42 
1671	20 
1672	22 
1673	20 
1674	32 
1675	7 
1676	39 
1677	15 
1678	4 
1679	22 
1680	31 
1681	15 
1682	23 
1683	46 
1684	36 
1685	22 
1686	1 
1687	3 
1688	33 
1689	15 
1690	39 
1691	46 
1692	9 
1693	20 
1694	14 
1695	15 
1696	34 
1697	46 
1698	19 
1699	15 
1700	14 
1701	16 
1702	32 
1703	1 
1704	47 
1705	31 
1706	8 
1707	42 
1708	16 
1709	40 
1710	14 
1711	22 
1712	36 
1713	46 
1714	39 
1715	20 
1716	15 
1717	3 
1718	22 
1719	16 
1720	42 
1721	8 
1722	6 
1723	8 
1724	13 
1725	39 
1726	35 
1727	29 
1728	44 
1729	9 
1730	32 
1731	22 
1732	42 
1733	44 
1734	1 
1735	31 
1736	17 
1737	22 
1738	35 
1739	46 
1740	14 
1741	46 
1742	16 
1743	16 
1744	39 
1745	47 
1746	42 
1747	46 
1748	35 
1749	31 
1750	22 
1751	14 
1752	22 
1753	35 
1754	46 
1755	46 
1756	10 
1757	19 
1758	7 
1759	34 
1760	16 
1761	31 
1762	1 
1763	15 
1764	46 
1765	46 
1766	46 
1767	44 
1768	37 
1769	50 
1770	15 
1771	47 
1772	1 
1773	29 
1774	1 
1775	42 
1776	19 
1777	1 
1778	39 
1779	24 
1780	46 
1781	46 
1782	20 
1783	17 
1784	36 
1785	14 
1786	36 
1787	22 
1788	47 
1789	22 
1790	7 
1791	22 
1792	21 
1793	31 
1794	39 
1795	32 
1796	31 
1797	14 
1798	31 
1799	31 
1800	16 
1801	46 
1802	6 
1803	42 
1804	14 
1805	34 
1806	1 
1807	17 
1808	42 
1809	16 
1810	32 
1811	46 
1812	50 
1813	29 
1814	1 
1815	35 
1816	1 
1817	31 
1818	35 
1819	47 
1820	44 
1821	14 
1822	46 
1823	44 
1824	20 
1825	14 
1826	16 
1827	20 
1828	31 
1829	45 
1830	19 
1831	47 
1832	46 
1833	35 
1834	46 
1835	47 
1836	46 
1837	32 
1838	1 
1839	22 
1840	18 
1841	12 
1842	14 
1843	35 
1844	32 
1845	46 
1846	14 
1847	1 
1848	31 
1849	32 
1850	6 
1851	35 
1852	16 
1853	50 
1854	18 
1855	16 
1856	1 
1857	47 
1858	20 
1859	46 
1860	16 
1861	46 
1862	22 
1863	50 
1864	39 
1865	46 
1866	22 
1867	1 
1868	50 
1869	45 
1870	39 
1871	1 
1872	20 
1873	11 
1874	39 
1875	16 
1876	1 
1877	46 
1878	16 
1879	47 
1880	50 
1881	15 
1882	14 
1883	16 
1884	18 
1885	31 
1886	16 
1887	31 
1888	45 
1889	42 
1890	47 
1891	45 
1892	32 
1893	47 
1894	34 
1895	32 
1896	1 
1897	35 
1898	14 
1899	49 
1900	15 
1901	35 
1902	3 
1903	45 
1904	29 
1905	22 
1906	22 
1907	7 
1908	31 
1909	48 
1910	6 
1911	1 
1912	14 
1913	39 
1914	47 
1915	46 
1916	22 
1917	35 
1918	17 
1919	32 
1920	22 
1921	22 
1922	38 
1923	1 
1924	39 
1925	31 
1926	48 
1927	1 
1928	22 
1929	18 
1930	39 
1931	35 
1932	35 
1933	22 
1934	15 
1935	1 
1936	42 
1937	38 
1938	32 
1939	44 
1940	50 
1941	50 
1942	16 
1943	15 
1944	15 
1945	22 
1946	35 
1947	40 
1948	18 
1949	12 
1950	16 
1951	39 
1952	46 
1953	14 
1954	39 
1955	22 
1956	32 
1957	35 
1958	7 
1959	22 
1960	1 
1961	22 
1962	22 
1963	39 
1964	39 
1965	29 
1966	39 
1967	46 
1968	44 
1969	39 
1970	22 
1971	47 
1972	44 
1973	4 
1974	39 
1975	14 
1976	46 
1977	6 
1978	42 
1979	35 
1980	11 
1981	14 
1982	33 
1983	16 
1984	47 
1985	35 
1986	1 
1987	46 
1988	39 
1989	16 
1990	34 
1991	47 
1992	31 
1993	32 
1994	39 
1995	6 
1996	46 
1997	22 
1998	31 
1999	4 
2000	14 
2001	47 
2002	44 
2003	19 
2004	40 
2005	46 
2006	18 
2007	1 
2008	39 
2009	50 
2010	47 
2011	3 
2012	44 
2013	1 
2014	4 
2015	20 
2016	42 
2017	22 
2018	46 
2019	46 
2020	42 
2021	16 
2022	16 
2023	19 
2024	14 
2025	22 
2026	14 
2027	32 
2028	39 
2029	39 
2030	35 
2031	17 
2032	47 
2033	22 
2034	32 
2035	44 
2036	14 
2037	47 
2038	16 
2039	35 
2040	15 
2041	1 
2042	39 
2043	50 
2044	12 
2045	32 
2046	1 
2047	1 
2048	22 
2049	14 
2050	1 
2051	17 
2052	39 
2053	39 
2054	50 
2055	45 
2056	42 
2057	31 
2058	1 
2059	22 
2060	6 
2061	31 
2062	20 
2063	39 
2064	50 
2065	31 
2066	1 
2067	14 
2068	16 
2069	39 
2070	35 
2071	18 
2072	15 
2073	39 
2074	20 
2075	1 
2076	16 
2077	39 
2078	32 
2079	47 
2080	47 
2081	1 
2082	6 
2083	20 
2084	42 
2085	16 
2086	22 
2087	22 
2088	46 
2089	31 
2090	46 
2091	24 
2092	1 
2093	31 
2094	39 
2095	42 
2096	42 
2097	9 
2098	22 
2099	35 
2100	15 
2101	16 
2102	16 
2103	46 
2104	32 
2105	39 
2106	32 
2107	22 
2108	32 
2109	22 
2110	31 
2111	1 
2112	39 
2113	42 
2114	22 
2115	22 
2116	14 
2117	39 
2118	1 
2119	1 
2120	20 
2121	20 
2122	46 
2123	46 
2124	33 
2125	16 
2126	22 
2127	47 
2128	46 
2129	1 
2130	20 
2131	29 
2132	50 
2133	16 
2134	22 
2135	46 
2136	18 
2137	44 
2138	50 
2139	16 
2140	14 
2141	50 
2142	42 
2143	35 
2144	42 
2145	29 
2146	47 
2147	20 
2148	15 
2149	31 
2150	1 
2151	16 
2152	31 
2153	22 
2154	35 
2155	46 
2156	46 
2157	31 
2158	47 
2159	14 
2160	50 
2161	14 
2162	20 
2163	20 
2164	22 
2165	46 
2166	1 
2167	22 
2168	32 
2169	31 
2170	22 
2171	35 
2172	39 
2173	34 
2174	35 
2175	42 
2176	16 
2177	20 
2178	20 
2179	17 
2180	1 
2181	1 
2182	50 
2183	22 
2184	34 
2185	6 
2186	20 
2187	47 
2188	15 
2189	1 
2190	1 
2191	18 
2192	22 
2193	36 
2194	39 
2195	31 
2196	46 
2197	39 
2198	31 
2199	15 
2200	16 
2201	46 
2202	1 
2203	44 
2204	16 
2205	39 
2206	1 
2207	15 
2208	35 
2209	15 
2210	31 
2211	17 
2212	39 
2213	35 
2214	31 
2215	20 
2216	9 
2217	39 
2218	22 
2219	22 
2220	22 
2221	35 
2222	16 
2223	20 
2224	17 
2225	16 
2226	16 
2227	42 
2228	20 
2229	19 
2230	50 
2231	15 
2232	31 
2233	17 
2234	49 
2235	15 
2236	29 
2237	50 
2238	20 
2239	6 
2240	39 
2241	22 
2242	35 
2243	6 
2244	39 
2245	31 
2246	46 
2247	46 
2248	1 
2249	20 
2250	46 
2251	42 
2252	31 
2253	39 
2254	50 
2255	31 
2256	16 
2257	39 
2258	31 
2259	12 
2260	1 
2261	46 
2262	22 
2263	20 
2264	20 
2265	46 
2266	32 
2267	31 
2268	22 
2269	22 
2270	46 
2271	35 
2272	22 
2273	39 
2274	15 
2275	42 
2276	14 
2277	16 
2278	31 
2279	17 
2280	31 
2281	46 
2282	16 
2283	31 
2284	35 
2285	22 
2286	35 
2287	12 
2288	44 
2289	1 
2290	33 
2291	1 
2292	39 
2293	50 
2294	32 
2295	15 
2296	16 
2297	14 
2298	1 
2299	31 
2300	47 
2301	42 
2302	39 
2303	1 
2304	31 
2305	39 
2306	16 
2307	23 
2308	31 
2309	6 
2310	46 
2311	12 
2312	15 
2313	46 
2314	32 
2315	42 
2316	42 
2317	19 
2318	32 
2319	22 
2320	39 
2321	16 
2322	22 
2323	33 
2324	22 
2325	1 
2326	32 
2327	18 
2328	16 
2329	46 
2330	39 
2331	34 
2332	14 
2333	31 
2334	20 
2335	39 
2336	20 
2337	32 
2338	8 
2339	47 
2340	14 
2341	46 
2342	16 
2343	35 
2344	1 
2345	1 
2346	47 
2347	22 
2348	45 
2349	33 
2350	46 
2351	46 
2352	32 
2353	46 
2354	32 
2355	35 
2356	17 
2357	20 
2358	15 
2359	18 
2360	1 
2361	20 
2362	47 
2363	31 
2364	22 
2365	31 
2366	39 
2367	42 
2368	46 
2369	42 
2370	42 
2371	35 
2372	35 
2373	42 
2374	16 
2375	1 
2376	18 
2377	36 
2378	22 
2379	1 
2380	35 
2381	16 
2382	50 
2383	22 
2384	1 
2385	1 
2386	49 
2387	16 
2388	6 
2389	22 
2390	42 
2391	14 
2392	18 
2393	16 
2394	1 
2395	39 
2396	39 
2397	31 
2398	11 
2399	1 
2400	39 
2401	31 
2402	31 
2403	42 
2404	47 
2405	16 
2406	1 
2407	42 
2408	14 
2409	34 
2410	42 
2411	39 
2412	1 
2413	31 
2414	13 
2415	15 
2416	39 
2417	32 
2418	45 
2419	20 
2420	19 
2421	18 
2422	16 
2423	46 
2424	18 
2425	32 
2426	46 
2427	46 
2428	31 
2429	16 
2430	1 
2431	22 
2432	1 
2433	44 
2434	42 
2435	20 
2436	15 
2437	20 
2438	15 
2439	22 
2440	16 
2441	6 
2442	39 
2443	39 
2444	6 
2445	22 
2446	22 
2447	6 
2448	44 
2449	6 
2450	31 
2451	35 
2452	42 
2453	22 
2454	44 
2455	20 
2456	1 
2457	31 
2458	1 
2459	46 
2460	16 
2461	35 
2462	39 
2463	22 
2464	47 
2465	1 
2466	46 
2467	31 
2468	17 
2469	20 
2470	14 
2471	42 
2472	46 
2473	31 
2474	1 
2475	16 
2476	16 
2477	12 
2478	20 
2479	20 
2480	1 
2481	16 
2482	18 
2483	46 
2484	22 
2485	22 
2486	31 
2487	42 
2488	14 
2489	16 
2490	46 
2491	33 
2492	39 
2493	22 
2494	22 
2495	36 
2496	20 
2497	46 
2498	20 
2499	1 
2500	46 
2501	18 
2502	15 
2503	31 
2504	39 
2505	39 
2506	12 
2507	1 
2508	47 
2509	39 
2510	47 
2511	47 
2512	39 
2513	1 
2514	3 
2515	17 
2516	16 
2517	16 
2518	16 
2519	22 
2520	46 
2521	31 
2522	22 
2523	42 
2524	45 
2525	22 
2526	35 
2527	1 
2528	16 
2529	39 
2530	47 
2531	1 
2532	3 
2533	46 
2534	47 
2535	46 
2536	31 
2537	6 
2538	16 
2539	1 
2540	44 
2541	18 
2542	47 
2543	32 
2544	22 
2545	16 
2546	16 
2547	7 
2548	29 
2549	32 
2550	35 
2551	39 
2552	46 
2553	15 
2554	42 
2555	39 
2556	46 
2557	16 
2558	14 
2559	50 
2560	39 
2561	39 
2562	42 
2563	46 
2564	35 
2565	22 
2566	39 
2567	17 
2568	22 
2569	15 
2570	14 
2571	50 
2572	22 
2573	22 
2574	16 
2575	39 
2576	44 
2577	31 
2578	31 
2579	16 
2580	16 
2581	16 
2582	32 
2583	6 
2584	20 
2585	34 
2586	1 
2587	42 
2588	35 
2589	17 
2590	6 
2591	1 
2592	17 
2593	46 
2594	1 
2595	22 
2596	6 
2597	16 
2598	39 
2599	39 
2600	16 
2601	2 
2602	47 
2603	35 
2604	17 
2605	6 
2606	20 
2607	19 
2608	44 
2609	48 
2610	44 
2611	22 
2612	22 
2613	32 
2614	14 
2615	22 
2616	1 
2617	50 
2618	42 
2619	47 
2620	3 
2621	20 
2622	1 
2623	31 
2624	16 
2625	42 
2626	18 
2627	4 
2628	42 
2629	31 
2630	39 
2631	45 
2632	22 
2633	16 
2634	47 
2635	39 
2636	39 
2637	15 
2638	45 
2639	20 
2640	35 
2641	39 
2642	39 
2643	39 
2644	31 
2645	31 
2646	46 
2647	17 
2648	13 
2649	39 
2650	39 
2651	10 
2652	46 
2653	16 
2654	22 
2655	16 
2656	18 
2657	31 
2658	39 
2659	32 
2660	32 
2661	32 
2662	6 
2663	16 
2664	6 
2665	1 
2666	39 
2667	1 
2668	35 
2669	1 
2670	35 
2671	6 
2672	18 
2673	22 
2674	18 
2675	42 
2676	22 
2677	14 
2678	45 
2679	46 
2680	46 
2681	39 
2682	6 
2683	35 
2684	46 
2685	1 
2686	16 
2687	18 
2688	32 
2689	47 
2690	14 
2691	46 
2692	20 
2693	33 
2694	39 
2695	46 
2696	22 
2697	1 
2698	35 
2699	42 
2700	31 
2701	45 
2702	39 
2703	47 
2704	20 
2705	22 
2706	42 
2707	45 
2708	18 
2709	47 
2710	15 
2711	47 
2712	46 
2713	39 
2714	20 
2715	27 
2716	16 
2717	1 
2718	32 
2719	46 
2720	6 
2721	32 
2722	46 
2723	1 
2724	22 
2725	16 
2726	47 
2727	1 
2728	10 
2729	18 
2730	22 
2731	16 
2732	20 
2733	22 
2734	42 
2735	1 
2736	6 
2737	46 
2738	46 
2739	33 
2740	47 
2741	6 
2742	50 
2743	48 
2744	39 
2745	31 
2746	1 
2747	44 
2748	35 
2749	14 
2750	15 
2751	47 
2752	6 
2753	15 
2754	39 
2755	22 
2756	20 
2757	22 
2758	42 
2759	32 
2760	46 
2761	18 
2762	46 
2763	22 
2764	39 
2765	15 
2766	17 
2767	39 
2768	39 
2769	14 
2770	35 
2771	35 
2772	16 
2773	20 
2774	16 
2775	1 
2776	46 
2777	47 
2778	20 
2779	45 
2780	20 
2781	22 
2782	14 
2783	1 
2784	20 
2785	14 
2786	31 
2787	34 
2788	47 
2789	22 
2790	22 
2791	14 
2792	22 
2793	12 
2794	20 
2795	6 
2796	1 
2797	22 
2798	35 
2799	16 
2800	1 
2801	22 
2802	31 
2803	18 
2804	8 
2805	31 
2806	31 
2807	46 
2808	16 
2809	46 
2810	39 
2811	20 
2812	42 
2813	1 
2814	39 
2815	39 
2816	20 
2817	35 
2818	17 
2819	46 
2820	16 
2821	16 
2822	22 
2823	35 
2824	22 
2825	14 
2826	31 
2827	16 
2828	32 
2829	22 
2830	46 
2831	22 
2832	18 
2833	42 
2834	1 
2835	45 
2836	5 
2837	16 
2838	20 
2839	1 
2840	22 
2841	31 
2842	35 
2843	31 
2844	20 
2845	15 
2846	35 
2847	16 
2848	31 
2849	31 
2850	12 
2851	22 
2852	46 
2853	22 
2854	31 
2855	16 
2856	39 
2857	18 
2858	22 
2859	19 
2860	35 
2861	42 
2862	47 
2863	39 
2864	39 
2865	12 
2866	22 
2867	31 
2868	16 
2869	22 
2870	15 
2871	3 
2872	39 
2873	16 
2874	39 
2875	35 
2876	1 
2877	22 
2878	14 
2879	39 
2880	31 
2881	42 
2882	6 
2883	39 
2884	17 
2885	39 
2886	20 
2887	19 
2888	46 
2889	18 
2890	5 
2891	39 
2892	22 
2893	31 
2894	1 
2895	31 
2896	1 
2897	42 
2898	16 
2899	22 
2900	44 
2901	16 
2902	17 
2903	15 
2904	46 
2905	14 
2906	6 
2907	22 
2908	22 
2909	1 
2910	10 
2911	47 
2912	16 
2913	16 
2914	47 
2915	17 
2916	46 
2917	42 
2918	36 
2919	22 
2920	31 
2921	47 
2922	31 
2923	6 
2924	6 
2925	1 
2926	20 
2927	8 
2928	1 
2929	35 
2930	1 
2931	18 
2932	48 
2933	35 
2934	32 
2935	6 
2936	50 
2937	31 
2938	22 
2939	17 
2940	31 
2941	17 
2942	16 
2943	17 
2944	39 
2945	44 
2946	46 
2947	16 
2948	31 
2949	20 
2950	32 
2951	14 
2952	29 
2953	6 
2954	1 
2955	16 
2956	1 
2957	50 
2958	32 
2959	39 
2960	22 
2961	3 
2962	47 
2963	46 
2964	15 
2965	18 
2966	46 
2967	31 
2968	47 
2969	42 
2970	18 
2971	18 
2972	18 
2973	44 
2974	32 
2975	39 
2976	22 
2977	42 
2978	14 
2979	20 
2980	31 
2981	39 
2982	46 
2983	16 
2984	39 
2985	22 
2986	47 
2987	1 
2988	16 
2989	20 
2990	1 
2991	46 
2992	47 
2993	39 
2994	50 
2995	35 
2996	47 
2997	22 
2998	20 
2999	14 
3000	16 
3001	46 
3002	31 
3003	20 
3004	47 
3005	16 
3006	42 
3007	15 
3008	16 
3009	31 
3010	46 
3011	16 
3012	39 
3013	20 
3014	6 
3015	46 
3016	7 
3017	22 
3018	1 
3019	14 
3020	31 
3021	45 
3022	46 
3023	1 
3024	47 
3025	39 
3026	46 
3027	18 
3028	16 
3029	36 
3030	22 
3031	32 
3032	2 
3033	1 
3034	31 
3035	47 
3036	46 
3037	35 
3038	32 
3039	46 
3040	46 
3041	35 
3042	31 
3043	12 
3044	35 
3045	19 
3046	1 
3047	16 
3048	16 
3049	47 
3050	35 
3051	22 
3052	1 
3053	39 
3054	39 
3055	16 
3056	42 
3057	22 
3058	31 
3059	34 
3060	35 
3061	46 
3062	47 
3063	46 
3064	50 
3065	46 
3066	16 
3067	7 
3068	22 
3069	14 
3070	42 
3071	3 
3072	31 
3073	22 
3074	22 
3075	42 
3076	39 
3077	46 
3078	39 
3079	14 
3080	46 
3081	20 
3082	22 
3083	31 
3084	14 
3085	42 
3086	1 
3087	1 
3088	14 
3089	16 
3090	32 
3091	22 
3092	47 
3093	35 
3094	1 
3095	16 
3096	12 
3097	39 
3098	46 
3099	17 
3100	1 
3101	39 
3102	39 
3103	31 
3104	33 
3105	1 
3106	45 
3107	20 
3108	16 
3109	19 
3110	20 
3111	46 
3112	42 
3113	16 
3114	46 
3115	12 
3116	31 
3117	31 
3118	31 
3119	36 
3120	31 
3121	7 
3122	34 
3123	16 
3124	29 
3125	42 
3126	20 
3127	1 
3128	16 
3129	47 
3130	17 
3131	35 
3132	31 
3133	20 
3134	1 
3135	20 
3136	42 
3137	15 
3138	46 
3139	42 
3140	22 
3141	47 
3142	1 
3143	46 
3144	12 
3145	14 
3146	1 
3147	44 
3148	35 
3149	46 
3150	17 
3151	39 
3152	46 
3153	20 
3154	44 
3155	5 
3156	29 
3157	46 
3158	22 
3159	14 
3160	22 
3161	18 
3162	17 
3163	31 
3164	20 
3165	6 
3166	18 
3167	16 
3168	22 
3169	32 
3170	20 
3171	1 
3172	18 
3173	35 
3174	45 
3175	20 
3176	31 
3177	16 
3178	14 
3179	42 
3180	18 
3181	46 
3182	22 
3183	40 
3184	20 
3185	46 
3186	15 
3187	46 
3188	39 
3189	47 
3190	16 
3191	39 
3192	18 
3193	50 
3194	31 
3195	22 
3196	31 
3197	32 
3198	46 
3199	16 
3200	14 
3201	6 
3202	6 
3203	31 
3204	20 
3205	46 
3206	14 
3207	14 
3208	17 
3209	35 
3210	1 
3211	1 
3212	12 
3213	31 
3214	15 
3215	16 
3216	46 
3217	36 
3218	46 
3219	31 
3220	46 
3221	45 
3222	31 
3223	31 
3224	6 
3225	42 
3226	47 
3227	35 
3228	39 
3229	29 
3230	6 
3231	14 
3232	22 
3233	47 
3234	19 
3235	31 
3236	15 
3237	6 
3238	20 
3239	1 
3240	18 
3241	35 
3242	20 
3243	14 
3244	44 
3245	14 
3246	46 
3247	46 
3248	14 
3249	31 
3250	39 
3251	35 
3252	32 
3253	48 
3254	17 
3255	22 
3256	31 
3257	22 
3258	20 
3259	39 
3260	35 
3261	1 
3262	1 
3263	45 
3264	1 
3265	34 
3266	14 
3267	22 
3268	32 
3269	14 
3270	10 
3271	20 
3272	47 
3273	32 
3274	3 
3275	31 
3276	16 
3277	22 
3278	46 
3279	32 
3280	46 
3281	12 
3282	33 
3283	31 
3284	35 
3285	39 
3286	39 
3287	35 
3288	10 
3289	39 
3290	31 
3291	1 
3292	8 
3293	35 
3294	16 
3295	31 
3296	32 
3297	29 
3298	20 
3299	22 
3300	46 
3301	42 
3302	31 
3303	39 
3304	47 
3305	46 
3306	47 
3307	14 
3308	32 
3309	16 
3310	12 
3311	35 
3312	16 
3313	22 
3314	12 
3315	39 
3316	1 
3317	46 
3318	39 
3319	31 
3320	39 
3321	7 
3322	32 
3323	10 
3324	1 
3325	16 
3326	44 
3327	8 
3328	36 
3329	39 
3330	46 
3331	44 
3332	14 
3333	31 
3334	17 
3335	14 
3336	47 
3337	46 
3338	20 
3339	1 
3340	1 
3341	31 
3342	15 
3343	16 
3344	16 
3345	15 
3346	42 
3347	15 
3348	50 
3349	16 
3350	32 
3351	22 
3352	35 
3353	31 
3354	6 
3355	39 
3356	14 
3357	1 
3358	16 
3359	17 
3360	14 
3361	33 
3362	39 
3363	17 
3364	39 
3365	35 
3366	20 
3367	17 
3368	1 
3369	22 
3370	22 
3371	46 
3372	46 
3373	35 
3374	39 
3375	34 
3376	39 
3377	38 
3378	31 
3379	6 
3380	4 
3381	32 
3382	46 
3383	1 
3384	14 
3385	33 
3386	16 
3387	29 
3388	31 
3389	20 
3390	47 
3391	39 
3392	45 
3393	22 
3394	39 
3395	6 
3396	46 
3397	17 
3398	22 
3399	35 
3400	22 
3401	22 
3402	16 
3403	24 
3404	16 
3405	22 
3406	47 
3407	35 
3408	6 
3409	36 
3410	1 
3411	39 
3412	20 
3413	1 
3414	31 
3415	22 
3416	50 
3417	19 
3418	50 
3419	36 
3420	16 
3421	46 
3422	4 
3423	17 
3424	46 
3425	16 
3426	39 
3427	16 
3428	14 
3429	32 
3430	16 
3431	22 
3432	47 
3433	1 
3434	42 
3435	16 
3436	42 
3437	22 
3438	44 
3439	4 
3440	44 
3441	46 
3442	46 
3443	44 
3444	46 
3445	35 
3446	1 
3447	14 
3448	22 
3449	42 
3450	31 
3451	46 
3452	16 
3453	15 
3454	47 
3455	32 
3456	14 
3457	39 
3458	22 
3459	22 
3460	14 
3461	42 
3462	39 
3463	38 
3464	20 
3465	46 
3466	46 
3467	39 
3468	34 
3469	45 
3470	42 
3471	39 
3472	16 
3473	35 
3474	12 
3475	16 
3476	20 
3477	18 
3478	22 
3479	16 
3480	16 
3481	46 
3482	47 
3483	22 
3484	46 
3485	22 
3486	32 
3487	1 
3488	35 
3489	1 
3490	16 
3491	15 
3492	46 
3493	32 
3494	1 
3495	47 
3496	22 
3497	22 
3498	47 
3499	31 
3500	16 
3501	39 
3502	16 
3503	15 
3504	42 
3505	3 
3506	29 
3507	14 
3508	32 
3509	12 
3510	14 
3511	16 
3512	22 
3513	1 
3514	20 
3515	18 
3516	46 
3517	22 
3518	3 
3519	49 
3520	42 
3521	1 
3522	1 
3523	35 
3524	12 
3525	16 
3526	14 
3527	1 
3528	31 
3529	1 
3530	22 
3531	35 
3532	32 
3533	47 
3534	16 
3535	46 
3536	22 
3537	18 
3538	1 
3539	22 
3540	19 
3541	31 
3542	48 
3543	16 
3544	35 
3545	20 
3546	32 
3547	32 
3548	3 
3549	36 
3550	4 
3551	20 
3552	9 
3553	2 
3554	34 
3555	16 
3556	42 
3557	47 
3558	31 
3559	32 
3560	6 
3561	47 
3562	16 
3563	14 
3564	35 
3565	17 
3566	22 
3567	50 
3568	42 
3569	36 
3570	1 
3571	47 
3572	1 
3573	46 
3574	32 
3575	1 
3576	32 
3577	1 
3578	29 
3579	46 
3580	15 
3581	20 
3582	1 
3583	31 
3584	16 
3585	39 
3586	46 
3587	1 
3588	39 
3589	46 
3590	6 
3591	39 
3592	9 
3593	31 
3594	42 
3595	32 
3596	5 
3597	22 
3598	46 
3599	6 
3600	9 
3601	39 
3602	46 
3603	50 
3604	29 
3605	39 
3606	1 
3607	39 
3608	16 
3609	22 
3610	35 
3611	39 
3612	1 
3613	46 
3614	22 
3615	17 
3616	14 
3617	16 
3618	22 
3619	44 
3620	31 
3621	6 
3622	46 
3623	46 
3624	22 
3625	6 
3626	8 
3627	35 
3628	22 
3629	1 
3630	31 
3631	39 
3632	46 
3633	49 
3634	33 
3635	35 
3636	17 
3637	22 
3638	38 
3639	17 
3640	1 
3641	16 
3642	15 
3643	39 
3644	45 
3645	20 
3646	14 
3647	7 
3648	39 
3649	14 
3650	35 
3651	44 
3652	46 
3653	31 
3654	15 
3655	16 
3656	20 
3657	46 
3658	46 
3659	1 
3660	16 
3661	1 
3662	46 
3663	46 
3664	32 
3665	46 
3666	14 
3667	22 
3668	6 
3669	22 
3670	20 
3671	46 
3672	39 
3673	31 
3674	47 
3675	39 
3676	39 
3677	46 
3678	42 
3679	1 
3680	38 
3681	35 
3682	22 
3683	42 
3684	3 
3685	46 
3686	31 
3687	22 
3688	47 
3689	8 
3690	46 
3691	16 
3692	46 
3693	16 
3694	20 
3695	35 
3696	20 
3697	18 
3698	47 
3699	6 
3700	31 
3701	16 
3702	44 
3703	39 
3704	31 
3705	18 
3706	35 
3707	5 
3708	14 
3709	1 
3710	16 
3711	31 
3712	1 
3713	50 
3714	20 
3715	50 
3716	1 
3717	39 
3718	50 
3719	47 
3720	22 
3721	47 
3722	46 
3723	39 
3724	31 
3725	47 
3726	14 
3727	44 
3728	35 
3729	46 
3730	32 
3731	22 
3732	47 
3733	42 
3734	47 
3735	50 
3736	39 
3737	16 
3738	22 
3739	46 
3740	35 
3741	45 
3742	40 
3743	47 
3744	39 
3745	18 
3746	39 
3747	15 
3748	47 
3749	14 
3750	50 
3751	16 
3752	42 
3753	38 
3754	44 
3755	47 
3756	35 
3757	15 
3758	16 
3759	1 
3760	14 
3761	1 
3762	20 
3763	39 
3764	20 
3765	17 
3766	1 
3767	17 
3768	33 
3769	22 
3770	16 
3771	31 
3772	50 
3773	46 
3774	35 
3775	39 
3776	1 
3777	47 
3778	9 
3779	15 
3780	42 
3781	3 
3782	16 
3783	20 
3784	1 
3785	17 
3786	46 
3787	46 
3788	39 
3789	22 
3790	44 
3791	39 
3792	1 
3793	8 
3794	22 
3795	44 
3796	1 
3797	44 
3798	45 
3799	20 
3800	18 
3801	48 
3802	6 
3803	32 
3804	46 
3805	35 
3806	39 
3807	1 
3808	47 
3809	35 
3810	50 
3811	31 
3812	46 
3813	46 
3814	50 
3815	29 
3816	22 
3817	46 
3818	20 
3819	16 
3820	44 
3821	32 
3822	14 
3823	46 
3824	45 
3825	46 
3826	33 
3827	34 
3828	36 
3829	16 
3830	45 
3831	50 
3832	22 
3833	47 
3834	39 
3835	46 
3836	6 
3837	39 
3838	50 
3839	16 
3840	42 
3841	16 
3842	1 
3843	16 
3844	32 
3845	20 
3846	16 
3847	14 
3848	22 
3849	6 
3850	49 
3851	14 
3852	47 
3853	14 
3854	16 
3855	20 
3856	1 
3857	6 
3858	12 
3859	47 
3860	20 
3861	22 
3862	1 
3863	46 
3864	18 
3865	42 
3866	49 
3867	18 
3868	32 
3869	20 
3870	20 
3871	42 
3872	31 
3873	46 
3874	32 
3875	46 
3876	1 
3877	22 
3878	1 
3879	35 
3880	42 
3881	16 
3882	22 
3883	36 
3884	46 
3885	32 
3886	46 
3887	12 
3888	32 
3889	39 
3890	1 
3891	31 
3892	20 
3893	31 
3894	1 
3895	39 
3896	20 
3897	35 
3898	7 
3899	32 
3900	33 
3901	16 
3902	42 
3903	1 
3904	32 
3905	6 
3906	1 
3907	39 
3908	46 
3909	47 
3910	46 
3911	22 
3912	5 
3913	47 
3914	15 
3915	31 
3916	39 
3917	9 
3918	39 
3919	35 
3920	34 
3921	15 
3922	42 
3923	18 
3924	32 
3925	14 
3926	6 
3927	39 
3928	1 
3929	16 
3930	46 
3931	46 
3932	49 
3933	1 
3934	46 
3935	14 
3936	47 
3937	46 
3938	18 
3939	35 
3940	18 
3941	22 
3942	46 
3943	18 
3944	16 
3945	39 
3946	39 
3947	32 
3948	20 
3949	35 
3950	35 
3951	1 
3952	35 
3953	1 
3954	45 
3955	47 
3956	14 
3957	42 
3958	50 
3959	22 
3960	47 
3961	44 
3962	46 
3963	1 
3964	32 
3965	1 
3966	35 
3967	16 
3968	46 
3969	20 
3970	22 
3971	32 
3972	50 
3973	15 
3974	31 
3975	22 
3976	46 
3977	32 
3978	1 
3979	35 
3980	18 
3981	15 
3982	46 
3983	31 
3984	39 
3985	16 
3986	5 
3987	44 
3988	50 
3989	39 
3990	31 
3991	46 
3992	1 
3993	39 
3994	31 
3995	47 
3996	46 
3997	1 
3998	6 
3999	16 
4000	16 
4001	39 
4002	16 
4003	17 
4004	6 
4005	20 
4006	22 
4007	4 
4008	47 
4009	6 
4010	16 
4011	46 
4012	46 
4013	22 
4014	14 
4015	1 
4016	31 
4017	50 
4018	47 
4019	31 
4020	46 
4021	22 
4022	32 
4023	3 
4024	31 
4025	16 
4026	15 
4027	50 
4028	46 
4029	8 
4030	39 
4031	46 
4032	35 
4033	6 
4034	47 
4035	16 
4036	35 
4037	39 
4038	46 
4039	47 
4040	39 
4041	39 
4042	22 
4043	16 
4044	47 
4045	47 
4046	12 
4047	39 
4048	44 
4049	16 
4050	39 
4051	39 
4052	36 
4053	16 
4054	31 
4055	17 
4056	18 
4057	39 
4058	46 
4059	46 
4060	50 
4061	6 
4062	20 
4063	6 
4064	44 
4065	18 
4066	16 
4067	47 
4068	44 
4069	22 
4070	31 
4071	50 
4072	42 
4073	20 
4074	47 
4075	46 
4076	3 
4077	8 
4078	22 
4079	16 
4080	1 
4081	1 
4082	20 
4083	17 
4084	31 
4085	39 
4086	20 
4087	1 
4088	39 
4089	16 
4090	1 
4091	42 
4092	1 
4093	16 
4094	31 
4095	47 
4096	18 
4097	35 
4098	16 
4099	39 
4100	14 
4101	1 
4102	12 
4103	39 
4104	6 
4105	47 
4106	14 
4107	17 
4108	44 
4109	16 
4110	33 
4111	6 
4112	46 
4113	46 
4114	47 
4115	8 
4116	16 
4117	1 
4118	8 
4119	39 
4120	16 
4121	44 
4122	39 
4123	46 
4124	16 
4125	16 
4126	9 
4127	39 
4128	16 
4129	18 
4130	31 
4131	1 
4132	39 
4133	29 
4134	18 
4135	16 
4136	47 
4137	31 
4138	39 
4139	22 
4140	32 
4141	18 
4142	22 
4143	46 
4144	39 
4145	39 
4146	39 
4147	31 
4148	31 
4149	7 
4150	31 
4151	9 
4152	31 
4153	32 
4154	22 
4155	15 
4156	34 
4157	1 
4158	32 
4159	4 
4160	35 
4161	14 
4162	39 
4163	46 
4164	6 
4165	22 
4166	50 
4167	42 
4168	22 
4169	46 
4170	35 
4171	1 
4172	44 
4173	15 
4174	14 
4175	16 
4176	39 
4177	22 
4178	22 
4179	31 
4180	16 
4181	16 
4182	16 
4183	16 
4184	22 
4185	45 
4186	1 
4187	39 
4188	16 
4189	46 
4190	32 
4191	3 
4192	1 
4193	18 
4194	35 
4195	39 
4196	35 
4197	35 
4198	1 
4199	31 
4200	22 
4201	1 
4202	22 
4203	22 
4204	39 
4205	39 
4206	32 
4207	47 
4208	46 
4209	22 
4210	32 
4211	20 
4212	32 
4213	16 
4214	39 
4215	14 
4216	31 
4217	22 
4218	16 
4219	39 
4220	22 
4221	32 
4222	8 
4223	31 
4224	45 
4225	39 
4226	47 
4227	31 
4228	16 
4229	16 
4230	46 
4231	6 
4232	35 
4233	31 
4234	44 
4235	47 
4236	10 
4237	22 
4238	22 
4239	22 
4240	1 
4241	45 
4242	39 
4243	50 
4244	39 
4245	17 
4246	20 
4247	39 
4248	46 
4249	22 
4250	6 
4251	16 
4252	46 
4253	20 
4254	39 
4255	42 
4256	16 
4257	7 
4258	22 
4259	22 
4260	1 
4261	46 
4262	35 
4263	7 
4264	22 
4265	39 
4266	42 
4267	18 
4268	15 
4269	39 
4270	14 
4271	44 
4272	16 
4273	31 
4274	1 
4275	39 
4276	44 
4277	50 
4278	1 
4279	46 
4280	39 
4281	1 
4282	31 
4283	46 
4284	14 
4285	31 
4286	18 
4287	20 
4288	22 
4289	32 
4290	46 
4291	31 
4292	17 
4293	22 
4294	22 
4295	46 
4296	16 
4297	35 
4298	32 
4299	16 
4300	31 
4301	14 
4302	22 
4303	42 
4304	22 
4305	15 
4306	15 
4307	39 
4308	32 
4309	17 
4310	46 
4311	16 
4312	16 
4313	31 
4314	35 
4315	20 
4316	35 
4317	39 
4318	33 
4319	22 
4320	14 
4321	31 
4322	34 
4323	47 
4324	39 
4325	35 
4326	42 
4327	9 
4328	15 
4329	46 
4330	36 
4331	20 
4332	22 
4333	12 
4334	31 
4335	47 
4336	3 
4337	18 
4338	29 
4339	39 
4340	47 
4341	17 
4342	6 
4343	32 
4344	39 
4345	22 
4346	1 
4347	39 
4348	20 
4349	31 
4350	20 
4351	1 
4352	12 
4353	16 
4354	39 
4355	39 
4356	16 
4357	16 
4358	16 
4359	1 
4360	46 
4361	39 
4362	32 
4363	35 
4364	45 
4365	20 
4366	44 
4367	42 
4368	20 
4369	22 
4370	16 
4371	20 
4372	35 
4373	22 
4374	39 
4375	47 
4376	22 
4377	16 
4378	22 
4379	32 
4380	22 
4381	32 
4382	46 
4383	31 
4384	6 
4385	16 
4386	46 
4387	46 
4388	1 
4389	35 
4390	22 
4391	35 
4392	22 
4393	47 
4394	31 
4395	31 
4396	31 
4397	18 
4398	15 
4399	32 
4400	1 
4401	6 
4402	47 
4403	32 
4404	42 
4405	16 
4406	17 
4407	17 
4408	47 
4409	16 
4410	14 
4411	17 
4412	15 
4413	50 
4414	39 
4415	31 
4416	18 
4417	15 
4418	18 
4419	22 
4420	3 
4421	32 
4422	35 
4423	20 
4424	46 
4425	42 
4426	6 
4427	46 
4428	1 
4429	19 
4430	39 
4431	1 
4432	1 
4433	14 
4434	14 
4435	46 
4436	39 
4437	44 
4438	31 
4439	31 
4440	32 
4441	31 
4442	15 
4443	35 
4444	31 
4445	18 
4446	44 
4447	39 
4448	18 
4449	6 
4450	50 
4451	1 
4452	1 
4453	1 
4454	17 
4455	46 
4456	32 
4457	20 
4458	1 
4459	20 
4460	16 
4461	46 
4462	16 
4463	46 
4464	14 
4465	22 
4466	47 
4467	39 
4468	14 
4469	35 
4470	1 
4471	18 
4472	16 
4473	39 
4474	32 
4475	1 
4476	16 
4477	42 
4478	32 
4479	14 
4480	39 
4481	16 
4482	46 
4483	29 
4484	50 
4485	46 
4486	47 
4487	14 
4488	14 
4489	18 
4490	16 
4491	14 
4492	29 
4493	46 
4494	35 
4495	12 
4496	46 
4497	22 
4498	50 
4499	47 
4500	16 
4501	16 
4502	46 
4503	50 
4504	31 
4505	44 
4506	16 
4507	35 
4508	16 
4509	12 
4510	14 
4511	6 
4512	42 
4513	16 
4514	31 
4515	19 
4516	15 
4517	1 
4518	34 
4519	47 
4520	22 
4521	22 
4522	15 
4523	39 
4524	17 
4525	47 
4526	39 
4527	39 
4528	39 
4529	1 
4530	18 
4531	1 
4532	22 
4533	1 
4534	39 
4535	16 
4536	46 
4537	42 
4538	46 
4539	31 
4540	46 
4541	22 
4542	46 
4543	47 
4544	16 
4545	14 
4546	39 
4547	35 
4548	19 
4549	15 
4550	18 
4551	3 
4552	39 
4553	22 
4554	32 
4555	22 
4556	14 
4557	42 
4558	46 
4559	39 
4560	31 
4561	16 
4562	31 
4563	35 
4564	47 
4565	46 
4566	18 
4567	32 
4568	16 
4569	6 
4570	42 
4571	1 
4572	46 
4573	46 
4574	31 
4575	1 
4576	46 
4577	16 
4578	1 
4579	1 
4580	1 
4581	20 
4582	12 
4583	45 
4584	46 
4585	3 
4586	20 
4587	45 
4588	47 
4589	20 
4590	22 
4591	47 
4592	17 
4593	15 
4594	46 
4595	22 
4596	1 
4597	22 
4598	29 
4599	46 
4600	42 
4601	36 
4602	14 
4603	45 
4604	47 
4605	1 
4606	6 
4607	39 
4608	22 
4609	31 
4610	31 
4611	14 
4612	35 
4613	8 
4614	22 
4615	20 
4616	17 
4617	32 
4618	1 
4619	50 
4620	22 
4621	22 
4622	18 
4623	22 
4624	16 
4625	22 
4626	46 
4627	47 
4628	31 
4629	14 
4630	50 
4631	12 
4632	7 
4633	39 
4634	14 
4635	15 
4636	1 
4637	7 
4638	31 
4639	16 
4640	15 
4641	46 
4642	42 
4643	45 
4644	50 
4645	17 
4646	14 
4647	33 
4648	1 
4649	18 
4650	20 
4651	31 
4652	31 
4653	31 
4654	20 
4655	47 
4656	20 
4657	32 
4658	47 
4659	14 
4660	18 
4661	46 
4662	16 
4663	1 
4664	47 
4665	47 
4666	39 
4667	31 
4668	46 
4669	31 
4670	22 
4671	46 
4672	17 
4673	35 
4674	16 
4675	17 
4676	39 
4677	46 
4678	22 
4679	47 
4680	1 
4681	22 
4682	22 
4683	50 
4684	39 
4685	6 
4686	1 
4687	42 
4688	16 
4689	39 
4690	31 
4691	14 
4692	31 
4693	1 
4694	47 
4695	15 
4696	15 
4697	31 
4698	15 
4699	39 
4700	46 
4701	22 
4702	46 
4703	1 
4704	47 
4705	20 
4706	42 
4707	46 
4708	20 
4709	46 
4710	47 
4711	16 
4712	1 
4713	6 
4714	15 
4715	44 
4716	46 
4717	50 
4718	44 
4719	22 
4720	31 
4721	22 
4722	47 
4723	46 
4724	47 
4725	42 
4726	16 
4727	22 
4728	15 
4729	42 
4730	39 
4731	39 
4732	35 
4733	39 
4734	6 
4735	14 
4736	16 
4737	31 
4738	50 
4739	22 
4740	22 
4741	32 
4742	22 
4743	22 
4744	20 
4745	46 
4746	22 
4747	35 
4748	16 
4749	15 
4750	31 
4751	42 
4752	50 
4753	14 
4754	46 
4755	31 
4756	22 
4757	42 
4758	18 
4759	46 
4760	46 
4761	42 
4762	22 
4763	1 
4764	39 
4765	47 
4766	47 
4767	16 
4768	42 
4769	46 
4770	39 
4771	32 
4772	20 
4773	31 
4774	39 
4775	50 
4776	46 
4777	1 
4778	35 
4779	6 
4780	39 
4781	18 
4782	14 
4783	46 
4784	46 
4785	12 
4786	35 
4787	39 
4788	18 
4789	16 
4790	39 
4791	46 
4792	35 
4793	16 
4794	47 
4795	20 
4796	16 
4797	35 
4798	39 
4799	31 
4800	31 
4801	31 
4802	6 
4803	39 
4804	22 
4805	42 
4806	16 
4807	22 
4808	35 
4809	46 
4810	22 
4811	31 
4812	39 
4813	16 
4814	15 
4815	17 
4816	22 
4817	1 
4818	46 
4819	20 
4820	35 
4821	39 
4822	16 
4823	32 
4824	18 
4825	22 
4826	16 
4827	1 
4828	32 
4829	1 
4830	16 
4831	31 
4832	46 
4833	18 
4834	14 
4835	50 
4836	31 
4837	42 
4838	22 
4839	16 
4840	16 
4841	22 
4842	14 
4843	45 
4844	1 
4845	46 
4846	16 
4847	17 
4848	46 
4849	35 
4850	1 
4851	35 
4852	31 
4853	31 
4854	1 
4855	35 
4856	16 
4857	6 
4858	16 
4859	22 
4860	16 
4861	39 
4862	1 
4863	20 
4864	47 
4865	31 
4866	46 
4867	1 
4868	39 
4869	22 
4870	42 
4871	15 
4872	35 
4873	14 
4874	16 
4875	47 
4876	1 
4877	1 
4878	39 
4879	1 
4880	1 
4881	14 
4882	42 
4883	22 
4884	47 
4885	39 
4886	31 
4887	1 
4888	47 
4889	16 
4890	22 
4891	44 
4892	16 
4893	46 
4894	46 
4895	22 
4896	46 
4897	31 
4898	46 
4899	39 
4900	39 
4901	16 
4902	1 
4903	14 
4904	46 
4905	35 
4906	20 
4907	22 
4908	16 
4909	47 
4910	17 
4911	35 
4912	42 
4913	31 
4914	39 
4915	16 
4916	32 
4917	39 
4918	39 
4919	1 
4920	22 
4921	16 
4922	16 
4923	39 
4924	22 
4925	22 
4926	39 
4927	42 
4928	46 
4929	18 
4930	32 
4931	14 
4932	14 
4933	1 
4934	35 
4935	1 
4936	14 
4937	39 
4938	50 
4939	31 
4940	22 
4941	18 
4942	6 
4943	22 
4944	18 
4945	46 
4946	32 
4947	39 
4948	22 
4949	22 
4950	42 
4951	1 
4952	14 
4953	20 
4954	46 
4955	14 
4956	1 
4957	22 
4958	35 
4959	46 
4960	32 
4961	1 
4962	22 
4963	35 
4964	39 
4965	16 
4966	16 
4967	22 
4968	35 
4969	35 
4970	46 
4971	22 
4972	16 
4973	16 
4974	14 
4975	1 
4976	35 
4977	22 
4978	39 
4979	1 
4980	1 
4981	22 
4982	22 
4983	35 
4984	39 
4985	46 
4986	46 
4987	46 
4988	46 
4989	1 
4990	1 
4991	1 
4992	22 
4993	16 
4994	22 
4995	46 
4996	31 
4997	31 
4998	39 
4999	39 
5000	16 
