1	19 
2	27 
3	92 
4	54 
5	54 
6	60 
7	58 
8	97 
9	7 
10	12 
11	16 
12	47 
13	70 
14	21 
15	35 
16	20 
17	85 
18	73 
19	37 
20	50 
21	98 
22	35 
23	39 
24	16 
25	91 
26	46 
27	50 
28	60 
29	4 
30	11 
31	43 
32	91 
33	91 
34	30 
35	91 
36	44 
37	75 
38	47 
39	86 
40	48 
41	53 
42	5 
43	44 
44	91 
45	92 
46	65 
47	41 
48	73 
49	37 
50	7 
51	43 
52	76 
53	10 
54	76 
55	12 
56	4 
57	19 
58	12 
59	39 
60	44 
61	43 
62	21 
63	12 
64	2 
65	90 
66	90 
67	23 
68	89 
69	75 
70	85 
71	60 
72	2 
73	26 
74	88 
75	60 
76	46 
77	22 
78	6 
79	29 
80	83 
81	41 
82	15 
83	62 
84	10 
85	14 
86	28 
87	98 
88	65 
89	11 
90	97 
91	48 
92	49 
93	95 
94	8 
95	29 
96	56 
97	96 
98	43 
99	39 
100	65 
101	90 
102	60 
103	82 
104	5 
105	41 
106	4 
107	23 
108	43 
109	17 
110	3 
111	27 
112	85 
113	54 
114	74 
115	48 
116	73 
117	77 
118	2 
119	90 
120	2 
121	93 
122	74 
123	48 
124	46 
125	24 
126	90 
127	25 
128	29 
129	30 
130	62 
131	46 
132	44 
133	28 
134	70 
135	41 
136	89 
137	14 
138	14 
139	66 
140	56 
141	91 
142	89 
143	96 
144	19 
145	59 
146	76 
147	29 
148	73 
149	93 
150	4 
151	6 
152	91 
153	46 
154	17 
155	77 
156	7 
157	47 
158	55 
159	63 
160	50 
161	30 
162	15 
163	57 
164	24 
165	28 
166	99 
167	11 
168	76 
169	39 
170	18 
171	44 
172	67 
173	95 
174	73 
175	65 
176	59 
177	2 
178	53 
179	43 
180	58 
181	60 
182	4 
183	4 
184	57 
185	36 
186	37 
187	5 
188	52 
189	59 
190	60 
191	86 
192	70 
193	91 
194	22 
195	73 
196	76 
197	41 
198	95 
199	92 
200	33 
201	66 
202	15 
203	65 
204	72 
205	2 
206	8 
207	48 
208	18 
209	66 
210	22 
211	2 
212	64 
213	36 
214	26 
215	1 
216	59 
217	39 
218	31 
219	77 
220	27 
221	65 
222	35 
223	63 
224	44 
225	54 
226	2 
227	74 
228	74 
229	79 
230	31 
231	1 
232	35 
233	55 
234	98 
235	59 
236	41 
237	87 
238	88 
239	39 
240	14 
241	73 
242	74 
243	51 
244	74 
245	2 
246	20 
247	39 
248	85 
249	43 
250	50 
251	10 
252	54 
253	72 
254	41 
255	58 
256	13 
257	43 
258	5 
259	64 
260	46 
261	25 
262	85 
263	87 
264	87 
265	98 
266	16 
267	17 
268	56 
269	20 
270	34 
271	9 
272	78 
273	87 
274	73 
275	66 
276	60 
277	10 
278	7 
279	70 
280	89 
281	73 
282	97 
283	67 
284	95 
285	45 
286	7 
287	80 
288	39 
289	43 
290	17 
291	63 
292	6 
293	52 
294	53 
295	20 
296	91 
297	78 
298	80 
299	94 
300	22 
301	21 
302	53 
303	94 
304	22 
305	48 
306	43 
307	10 
308	45 
309	20 
310	43 
311	39 
312	10 
313	77 
314	55 
315	76 
316	78 
317	23 
318	43 
319	35 
320	30 
321	59 
322	13 
323	35 
324	87 
325	33 
326	49 
327	59 
328	91 
329	21 
330	26 
331	72 
332	7 
333	45 
334	61 
335	6 
336	61 
337	58 
338	79 
339	51 
340	62 
341	87 
342	63 
343	22 
344	22 
345	15 
346	41 
347	34 
348	94 
349	48 
350	10 
351	48 
352	44 
353	93 
354	87 
355	36 
356	14 
357	69 
358	10 
359	73 
360	67 
361	68 
362	53 
363	7 
364	74 
365	41 
366	33 
367	10 
368	15 
369	4 
370	81 
371	41 
372	62 
373	39 
374	50 
375	91 
376	14 
377	12 
378	22 
379	85 
380	71 
381	11 
382	42 
383	38 
384	7 
385	57 
386	45 
387	10 
388	49 
389	8 
390	40 
391	40 
392	66 
393	82 
394	24 
395	29 
396	9 
397	79 
398	82 
399	29 
400	39 
401	58 
402	56 
403	50 
404	62 
405	70 
406	57 
407	54 
408	4 
409	58 
410	77 
411	7 
412	10 
413	2 
414	97 
415	25 
416	51 
417	43 
418	54 
419	23 
420	64 
421	36 
422	84 
423	56 
424	73 
425	75 
426	16 
427	35 
428	45 
429	3 
430	88 
431	74 
432	35 
433	88 
434	26 
435	58 
436	26 
437	9 
438	89 
439	17 
440	4 
441	94 
442	18 
443	29 
444	53 
445	24 
446	54 
447	8 
448	9 
449	22 
450	59 
451	37 
452	32 
453	31 
454	10 
455	86 
456	95 
457	2 
458	76 
459	66 
460	52 
461	76 
462	53 
463	39 
464	77 
465	46 
466	29 
467	26 
468	1 
469	95 
470	9 
471	26 
472	41 
473	76 
474	72 
475	90 
476	18 
477	3 
478	47 
479	62 
480	17 
481	75 
482	66 
483	60 
484	35 
485	11 
486	16 
487	2 
488	35 
489	86 
490	33 
491	39 
492	71 
493	74 
494	58 
495	29 
496	31 
497	27 
498	88 
499	67 
500	90 
501	56 
502	41 
503	35 
504	45 
505	65 
506	59 
507	48 
508	9 
509	55 
510	48 
511	3 
512	62 
513	85 
514	39 
515	2 
516	9 
517	89 
518	80 
519	21 
520	50 
521	32 
522	70 
523	19 
524	91 
525	13 
526	11 
527	53 
528	1 
529	25 
530	35 
531	73 
532	50 
533	37 
534	56 
535	35 
536	46 
537	68 
538	77 
539	12 
540	29 
541	74 
542	67 
543	58 
544	11 
545	50 
546	85 
547	58 
548	76 
549	98 
550	86 
551	20 
552	57 
553	43 
554	46 
555	44 
556	47 
557	13 
558	45 
559	44 
560	10 
561	39 
562	34 
563	65 
564	81 
565	83 
566	86 
567	79 
568	101 
569	10 
570	85 
571	76 
572	25 
573	7 
574	10 
575	54 
576	49 
577	7 
578	16 
579	62 
580	99 
581	60 
582	83 
583	88 
584	83 
585	2 
586	7 
587	53 
588	24 
589	93 
590	95 
591	9 
592	71 
593	98 
594	70 
595	91 
596	31 
597	76 
598	22 
599	41 
600	77 
601	47 
602	39 
603	34 
604	50 
605	7 
606	25 
607	69 
608	74 
609	85 
610	11 
611	93 
612	57 
613	65 
614	93 
615	97 
616	7 
617	27 
618	39 
619	10 
620	58 
621	90 
622	11 
623	75 
624	90 
625	12 
626	6 
627	34 
628	46 
629	56 
630	91 
631	45 
632	7 
633	48 
634	20 
635	98 
636	56 
637	78 
638	24 
639	16 
640	30 
641	47 
642	76 
643	22 
644	90 
645	22 
646	20 
647	41 
648	43 
649	56 
650	10 
651	16 
652	48 
653	43 
654	19 
655	68 
656	73 
657	93 
658	98 
659	100 
660	70 
661	51 
662	9 
663	39 
664	28 
665	70 
666	41 
667	8 
668	86 
669	14 
670	39 
671	50 
672	80 
673	7 
674	10 
675	39 
676	12 
677	45 
678	7 
679	31 
680	25 
681	58 
682	34 
683	21 
684	70 
685	58 
686	47 
687	82 
688	44 
689	65 
690	63 
691	52 
692	32 
693	73 
694	66 
695	71 
696	4 
697	2 
698	95 
699	74 
700	22 
701	90 
702	11 
703	5 
704	97 
705	34 
706	9 
707	22 
708	55 
709	14 
710	91 
711	42 
712	68 
713	27 
714	3 
715	67 
716	71 
717	60 
718	48 
719	13 
720	93 
721	87 
722	65 
723	15 
724	5 
725	65 
726	60 
727	33 
728	3 
729	68 
730	46 
731	57 
732	80 
733	61 
734	95 
735	75 
736	98 
737	39 
738	69 
739	90 
740	95 
741	60 
742	1 
743	54 
744	88 
745	62 
746	93 
747	54 
748	10 
749	81 
750	76 
751	99 
752	58 
753	54 
754	3 
755	88 
756	87 
757	76 
758	39 
759	60 
760	89 
761	47 
762	91 
763	11 
764	92 
765	35 
766	7 
767	8 
768	16 
769	81 
770	39 
771	33 
772	92 
773	46 
774	48 
775	73 
776	21 
777	40 
778	18 
779	18 
780	75 
781	60 
782	58 
783	28 
784	18 
785	91 
786	101 
787	62 
788	51 
789	34 
790	97 
791	20 
792	97 
793	80 
794	53 
795	79 
796	97 
797	33 
798	53 
799	18 
800	46 
801	69 
802	54 
803	76 
804	82 
805	46 
806	59 
807	40 
808	21 
809	57 
810	54 
811	85 
812	7 
813	4 
814	41 
815	59 
816	92 
817	7 
818	59 
819	73 
820	58 
821	99 
822	92 
823	60 
824	57 
825	91 
826	43 
827	14 
828	29 
829	10 
830	66 
831	22 
832	57 
833	29 
834	4 
835	84 
836	48 
837	88 
838	6 
839	73 
840	10 
841	58 
842	2 
843	3 
844	56 
845	41 
846	49 
847	55 
848	76 
849	34 
850	13 
851	54 
852	20 
853	90 
854	51 
855	10 
856	10 
857	90 
858	49 
859	74 
860	5 
861	7 
862	93 
863	20 
864	16 
865	44 
866	87 
867	70 
868	19 
869	78 
870	7 
871	36 
872	68 
873	39 
874	95 
875	23 
876	61 
877	66 
878	29 
879	64 
880	75 
881	68 
882	50 
883	15 
884	88 
885	19 
886	9 
887	5 
888	5 
889	60 
890	16 
891	38 
892	41 
893	57 
894	81 
895	45 
896	44 
897	49 
898	57 
899	91 
900	79 
901	6 
902	39 
903	7 
904	100 
905	43 
906	21 
907	73 
908	75 
909	16 
910	68 
911	82 
912	21 
913	85 
914	72 
915	22 
916	21 
917	60 
918	51 
919	49 
920	16 
921	41 
922	96 
923	2 
924	8 
925	58 
926	49 
927	20 
928	48 
929	87 
930	46 
931	9 
932	52 
933	89 
934	75 
935	13 
936	55 
937	55 
938	2 
939	21 
940	37 
941	48 
942	11 
943	28 
944	97 
945	7 
946	90 
947	74 
948	39 
949	46 
950	59 
951	34 
952	84 
953	9 
954	100 
955	93 
956	68 
957	77 
958	88 
959	93 
960	57 
961	74 
962	53 
963	79 
964	86 
965	90 
966	90 
967	50 
968	63 
969	29 
970	51 
971	11 
972	27 
973	2 
974	58 
975	65 
976	10 
977	61 
978	63 
979	50 
980	90 
981	73 
982	56 
983	5 
984	83 
985	19 
986	65 
987	58 
988	91 
989	46 
990	43 
991	85 
992	14 
993	87 
994	56 
995	12 
996	39 
997	36 
998	3 
999	58 
1000	21 
1001	88 
1002	22 
1003	81 
1004	98 
1005	43 
1006	9 
1007	78 
1008	62 
1009	7 
1010	50 
1011	73 
1012	4 
1013	86 
1014	17 
1015	30 
1016	79 
1017	34 
1018	51 
1019	60 
1020	85 
1021	96 
1022	43 
1023	77 
1024	68 
1025	85 
1026	76 
1027	35 
1028	13 
1029	77 
1030	82 
1031	96 
1032	73 
1033	95 
1034	41 
1035	90 
1036	53 
1037	10 
1038	10 
1039	74 
1040	86 
1041	80 
1042	29 
1043	43 
1044	44 
1045	58 
1046	21 
1047	56 
1048	7 
1049	64 
1050	7 
1051	43 
1052	87 
1053	34 
1054	71 
1055	36 
1056	74 
1057	38 
1058	97 
1059	60 
1060	89 
1061	65 
1062	79 
1063	41 
1064	73 
1065	63 
1066	45 
1067	66 
1068	56 
1069	73 
1070	34 
1071	27 
1072	49 
1073	90 
1074	12 
1075	91 
1076	49 
1077	29 
1078	37 
1079	51 
1080	40 
1081	62 
1082	35 
1083	91 
1084	81 
1085	86 
1086	67 
1087	2 
1088	50 
1089	43 
1090	73 
1091	11 
1092	28 
1093	67 
1094	10 
1095	2 
1096	97 
1097	29 
1098	73 
1099	42 
1100	80 
1101	22 
1102	54 
1103	91 
1104	16 
1105	26 
1106	21 
1107	42 
1108	78 
1109	15 
1110	88 
1111	6 
1112	1 
1113	53 
1114	4 
1115	15 
1116	56 
1117	91 
1118	13 
1119	11 
1120	17 
1121	4 
1122	99 
1123	50 
1124	27 
1125	10 
1126	46 
1127	94 
1128	88 
1129	74 
1130	41 
1131	74 
1132	2 
1133	31 
1134	46 
1135	57 
1136	53 
1137	47 
1138	85 
1139	80 
1140	46 
1141	63 
1142	18 
1143	22 
1144	56 
1145	11 
1146	41 
1147	31 
1148	83 
1149	41 
1150	56 
1151	9 
1152	37 
1153	14 
1154	12 
1155	91 
1156	1 
1157	100 
1158	5 
1159	65 
1160	42 
1161	76 
1162	54 
1163	18 
1164	25 
1165	24 
1166	54 
1167	41 
1168	44 
1169	5 
1170	56 
1171	28 
1172	11 
1173	86 
1174	39 
1175	100 
1176	50 
1177	88 
1178	23 
1179	18 
1180	35 
1181	29 
1182	58 
1183	73 
1184	90 
1185	6 
1186	54 
1187	79 
1188	91 
1189	25 
1190	57 
1191	67 
1192	39 
1193	11 
1194	45 
1195	68 
1196	58 
1197	69 
1198	95 
1199	54 
1200	60 
1201	99 
1202	25 
1203	75 
1204	98 
1205	75 
1206	15 
1207	98 
1208	92 
1209	66 
1210	68 
1211	55 
1212	24 
1213	76 
1214	86 
1215	2 
1216	1 
1217	57 
1218	42 
1219	42 
1220	8 
1221	19 
1222	42 
1223	99 
1224	49 
1225	75 
1226	101 
1227	13 
1228	46 
1229	79 
1230	60 
1231	31 
1232	59 
1233	20 
1234	59 
1235	7 
1236	63 
1237	35 
1238	3 
1239	54 
1240	95 
1241	73 
1242	41 
1243	64 
1244	35 
1245	65 
1246	32 
1247	21 
1248	23 
1249	35 
1250	54 
1251	41 
1252	88 
1253	45 
1254	22 
1255	56 
1256	73 
1257	100 
1258	92 
1259	46 
1260	76 
1261	84 
1262	47 
1263	60 
1264	46 
1265	60 
1266	25 
1267	65 
1268	79 
1269	57 
1270	95 
1271	68 
1272	34 
1273	35 
1274	61 
1275	1 
1276	73 
1277	90 
1278	82 
1279	60 
1280	11 
1281	101 
1282	32 
1283	55 
1284	35 
1285	15 
1286	16 
1287	40 
1288	21 
1289	43 
1290	13 
1291	95 
1292	27 
1293	5 
1294	100 
1295	19 
1296	27 
1297	10 
1298	10 
1299	21 
1300	60 
1301	1 
1302	100 
1303	65 
1304	74 
1305	54 
1306	55 
1307	2 
1308	14 
1309	77 
1310	67 
1311	91 
1312	13 
1313	7 
1314	41 
1315	48 
1316	88 
1317	32 
1318	23 
1319	54 
1320	35 
1321	2 
1322	84 
1323	101 
1324	96 
1325	70 
1326	35 
1327	58 
1328	22 
1329	2 
1330	90 
1331	35 
1332	72 
1333	81 
1334	86 
1335	46 
1336	32 
1337	67 
1338	34 
1339	100 
1340	18 
1341	67 
1342	88 
1343	65 
1344	23 
1345	72 
1346	85 
1347	20 
1348	55 
1349	89 
1350	89 
1351	97 
1352	14 
1353	42 
1354	2 
1355	72 
1356	3 
1357	57 
1358	94 
1359	6 
1360	56 
1361	75 
1362	4 
1363	72 
1364	35 
1365	16 
1366	46 
1367	96 
1368	9 
1369	2 
1370	91 
1371	2 
1372	48 
1373	92 
1374	37 
1375	8 
1376	95 
1377	15 
1378	9 
1379	7 
1380	18 
1381	83 
1382	8 
1383	15 
1384	19 
1385	69 
1386	18 
1387	17 
1388	87 
1389	24 
1390	54 
1391	33 
1392	32 
1393	18 
1394	10 
1395	41 
1396	93 
1397	85 
1398	101 
1399	54 
1400	99 
1401	21 
1402	68 
1403	12 
1404	43 
1405	27 
1406	49 
1407	38 
1408	46 
1409	12 
1410	47 
1411	43 
1412	22 
1413	5 
1414	63 
1415	71 
1416	45 
1417	31 
1418	89 
1419	64 
1420	47 
1421	30 
1422	14 
1423	35 
1424	58 
1425	2 
1426	6 
1427	15 
1428	49 
1429	50 
1430	32 
1431	15 
1432	82 
1433	10 
1434	53 
1435	63 
1436	6 
1437	5 
1438	71 
1439	2 
1440	70 
1441	89 
1442	86 
1443	74 
1444	74 
1445	38 
1446	53 
1447	11 
1448	62 
1449	3 
1450	46 
1451	41 
1452	93 
1453	1 
1454	17 
1455	35 
1456	74 
1457	95 
1458	49 
1459	90 
1460	74 
1461	96 
1462	19 
1463	39 
1464	9 
1465	11 
1466	43 
1467	9 
1468	99 
1469	5 
1470	48 
1471	74 
1472	68 
1473	88 
1474	65 
1475	3 
1476	56 
1477	97 
1478	97 
1479	84 
1480	60 
1481	45 
1482	74 
1483	99 
1484	62 
1485	49 
1486	35 
1487	95 
1488	58 
1489	56 
1490	60 
1491	8 
1492	4 
1493	39 
1494	20 
1495	43 
1496	48 
1497	33 
1498	77 
1499	96 
1500	16 
1501	29 
1502	85 
1503	53 
1504	52 
1505	12 
1506	47 
1507	22 
1508	3 
1509	73 
1510	69 
1511	43 
1512	54 
1513	39 
1514	6 
1515	69 
1516	29 
1517	20 
1518	100 
1519	51 
1520	2 
1521	60 
1522	41 
1523	29 
1524	18 
1525	76 
1526	86 
1527	95 
1528	34 
1529	35 
1530	95 
1531	62 
1532	93 
1533	48 
1534	40 
1535	52 
1536	13 
1537	96 
1538	61 
1539	86 
1540	4 
1541	38 
1542	11 
1543	35 
1544	77 
1545	50 
1546	91 
1547	34 
1548	28 
1549	54 
1550	71 
1551	42 
1552	49 
1553	5 
1554	38 
1555	43 
1556	2 
1557	99 
1558	3 
1559	93 
1560	86 
1561	78 
1562	44 
1563	26 
1564	13 
1565	28 
1566	44 
1567	21 
1568	14 
1569	39 
1570	7 
1571	60 
1572	39 
1573	47 
1574	39 
1575	7 
1576	76 
1577	2 
1578	33 
1579	79 
1580	75 
1581	57 
1582	37 
1583	10 
1584	65 
1585	27 
1586	50 
1587	60 
1588	57 
1589	98 
1590	87 
1591	81 
1592	60 
1593	64 
1594	73 
1595	53 
1596	56 
1597	54 
1598	41 
1599	41 
1600	57 
1601	22 
1602	60 
1603	69 
1604	70 
1605	74 
1606	94 
1607	7 
1608	49 
1609	59 
1610	88 
1611	24 
1612	21 
1613	74 
1614	91 
1615	42 
1616	8 
1617	96 
1618	76 
1619	45 
1620	46 
1621	21 
1622	84 
1623	25 
1624	65 
1625	65 
1626	46 
1627	96 
1628	60 
1629	22 
1630	91 
1631	91 
1632	75 
1633	50 
1634	53 
1635	2 
1636	74 
1637	96 
1638	55 
1639	91 
1640	21 
1641	35 
1642	7 
1643	20 
1644	73 
1645	73 
1646	60 
1647	69 
1648	56 
1649	10 
1650	93 
1651	1 
1652	14 
1653	70 
1654	93 
1655	90 
1656	101 
1657	94 
1658	28 
1659	79 
1660	38 
1661	49 
1662	88 
1663	84 
1664	80 
1665	50 
1666	16 
1667	25 
1668	53 
1669	70 
1670	91 
1671	47 
1672	30 
1673	21 
1674	43 
1675	87 
1676	18 
1677	91 
1678	34 
1679	11 
1680	37 
1681	89 
1682	11 
1683	13 
1684	26 
1685	96 
1686	22 
1687	92 
1688	9 
1689	8 
1690	46 
1691	46 
1692	11 
1693	46 
1694	13 
1695	6 
1696	15 
1697	4 
1698	90 
1699	22 
1700	61 
1701	33 
1702	73 
1703	74 
1704	97 
1705	14 
1706	56 
1707	7 
1708	30 
1709	47 
1710	80 
1711	75 
1712	33 
1713	95 
1714	38 
1715	58 
1716	56 
1717	13 
1718	50 
1719	29 
1720	94 
1721	17 
1722	60 
1723	49 
1724	65 
1725	22 
1726	4 
1727	5 
1728	46 
1729	35 
1730	45 
1731	28 
1732	31 
1733	39 
1734	76 
1735	24 
1736	84 
1737	71 
1738	65 
1739	41 
1740	43 
1741	37 
1742	49 
1743	65 
1744	61 
1745	34 
1746	81 
1747	70 
1748	28 
1749	83 
1750	98 
1751	44 
1752	61 
1753	54 
1754	74 
1755	66 
1756	45 
1757	53 
1758	4 
1759	49 
1760	2 
1761	6 
1762	22 
1763	23 
1764	49 
1765	22 
1766	56 
1767	43 
1768	29 
1769	38 
1770	50 
1771	99 
1772	33 
1773	18 
1774	5 
1775	79 
1776	2 
1777	100 
1778	12 
1779	7 
1780	95 
1781	52 
1782	70 
1783	99 
1784	78 
1785	88 
1786	35 
1787	100 
1788	90 
1789	59 
1790	58 
1791	88 
1792	59 
1793	22 
1794	90 
1795	55 
1796	72 
1797	87 
1798	21 
1799	87 
1800	50 
1801	16 
1802	51 
1803	33 
1804	13 
1805	66 
1806	50 
1807	38 
1808	28 
1809	15 
1810	5 
1811	50 
1812	58 
1813	26 
1814	56 
1815	34 
1816	36 
1817	87 
1818	83 
1819	87 
1820	70 
1821	43 
1822	77 
1823	48 
1824	7 
1825	57 
1826	1 
1827	63 
1828	44 
1829	45 
1830	40 
1831	35 
1832	101 
1833	37 
1834	28 
1835	56 
1836	74 
1837	58 
1838	31 
1839	21 
1840	54 
1841	11 
1842	33 
1843	84 
1844	80 
1845	29 
1846	7 
1847	83 
1848	91 
1849	88 
1850	10 
1851	12 
1852	29 
1853	91 
1854	9 
1855	93 
1856	96 
1857	23 
1858	48 
1859	18 
1860	97 
1861	57 
1862	74 
1863	68 
1864	34 
1865	6 
1866	19 
1867	67 
1868	73 
1869	10 
1870	66 
1871	29 
1872	46 
1873	91 
1874	56 
1875	47 
1876	46 
1877	43 
1878	40 
1879	10 
1880	29 
1881	7 
1882	15 
1883	43 
1884	34 
1885	6 
1886	77 
1887	83 
1888	48 
1889	10 
1890	73 
1891	73 
1892	67 
1893	5 
1894	41 
1895	29 
1896	58 
1897	27 
1898	56 
1899	86 
1900	49 
1901	1 
1902	38 
1903	22 
1904	73 
1905	11 
1906	50 
1907	92 
1908	88 
1909	95 
1910	88 
1911	67 
1912	3 
1913	20 
1914	12 
1915	23 
1916	17 
1917	88 
1918	58 
1919	64 
1920	58 
1921	90 
1922	29 
1923	43 
1924	85 
1925	66 
1926	5 
1927	45 
1928	37 
1929	8 
1930	49 
1931	62 
1932	7 
1933	88 
1934	35 
1935	14 
1936	40 
1937	35 
1938	39 
1939	31 
1940	18 
1941	34 
1942	27 
1943	43 
1944	41 
1945	22 
1946	70 
1947	50 
1948	55 
1949	43 
1950	18 
1951	43 
1952	54 
1953	49 
1954	80 
1955	87 
1956	2 
1957	87 
1958	49 
1959	93 
1960	22 
1961	45 
1962	27 
1963	44 
1964	72 
1965	81 
1966	53 
1967	86 
1968	101 
1969	43 
1970	49 
1971	60 
1972	39 
1973	86 
1974	75 
1975	45 
1976	33 
1977	54 
1978	29 
1979	78 
1980	40 
1981	81 
1982	31 
1983	50 
1984	27 
1985	34 
1986	58 
1987	29 
1988	24 
1989	22 
1990	75 
1991	67 
1992	48 
1993	80 
1994	59 
1995	90 
1996	27 
1997	15 
1998	6 
1999	56 
2000	19 
2001	41 
2002	56 
2003	4 
2004	33 
2005	6 
2006	93 
2007	87 
2008	75 
2009	46 
2010	92 
2011	33 
2012	42 
2013	18 
2014	54 
2015	56 
2016	2 
2017	70 
2018	74 
2019	58 
2020	75 
2021	75 
2022	16 
2023	64 
2024	75 
2025	54 
2026	21 
2027	51 
2028	96 
2029	75 
2030	43 
2031	67 
2032	34 
2033	10 
2034	88 
2035	47 
2036	72 
2037	73 
2038	99 
2039	78 
2040	29 
2041	44 
2042	46 
2043	58 
2044	72 
2045	39 
2046	63 
2047	60 
2048	67 
2049	93 
2050	43 
2051	65 
2052	49 
2053	46 
2054	88 
2055	75 
2056	53 
2057	86 
2058	14 
2059	57 
2060	25 
2061	43 
2062	74 
2063	46 
2064	70 
2065	86 
2066	26 
2067	49 
2068	29 
2069	58 
2070	53 
2071	49 
2072	2 
2073	42 
2074	10 
2075	18 
2076	43 
2077	54 
2078	87 
2079	45 
2080	74 
2081	40 
2082	91 
2083	70 
2084	9 
2085	73 
2086	97 
2087	76 
2088	69 
2089	22 
2090	72 
2091	5 
2092	76 
2093	54 
2094	87 
2095	62 
2096	50 
2097	100 
2098	16 
2099	82 
2100	68 
2101	12 
2102	75 
2103	94 
2104	22 
2105	74 
2106	88 
2107	11 
2108	48 
2109	91 
2110	74 
2111	96 
2112	75 
2113	46 
2114	58 
2115	93 
2116	54 
2117	17 
2118	66 
2119	101 
2120	89 
2121	101 
2122	13 
2123	41 
2124	17 
2125	3 
2126	47 
2127	25 
2128	1 
2129	37 
2130	91 
2131	80 
2132	73 
2133	94 
2134	4 
2135	54 
2136	86 
2137	86 
2138	76 
2139	11 
2140	50 
2141	10 
2142	16 
2143	74 
2144	60 
2145	9 
2146	4 
2147	42 
2148	72 
2149	21 
2150	39 
2151	41 
2152	19 
2153	70 
2154	21 
2155	94 
2156	19 
2157	41 
2158	72 
2159	65 
2160	86 
2161	46 
2162	53 
2163	63 
2164	10 
2165	56 
2166	33 
2167	50 
2168	25 
2169	79 
2170	97 
2171	86 
2172	98 
2173	45 
2174	58 
2175	22 
2176	50 
2177	4 
2178	74 
2179	50 
2180	81 
2181	41 
2182	75 
2183	99 
2184	54 
2185	19 
2186	44 
2187	41 
2188	2 
2189	51 
2190	58 
2191	54 
2192	50 
2193	12 
2194	45 
2195	46 
2196	53 
2197	60 
2198	4 
2199	83 
2200	11 
2201	88 
2202	63 
2203	9 
2204	101 
2205	16 
2206	100 
2207	57 
2208	38 
2209	73 
2210	69 
2211	88 
2212	46 
2213	48 
2214	39 
2215	1 
2216	25 
2217	83 
2218	101 
2219	65 
2220	10 
2221	68 
2222	39 
2223	22 
2224	91 
2225	12 
2226	41 
2227	11 
2228	72 
2229	87 
2230	85 
2231	35 
2232	100 
2233	2 
2234	42 
2235	35 
2236	79 
2237	22 
2238	4 
2239	81 
2240	14 
2241	86 
2242	48 
2243	57 
2244	65 
2245	64 
2246	38 
2247	100 
2248	53 
2249	65 
2250	87 
2251	88 
2252	18 
2253	5 
2254	17 
2255	46 
2256	58 
2257	30 
2258	50 
2259	81 
2260	75 
2261	13 
2262	29 
2263	22 
2264	79 
2265	75 
2266	7 
2267	61 
2268	72 
2269	31 
2270	39 
2271	29 
2272	34 
2273	31 
2274	57 
2275	91 
2276	75 
2277	76 
2278	44 
2279	22 
2280	22 
2281	35 
2282	68 
2283	92 
2284	70 
2285	57 
2286	41 
2287	42 
2288	70 
2289	87 
2290	41 
2291	59 
2292	6 
2293	24 
2294	77 
2295	13 
2296	60 
2297	30 
2298	2 
2299	61 
2300	91 
2301	63 
2302	44 
2303	54 
2304	7 
2305	29 
2306	99 
2307	20 
2308	95 
2309	56 
2310	97 
2311	7 
2312	78 
2313	28 
2314	48 
2315	70 
2316	75 
2317	77 
2318	43 
2319	88 
2320	74 
2321	2 
2322	2 
2323	67 
2324	58 
2325	67 
2326	22 
2327	43 
2328	4 
2329	26 
2330	7 
2331	33 
2332	35 
2333	24 
2334	34 
2335	52 
2336	17 
2337	15 
2338	23 
2339	42 
2340	19 
2341	77 
2342	34 
2343	57 
2344	66 
2345	60 
2346	33 
2347	88 
2348	52 
2349	90 
2350	44 
2351	39 
2352	14 
2353	88 
2354	14 
2355	85 
2356	54 
2357	35 
2358	16 
2359	36 
2360	35 
2361	47 
2362	27 
2363	50 
2364	54 
2365	51 
2366	73 
2367	75 
2368	10 
2369	15 
2370	17 
2371	87 
2372	39 
2373	83 
2374	90 
2375	90 
2376	89 
2377	80 
2378	56 
2379	101 
2380	4 
2381	100 
2382	79 
2383	16 
2384	76 
2385	50 
2386	12 
2387	50 
2388	3 
2389	100 
2390	46 
2391	41 
2392	34 
2393	34 
2394	81 
2395	2 
2396	29 
2397	76 
2398	56 
2399	9 
2400	68 
2401	7 
2402	60 
2403	39 
2404	65 
2405	13 
2406	73 
2407	2 
2408	54 
2409	33 
2410	77 
2411	11 
2412	39 
2413	91 
2414	81 
2415	41 
2416	21 
2417	11 
2418	7 
2419	53 
2420	98 
2421	89 
2422	58 
2423	29 
2424	69 
2425	21 
2426	47 
2427	54 
2428	11 
2429	4 
2430	70 
2431	34 
2432	12 
2433	56 
2434	38 
2435	41 
2436	57 
2437	21 
2438	18 
2439	70 
2440	2 
2441	58 
2442	34 
2443	41 
2444	64 
2445	57 
2446	38 
2447	97 
2448	37 
2449	95 
2450	100 
2451	80 
2452	42 
2453	78 
2454	91 
2455	34 
2456	42 
2457	28 
2458	27 
2459	99 
2460	35 
2461	22 
2462	67 
2463	73 
2464	32 
2465	10 
2466	47 
2467	60 
2468	64 
2469	13 
2470	60 
2471	9 
2472	57 
2473	45 
2474	73 
2475	50 
2476	51 
2477	97 
2478	38 
2479	91 
2480	101 
2481	24 
2482	88 
2483	73 
2484	14 
2485	89 
2486	78 
2487	19 
2488	34 
2489	91 
2490	2 
2491	24 
2492	19 
2493	57 
2494	7 
2495	93 
2496	79 
2497	54 
2498	34 
2499	8 
2500	1 
2501	96 
2502	20 
2503	43 
2504	42 
2505	75 
2506	60 
2507	64 
2508	62 
2509	41 
2510	15 
2511	65 
2512	29 
2513	84 
2514	1 
2515	28 
2516	54 
2517	75 
2518	60 
2519	39 
2520	90 
2521	75 
2522	32 
2523	74 
2524	11 
2525	53 
2526	44 
2527	65 
2528	14 
2529	58 
2530	100 
2531	2 
2532	11 
2533	31 
2534	17 
2535	36 
2536	57 
2537	75 
2538	10 
2539	74 
2540	82 
2541	21 
2542	73 
2543	39 
2544	58 
2545	63 
2546	58 
2547	46 
2548	27 
2549	56 
2550	75 
2551	7 
2552	51 
2553	56 
2554	34 
2555	93 
2556	86 
2557	68 
2558	7 
2559	44 
2560	58 
2561	31 
2562	14 
2563	65 
2564	41 
2565	56 
2566	9 
2567	96 
2568	61 
2569	50 
2570	46 
2571	13 
2572	73 
2573	27 
2574	30 
2575	89 
2576	60 
2577	40 
2578	14 
2579	95 
2580	37 
2581	55 
2582	96 
2583	98 
2584	96 
2585	75 
2586	16 
2587	47 
2588	91 
2589	94 
2590	100 
2591	99 
2592	101 
2593	42 
2594	54 
2595	54 
2596	26 
2597	70 
2598	75 
2599	5 
2600	15 
2601	48 
2602	22 
2603	20 
2604	65 
2605	77 
2606	54 
2607	66 
2608	12 
2609	64 
2610	58 
2611	21 
2612	43 
2613	79 
2614	21 
2615	94 
2616	101 
2617	87 
2618	30 
2619	77 
2620	38 
2621	57 
2622	5 
2623	3 
2624	43 
2625	21 
2626	13 
2627	30 
2628	33 
2629	35 
2630	42 
2631	8 
2632	49 
2633	33 
2634	62 
2635	11 
2636	15 
2637	75 
2638	49 
2639	27 
2640	93 
2641	83 
2642	93 
2643	77 
2644	49 
2645	87 
2646	60 
2647	50 
2648	22 
2649	5 
2650	24 
2651	79 
2652	40 
2653	68 
2654	35 
2655	73 
2656	93 
2657	61 
2658	16 
2659	18 
2660	10 
2661	70 
2662	46 
2663	72 
2664	71 
2665	34 
2666	45 
2667	19 
2668	35 
2669	43 
2670	79 
2671	65 
2672	33 
2673	16 
2674	53 
2675	65 
2676	31 
2677	27 
2678	46 
2679	66 
2680	74 
2681	62 
2682	68 
2683	44 
2684	18 
2685	96 
2686	70 
2687	35 
2688	41 
2689	96 
2690	46 
2691	7 
2692	8 
2693	74 
2694	9 
2695	72 
2696	54 
2697	46 
2698	29 
2699	35 
2700	35 
2701	75 
2702	4 
2703	7 
2704	41 
2705	43 
2706	14 
2707	79 
2708	10 
2709	42 
2710	34 
2711	48 
2712	43 
2713	16 
2714	4 
2715	46 
2716	81 
2717	41 
2718	41 
2719	74 
2720	3 
2721	63 
2722	6 
2723	16 
2724	33 
2725	22 
2726	73 
2727	66 
2728	13 
2729	29 
2730	57 
2731	13 
2732	10 
2733	74 
2734	73 
2735	68 
2736	64 
2737	43 
2738	89 
2739	58 
2740	81 
2741	16 
2742	14 
2743	36 
2744	70 
2745	58 
2746	86 
2747	90 
2748	75 
2749	74 
2750	45 
2751	39 
2752	85 
2753	57 
2754	22 
2755	97 
2756	90 
2757	30 
2758	91 
2759	34 
2760	8 
2761	9 
2762	48 
2763	46 
2764	93 
2765	43 
2766	7 
2767	60 
2768	15 
2769	51 
2770	93 
2771	87 
2772	8 
2773	7 
2774	98 
2775	63 
2776	54 
2777	2 
2778	67 
2779	44 
2780	55 
2781	41 
2782	88 
2783	4 
2784	12 
2785	88 
2786	94 
2787	51 
2788	80 
2789	72 
2790	34 
2791	18 
2792	63 
2793	94 
2794	58 
2795	48 
2796	70 
2797	60 
2798	99 
2799	82 
2800	1 
2801	7 
2802	34 
2803	35 
2804	60 
2805	90 
2806	7 
2807	87 
2808	100 
2809	10 
2810	62 
2811	10 
2812	57 
2813	45 
2814	44 
2815	100 
2816	63 
2817	87 
2818	94 
2819	68 
2820	14 
2821	35 
2822	100 
2823	56 
2824	46 
2825	93 
2826	15 
2827	42 
2828	47 
2829	31 
2830	68 
2831	59 
2832	96 
2833	66 
2834	14 
2835	72 
2836	50 
2837	66 
2838	3 
2839	75 
2840	10 
2841	60 
2842	31 
2843	91 
2844	6 
2845	71 
2846	77 
2847	56 
2848	48 
2849	74 
2850	28 
2851	43 
2852	72 
2853	13 
2854	83 
2855	85 
2856	7 
2857	2 
2858	12 
2859	78 
2860	44 
2861	49 
2862	55 
2863	25 
2864	100 
2865	59 
2866	18 
2867	20 
2868	52 
2869	93 
2870	27 
2871	34 
2872	74 
2873	83 
2874	75 
2875	25 
2876	29 
2877	47 
2878	75 
2879	49 
2880	22 
2881	39 
2882	54 
2883	95 
2884	14 
2885	7 
2886	26 
2887	100 
2888	86 
2889	88 
2890	11 
2891	98 
2892	1 
2893	28 
2894	58 
2895	39 
2896	37 
2897	95 
2898	46 
2899	46 
2900	87 
2901	75 
2902	49 
2903	84 
2904	9 
2905	35 
2906	92 
2907	39 
2908	53 
2909	79 
2910	42 
2911	54 
2912	34 
2913	73 
2914	66 
2915	27 
2916	86 
2917	24 
2918	6 
2919	31 
2920	15 
2921	50 
2922	75 
2923	20 
2924	52 
2925	44 
2926	91 
2927	58 
2928	4 
2929	56 
2930	11 
2931	77 
2932	39 
2933	5 
2934	48 
2935	10 
2936	97 
2937	90 
2938	33 
2939	56 
2940	16 
2941	47 
2942	9 
2943	99 
2944	75 
2945	15 
2946	46 
2947	71 
2948	32 
2949	90 
2950	47 
2951	60 
2952	60 
2953	48 
2954	45 
2955	10 
2956	65 
2957	17 
2958	79 
2959	101 
2960	54 
2961	51 
2962	7 
2963	60 
2964	82 
2965	82 
2966	47 
2967	74 
2968	21 
2969	14 
2970	100 
2971	7 
2972	73 
2973	16 
2974	69 
2975	21 
2976	63 
2977	6 
2978	34 
2979	46 
2980	8 
2981	29 
2982	3 
2983	88 
2984	22 
2985	85 
2986	58 
2987	36 
2988	2 
2989	31 
2990	91 
2991	73 
2992	11 
2993	68 
2994	4 
2995	88 
2996	34 
2997	39 
2998	93 
2999	87 
3000	20 
3001	95 
3002	53 
3003	53 
3004	41 
3005	49 
3006	21 
3007	86 
3008	62 
3009	4 
3010	57 
3011	33 
3012	58 
3013	47 
3014	54 
3015	30 
3016	16 
3017	3 
3018	65 
3019	66 
3020	32 
3021	69 
3022	82 
3023	76 
3024	67 
3025	45 
3026	90 
3027	80 
3028	12 
3029	76 
3030	13 
3031	12 
3032	90 
3033	22 
3034	99 
3035	67 
3036	41 
3037	90 
3038	33 
3039	38 
3040	56 
3041	55 
3042	16 
3043	44 
3044	10 
3045	13 
3046	62 
3047	49 
3048	53 
3049	70 
3050	46 
3051	55 
3052	66 
3053	16 
3054	90 
3055	29 
3056	73 
3057	11 
3058	60 
3059	7 
3060	2 
3061	90 
3062	100 
3063	79 
3064	76 
3065	71 
3066	53 
3067	88 
3068	57 
3069	95 
3070	70 
3071	86 
3072	37 
3073	45 
3074	101 
3075	96 
3076	29 
3077	4 
3078	69 
3079	38 
3080	60 
3081	38 
3082	95 
3083	57 
3084	50 
3085	48 
3086	52 
3087	36 
3088	90 
3089	89 
3090	82 
3091	21 
3092	81 
3093	51 
3094	7 
3095	91 
3096	95 
3097	38 
3098	1 
3099	4 
3100	57 
3101	90 
3102	88 
3103	87 
3104	40 
3105	32 
3106	7 
3107	90 
3108	3 
3109	58 
3110	78 
3111	16 
3112	32 
3113	5 
3114	35 
3115	86 
3116	74 
3117	20 
3118	78 
3119	98 
3120	85 
3121	6 
3122	62 
3123	34 
3124	50 
3125	89 
3126	82 
3127	75 
3128	65 
3129	12 
3130	50 
3131	41 
3132	97 
3133	9 
3134	61 
3135	39 
3136	14 
3137	56 
3138	69 
3139	89 
3140	67 
3141	79 
3142	73 
3143	84 
3144	7 
3145	76 
3146	41 
3147	85 
3148	30 
3149	54 
3150	60 
3151	24 
3152	54 
3153	91 
3154	16 
3155	1 
3156	16 
3157	14 
3158	91 
3159	76 
3160	23 
3161	6 
3162	84 
3163	63 
3164	3 
3165	98 
3166	50 
3167	73 
3168	16 
3169	91 
3170	73 
3171	79 
3172	20 
3173	76 
3174	74 
3175	84 
3176	42 
3177	75 
3178	90 
3179	34 
3180	15 
3181	57 
3182	85 
3183	7 
3184	60 
3185	33 
3186	4 
3187	74 
3188	70 
3189	95 
3190	11 
3191	15 
3192	6 
3193	73 
3194	68 
3195	83 
3196	33 
3197	88 
3198	23 
3199	43 
3200	94 
3201	76 
3202	46 
3203	17 
3204	44 
3205	4 
3206	73 
3207	73 
3208	48 
3209	44 
3210	47 
3211	97 
3212	14 
3213	64 
3214	88 
3215	21 
3216	69 
3217	74 
3218	11 
3219	20 
3220	54 
3221	16 
3222	21 
3223	16 
3224	74 
3225	83 
3226	39 
3227	37 
3228	13 
3229	65 
3230	81 
3231	1 
3232	46 
3233	99 
3234	2 
3235	95 
3236	10 
3237	41 
3238	95 
3239	38 
3240	73 
3241	50 
3242	95 
3243	39 
3244	96 
3245	65 
3246	68 
3247	37 
3248	14 
3249	1 
3250	82 
3251	72 
3252	74 
3253	49 
3254	35 
3255	5 
3256	73 
3257	94 
3258	62 
3259	36 
3260	44 
3261	39 
3262	48 
3263	44 
3264	54 
3265	91 
3266	30 
3267	90 
3268	39 
3269	60 
3270	58 
3271	10 
3272	70 
3273	42 
3274	20 
3275	44 
3276	7 
3277	61 
3278	33 
3279	85 
3280	28 
3281	21 
3282	44 
3283	63 
3284	14 
3285	49 
3286	7 
3287	42 
3288	7 
3289	66 
3290	16 
3291	77 
3292	70 
3293	2 
3294	11 
3295	12 
3296	29 
3297	23 
3298	29 
3299	59 
3300	65 
3301	69 
3302	32 
3303	17 
3304	35 
3305	50 
3306	57 
3307	28 
3308	9 
3309	88 
3310	81 
3311	70 
3312	46 
3313	40 
3314	54 
3315	16 
3316	60 
3317	37 
3318	5 
3319	10 
3320	7 
3321	4 
3322	35 
3323	66 
3324	22 
3325	36 
3326	73 
3327	45 
3328	93 
3329	88 
3330	60 
3331	20 
3332	1 
3333	43 
3334	90 
3335	74 
3336	11 
3337	11 
3338	91 
3339	37 
3340	35 
3341	5 
3342	14 
3343	4 
3344	95 
3345	88 
3346	27 
3347	55 
3348	24 
3349	52 
3350	39 
3351	45 
3352	62 
3353	43 
3354	43 
3355	60 
3356	5 
3357	59 
3358	85 
3359	56 
3360	57 
3361	50 
3362	46 
3363	36 
3364	82 
3365	59 
3366	34 
3367	89 
3368	63 
3369	98 
3370	6 
3371	5 
3372	43 
3373	2 
3374	77 
3375	91 
3376	69 
3377	54 
3378	60 
3379	38 
3380	73 
3381	12 
3382	22 
3383	7 
3384	10 
3385	20 
3386	45 
3387	95 
3388	98 
3389	46 
3390	24 
3391	38 
3392	45 
3393	20 
3394	95 
3395	79 
3396	53 
3397	91 
3398	42 
3399	43 
3400	86 
3401	91 
3402	17 
3403	12 
3404	67 
3405	97 
3406	73 
3407	2 
3408	22 
3409	56 
3410	22 
3411	67 
3412	1 
3413	56 
3414	63 
3415	69 
3416	67 
3417	31 
3418	31 
3419	12 
3420	49 
3421	2 
3422	54 
3423	56 
3424	97 
3425	22 
3426	73 
3427	2 
3428	50 
3429	86 
3430	50 
3431	51 
3432	62 
3433	36 
3434	10 
3435	11 
3436	70 
3437	87 
3438	72 
3439	80 
3440	37 
3441	35 
3442	90 
3443	48 
3444	83 
3445	63 
3446	67 
3447	5 
3448	56 
3449	93 
3450	66 
3451	63 
3452	55 
3453	46 
3454	35 
3455	25 
3456	19 
3457	94 
3458	7 
3459	61 
3460	52 
3461	43 
3462	63 
3463	1 
3464	3 
3465	43 
3466	44 
3467	2 
3468	24 
3469	56 
3470	66 
3471	35 
3472	55 
3473	75 
3474	44 
3475	91 
3476	4 
3477	69 
3478	29 
3479	81 
3480	4 
3481	94 
3482	13 
3483	99 
3484	98 
3485	35 
3486	1 
3487	57 
3488	98 
3489	20 
3490	99 
3491	21 
3492	50 
3493	12 
3494	9 
3495	95 
3496	32 
3497	29 
3498	11 
3499	15 
3500	69 
3501	17 
3502	43 
3503	101 
3504	1 
3505	17 
3506	30 
3507	26 
3508	95 
3509	56 
3510	56 
3511	95 
3512	90 
3513	18 
3514	42 
3515	10 
3516	79 
3517	60 
3518	99 
3519	72 
3520	64 
3521	10 
3522	66 
3523	43 
3524	20 
3525	29 
3526	12 
3527	15 
3528	22 
3529	9 
3530	78 
3531	60 
3532	8 
3533	37 
3534	36 
3535	52 
3536	20 
3537	37 
3538	78 
3539	85 
3540	57 
3541	71 
3542	33 
3543	31 
3544	95 
3545	35 
3546	88 
3547	41 
3548	75 
3549	12 
3550	43 
3551	17 
3552	65 
3553	76 
3554	51 
3555	55 
3556	43 
3557	10 
3558	58 
3559	74 
3560	7 
3561	84 
3562	55 
3563	38 
3564	71 
3565	38 
3566	10 
3567	90 
3568	34 
3569	23 
3570	49 
3571	48 
3572	18 
3573	57 
3574	11 
3575	24 
3576	50 
3577	22 
3578	32 
3579	33 
3580	42 
3581	58 
3582	56 
3583	74 
3584	21 
3585	89 
3586	7 
3587	6 
3588	11 
3589	50 
3590	66 
3591	63 
3592	84 
3593	80 
3594	41 
3595	39 
3596	74 
3597	99 
3598	9 
3599	17 
3600	77 
3601	50 
3602	1 
3603	97 
3604	54 
3605	48 
3606	91 
3607	85 
3608	90 
3609	7 
3610	65 
3611	92 
3612	37 
3613	73 
3614	86 
3615	97 
3616	63 
3617	66 
3618	48 
3619	21 
3620	54 
3621	95 
3622	87 
3623	7 
3624	58 
3625	44 
3626	71 
3627	99 
3628	73 
3629	79 
3630	57 
3631	101 
3632	22 
3633	43 
3634	7 
3635	1 
3636	20 
3637	44 
3638	88 
3639	70 
3640	62 
3641	48 
3642	7 
3643	29 
3644	7 
3645	50 
3646	2 
3647	40 
3648	84 
3649	41 
3650	29 
3651	2 
3652	44 
3653	74 
3654	44 
3655	10 
3656	22 
3657	2 
3658	29 
3659	91 
3660	64 
3661	54 
3662	39 
3663	15 
3664	15 
3665	3 
3666	49 
3667	63 
3668	15 
3669	66 
3670	72 
3671	67 
3672	58 
3673	41 
3674	1 
3675	91 
3676	86 
3677	11 
3678	83 
3679	79 
3680	56 
3681	10 
3682	92 
3683	91 
3684	87 
3685	28 
3686	98 
3687	57 
3688	91 
3689	7 
3690	16 
3691	74 
3692	49 
3693	58 
3694	35 
3695	92 
3696	11 
3697	86 
3698	95 
3699	69 
3700	95 
3701	46 
3702	37 
3703	91 
3704	66 
3705	21 
3706	78 
3707	88 
3708	74 
3709	1 
3710	87 
3711	10 
3712	69 
3713	22 
3714	53 
3715	66 
3716	74 
3717	3 
3718	79 
3719	60 
3720	51 
3721	5 
3722	85 
3723	91 
3724	59 
3725	44 
3726	31 
3727	12 
3728	70 
3729	16 
3730	10 
3731	100 
3732	46 
3733	35 
3734	19 
3735	88 
3736	100 
3737	13 
3738	69 
3739	21 
3740	50 
3741	56 
3742	2 
3743	4 
3744	40 
3745	87 
3746	76 
3747	2 
3748	35 
3749	74 
3750	99 
3751	50 
3752	30 
3753	66 
3754	69 
3755	64 
3756	7 
3757	78 
3758	55 
3759	37 
3760	82 
3761	83 
3762	96 
3763	75 
3764	1 
3765	14 
3766	68 
3767	58 
3768	25 
3769	46 
3770	58 
3771	30 
3772	5 
3773	11 
3774	15 
3775	36 
3776	76 
3777	54 
3778	99 
3779	75 
3780	53 
3781	16 
3782	34 
3783	70 
3784	90 
3785	11 
3786	62 
3787	54 
3788	85 
3789	86 
3790	10 
3791	67 
3792	74 
3793	45 
3794	20 
3795	38 
3796	54 
3797	31 
3798	81 
3799	87 
3800	50 
3801	29 
3802	79 
3803	10 
3804	75 
3805	46 
3806	81 
3807	50 
3808	41 
3809	34 
3810	86 
3811	15 
3812	13 
3813	35 
3814	2 
3815	47 
3816	59 
3817	1 
3818	86 
3819	18 
3820	53 
3821	72 
3822	21 
3823	34 
3824	30 
3825	3 
3826	95 
3827	58 
3828	89 
3829	46 
3830	60 
3831	65 
3832	58 
3833	73 
3834	51 
3835	99 
3836	58 
3837	28 
3838	13 
3839	12 
3840	79 
3841	76 
3842	17 
3843	99 
3844	54 
3845	29 
3846	90 
3847	13 
3848	10 
3849	72 
3850	53 
3851	34 
3852	12 
3853	72 
3854	85 
3855	5 
3856	27 
3857	50 
3858	35 
3859	93 
3860	10 
3861	88 
3862	46 
3863	54 
3864	94 
3865	2 
3866	90 
3867	90 
3868	35 
3869	20 
3870	94 
3871	44 
3872	68 
3873	1 
3874	25 
3875	46 
3876	81 
3877	79 
3878	3 
3879	31 
3880	49 
3881	43 
3882	38 
3883	53 
3884	10 
3885	45 
3886	4 
3887	91 
3888	39 
3889	25 
3890	56 
3891	14 
3892	43 
3893	53 
3894	63 
3895	97 
3896	44 
3897	40 
3898	20 
3899	54 
3900	68 
3901	13 
3902	90 
3903	22 
3904	43 
3905	79 
3906	58 
3907	12 
3908	53 
3909	29 
3910	54 
3911	10 
3912	52 
3913	60 
3914	6 
3915	67 
3916	75 
3917	63 
3918	13 
3919	55 
3920	41 
3921	28 
3922	48 
3923	39 
3924	35 
3925	50 
3926	21 
3927	61 
3928	72 
3929	56 
3930	15 
3931	68 
3932	95 
3933	88 
3934	35 
3935	94 
3936	92 
3937	21 
3938	58 
3939	16 
3940	68 
3941	55 
3942	34 
3943	45 
3944	39 
3945	21 
3946	21 
3947	62 
3948	77 
3949	56 
3950	20 
3951	94 
3952	12 
3953	85 
3954	58 
3955	34 
3956	33 
3957	51 
3958	26 
3959	44 
3960	60 
3961	46 
3962	75 
3963	53 
3964	37 
3965	21 
3966	88 
3967	56 
3968	46 
3969	55 
3970	34 
3971	79 
3972	91 
3973	5 
3974	90 
3975	31 
3976	33 
3977	10 
3978	45 
3979	6 
3980	12 
3981	5 
3982	66 
3983	35 
3984	73 
3985	96 
3986	94 
3987	95 
3988	80 
3989	71 
3990	82 
3991	73 
3992	73 
3993	99 
3994	29 
3995	34 
3996	74 
3997	86 
3998	60 
3999	5 
4000	19 
4001	89 
4002	100 
4003	65 
4004	16 
4005	10 
4006	55 
4007	17 
4008	24 
4009	40 
4010	71 
4011	27 
4012	41 
4013	35 
4014	7 
4015	6 
4016	39 
4017	91 
4018	60 
4019	28 
4020	39 
4021	75 
4022	5 
4023	25 
4024	20 
4025	46 
4026	20 
4027	76 
4028	58 
4029	73 
4030	29 
4031	34 
4032	91 
4033	41 
4034	98 
4035	60 
4036	41 
4037	11 
4038	46 
4039	87 
4040	34 
4041	88 
4042	45 
4043	53 
4044	22 
4045	43 
4046	40 
4047	80 
4048	35 
4049	41 
4050	75 
4051	10 
4052	88 
4053	21 
4054	50 
4055	5 
4056	30 
4057	71 
4058	59 
4059	29 
4060	54 
4061	33 
4062	44 
4063	100 
4064	15 
4065	5 
4066	47 
4067	8 
4068	18 
4069	97 
4070	53 
4071	59 
4072	69 
4073	37 
4074	23 
4075	8 
4076	68 
4077	19 
4078	12 
4079	92 
4080	12 
4081	90 
4082	39 
4083	75 
4084	2 
4085	9 
4086	12 
4087	13 
4088	2 
4089	23 
4090	70 
4091	6 
4092	75 
4093	38 
4094	53 
4095	90 
4096	67 
4097	83 
4098	74 
4099	29 
4100	37 
4101	35 
4102	13 
4103	66 
4104	43 
4105	66 
4106	50 
4107	27 
4108	99 
4109	23 
4110	57 
4111	59 
4112	19 
4113	37 
4114	13 
4115	63 
4116	20 
4117	31 
4118	29 
4119	2 
4120	44 
4121	70 
4122	100 
4123	41 
4124	6 
4125	87 
4126	84 
4127	7 
4128	52 
4129	42 
4130	72 
4131	43 
4132	22 
4133	43 
4134	7 
4135	3 
4136	91 
4137	95 
4138	72 
4139	5 
4140	11 
4141	97 
4142	72 
4143	19 
4144	62 
4145	7 
4146	56 
4147	75 
4148	95 
4149	55 
4150	57 
4151	82 
4152	26 
4153	56 
4154	88 
4155	57 
4156	4 
4157	66 
4158	52 
4159	26 
4160	25 
4161	85 
4162	22 
4163	46 
4164	99 
4165	11 
4166	57 
4167	39 
4168	60 
4169	47 
4170	33 
4171	44 
4172	51 
4173	48 
4174	10 
4175	18 
4176	16 
4177	73 
4178	54 
4179	50 
4180	43 
4181	12 
4182	10 
4183	91 
4184	46 
4185	33 
4186	43 
4187	43 
4188	22 
4189	58 
4190	67 
4191	12 
4192	32 
4193	41 
4194	41 
4195	19 
4196	65 
4197	43 
4198	81 
4199	99 
4200	90 
4201	6 
4202	89 
4203	65 
4204	99 
4205	27 
4206	67 
4207	10 
4208	56 
4209	89 
4210	39 
4211	48 
4212	70 
4213	56 
4214	54 
4215	78 
4216	16 
4217	86 
4218	56 
4219	74 
4220	79 
4221	72 
4222	90 
4223	63 
4224	54 
4225	57 
4226	13 
4227	75 
4228	13 
4229	2 
4230	73 
4231	46 
4232	50 
4233	42 
4234	87 
4235	52 
4236	29 
4237	91 
4238	91 
4239	66 
4240	51 
4241	33 
4242	24 
4243	59 
4244	6 
4245	14 
4246	91 
4247	26 
4248	10 
4249	93 
4250	18 
4251	55 
4252	80 
4253	53 
4254	13 
4255	99 
4256	51 
4257	44 
4258	45 
4259	10 
4260	9 
4261	94 
4262	28 
4263	60 
4264	21 
4265	44 
4266	90 
4267	47 
4268	63 
4269	10 
4270	68 
4271	71 
4272	97 
4273	2 
4274	35 
4275	21 
4276	90 
4277	74 
4278	34 
4279	95 
4280	72 
4281	73 
4282	1 
4283	74 
4284	16 
4285	56 
4286	90 
4287	61 
4288	91 
4289	42 
4290	60 
4291	56 
4292	99 
4293	87 
4294	5 
4295	31 
4296	70 
4297	66 
4298	5 
4299	86 
4300	60 
4301	6 
4302	50 
4303	4 
4304	75 
4305	21 
4306	50 
4307	78 
4308	101 
4309	101 
4310	18 
4311	17 
4312	66 
4313	85 
4314	82 
4315	75 
4316	93 
4317	88 
4318	31 
4319	10 
4320	35 
4321	95 
4322	97 
4323	34 
4324	11 
4325	78 
4326	22 
4327	85 
4328	91 
4329	53 
4330	29 
4331	88 
4332	37 
4333	77 
4334	97 
4335	21 
4336	73 
4337	1 
4338	27 
4339	75 
4340	35 
4341	21 
4342	44 
4343	37 
4344	57 
4345	89 
4346	58 
4347	38 
4348	4 
4349	55 
4350	70 
4351	75 
4352	9 
4353	45 
4354	8 
4355	88 
4356	73 
4357	79 
4358	90 
4359	61 
4360	45 
4361	42 
4362	15 
4363	46 
4364	77 
4365	50 
4366	95 
4367	41 
4368	4 
4369	30 
4370	87 
4371	34 
4372	78 
4373	53 
4374	44 
4375	88 
4376	29 
4377	67 
4378	101 
4379	34 
4380	81 
4381	10 
4382	75 
4383	87 
4384	79 
4385	49 
4386	82 
4387	57 
4388	5 
4389	60 
4390	39 
4391	76 
4392	61 
4393	2 
4394	34 
4395	87 
4396	28 
4397	40 
4398	96 
4399	100 
4400	29 
4401	88 
4402	49 
4403	20 
4404	75 
4405	37 
4406	2 
4407	54 
4408	60 
4409	58 
4410	39 
4411	10 
4412	47 
4413	57 
4414	86 
4415	46 
4416	10 
4417	12 
4418	7 
4419	18 
4420	89 
4421	75 
4422	11 
4423	22 
4424	14 
4425	31 
4426	90 
4427	31 
4428	41 
4429	63 
4430	79 
4431	44 
4432	80 
4433	58 
4434	76 
4435	39 
4436	13 
4437	58 
4438	96 
4439	40 
4440	88 
4441	72 
4442	56 
4443	21 
4444	86 
4445	9 
4446	41 
4447	3 
4448	49 
4449	15 
4450	21 
4451	67 
4452	95 
4453	58 
4454	76 
4455	73 
4456	32 
4457	57 
4458	60 
4459	84 
4460	29 
4461	48 
4462	19 
4463	41 
4464	43 
4465	80 
4466	61 
4467	79 
4468	38 
4469	75 
4470	70 
4471	95 
4472	63 
4473	73 
4474	61 
4475	73 
4476	100 
4477	7 
4478	34 
4479	22 
4480	61 
4481	24 
4482	55 
4483	25 
4484	50 
4485	2 
4486	70 
4487	73 
4488	41 
4489	7 
4490	21 
4491	43 
4492	21 
4493	90 
4494	81 
4495	2 
4496	36 
4497	65 
4498	76 
4499	63 
4500	29 
4501	3 
4502	4 
4503	19 
4504	22 
4505	91 
4506	2 
4507	96 
4508	86 
4509	77 
4510	10 
4511	32 
4512	7 
4513	36 
4514	79 
4515	44 
4516	8 
4517	21 
4518	90 
4519	58 
4520	16 
4521	54 
4522	61 
4523	35 
4524	17 
4525	40 
4526	22 
4527	60 
4528	72 
4529	15 
4530	90 
4531	1 
4532	34 
4533	85 
4534	88 
4535	47 
4536	45 
4537	74 
4538	91 
4539	75 
4540	46 
4541	4 
4542	61 
4543	88 
4544	58 
4545	50 
4546	58 
4547	19 
4548	82 
4549	60 
4550	89 
4551	96 
4552	48 
4553	50 
4554	69 
4555	14 
4556	54 
4557	46 
4558	41 
4559	90 
4560	10 
4561	56 
4562	39 
4563	43 
4564	36 
4565	67 
4566	73 
4567	43 
4568	35 
4569	12 
4570	83 
4571	81 
4572	98 
4573	16 
4574	63 
4575	74 
4576	87 
4577	42 
4578	73 
4579	101 
4580	60 
4581	21 
4582	21 
4583	62 
4584	93 
4585	76 
4586	99 
4587	56 
4588	45 
4589	60 
4590	82 
4591	43 
4592	68 
4593	41 
4594	9 
4595	34 
4596	9 
4597	20 
4598	78 
4599	66 
4600	91 
4601	81 
4602	75 
4603	87 
4604	83 
4605	82 
4606	69 
4607	7 
4608	96 
4609	88 
4610	62 
4611	4 
4612	39 
4613	66 
4614	29 
4615	22 
4616	42 
4617	88 
4618	44 
4619	50 
4620	87 
4621	72 
4622	82 
4623	70 
4624	35 
4625	18 
4626	93 
4627	41 
4628	2 
4629	29 
4630	33 
4631	79 
4632	59 
4633	4 
4634	101 
4635	63 
4636	81 
4637	54 
4638	9 
4639	61 
4640	4 
4641	66 
4642	43 
4643	21 
4644	44 
4645	69 
4646	29 
4647	91 
4648	47 
4649	41 
4650	88 
4651	62 
4652	54 
4653	6 
4654	41 
4655	91 
4656	13 
4657	97 
4658	42 
4659	6 
4660	70 
4661	99 
4662	60 
4663	41 
4664	29 
4665	46 
4666	3 
4667	11 
4668	20 
4669	43 
4670	39 
4671	60 
4672	86 
4673	85 
4674	39 
4675	22 
4676	58 
4677	6 
4678	54 
4679	99 
4680	100 
4681	58 
4682	57 
4683	68 
4684	68 
4685	85 
4686	43 
4687	44 
4688	51 
4689	66 
4690	73 
4691	78 
4692	29 
4693	29 
4694	86 
4695	7 
4696	59 
4697	7 
4698	58 
4699	34 
4700	29 
4701	39 
4702	91 
4703	16 
4704	17 
4705	60 
4706	95 
4707	35 
4708	96 
4709	48 
4710	31 
4711	53 
4712	88 
4713	70 
4714	18 
4715	89 
4716	65 
4717	2 
4718	31 
4719	72 
4720	59 
4721	42 
4722	68 
4723	65 
4724	46 
4725	65 
4726	11 
4727	98 
4728	13 
4729	3 
4730	10 
4731	1 
4732	99 
4733	38 
4734	29 
4735	5 
4736	19 
4737	20 
4738	50 
4739	100 
4740	2 
4741	86 
4742	49 
4743	87 
4744	99 
4745	43 
4746	47 
4747	42 
4748	88 
4749	42 
4750	34 
4751	48 
4752	99 
4753	60 
4754	88 
4755	20 
4756	19 
4757	20 
4758	65 
4759	18 
4760	38 
4761	7 
4762	9 
4763	87 
4764	54 
4765	3 
4766	66 
4767	76 
4768	41 
4769	56 
4770	50 
4771	3 
4772	5 
4773	88 
4774	13 
4775	2 
4776	45 
4777	22 
4778	74 
4779	10 
4780	46 
4781	39 
4782	68 
4783	7 
4784	15 
4785	70 
4786	100 
4787	34 
4788	21 
4789	20 
4790	14 
4791	50 
4792	5 
4793	81 
4794	37 
4795	90 
4796	76 
4797	18 
4798	41 
4799	53 
4800	55 
4801	86 
4802	75 
4803	7 
4804	41 
4805	57 
4806	42 
4807	41 
4808	93 
4809	2 
4810	95 
4811	21 
4812	4 
4813	46 
4814	43 
4815	57 
4816	89 
4817	46 
4818	57 
4819	70 
4820	57 
4821	42 
4822	58 
4823	43 
4824	21 
4825	29 
4826	86 
4827	86 
4828	74 
4829	39 
4830	11 
4831	29 
4832	48 
4833	60 
4834	58 
4835	2 
4836	10 
4837	73 
4838	93 
4839	88 
4840	16 
4841	15 
4842	43 
4843	21 
4844	3 
4845	37 
4846	88 
4847	100 
4848	9 
4849	1 
4850	4 
4851	87 
4852	73 
4853	41 
4854	11 
4855	50 
4856	53 
4857	88 
4858	90 
4859	29 
4860	2 
4861	68 
4862	41 
4863	50 
4864	88 
4865	57 
4866	53 
4867	37 
4868	11 
4869	75 
4870	74 
4871	2 
4872	53 
4873	7 
4874	43 
4875	18 
4876	60 
4877	5 
4878	53 
4879	73 
4880	86 
4881	49 
4882	2 
4883	10 
4884	7 
4885	50 
4886	50 
4887	49 
4888	44 
4889	39 
4890	88 
4891	9 
4892	85 
4893	15 
4894	53 
4895	60 
4896	20 
4897	60 
4898	2 
4899	4 
4900	16 
4901	63 
4902	21 
4903	4 
4904	53 
4905	88 
4906	46 
4907	88 
4908	91 
4909	74 
4910	63 
4911	21 
4912	65 
4913	87 
4914	44 
4915	57 
4916	34 
4917	29 
4918	54 
4919	43 
4920	79 
4921	73 
4922	87 
4923	43 
4924	22 
4925	10 
4926	60 
4927	43 
4928	16 
4929	29 
4930	54 
4931	74 
4932	35 
4933	5 
4934	45 
4935	86 
4936	21 
4937	21 
4938	39 
4939	2 
4940	90 
4941	57 
4942	53 
4943	70 
4944	35 
4945	54 
4946	35 
4947	50 
4948	53 
4949	50 
4950	44 
4951	2 
4952	54 
4953	70 
4954	46 
4955	46 
4956	4 
4957	11 
4958	34 
4959	22 
4960	74 
4961	73 
4962	60 
4963	10 
4964	53 
4965	41 
4966	10 
4967	88 
4968	41 
4969	29 
4970	86 
4971	29 
4972	11 
4973	58 
4974	29 
4975	29 
4976	10 
4977	91 
4978	46 
4979	65 
4980	10 
4981	53 
4982	10 
4983	60 
4984	43 
4985	88 
4986	22 
4987	58 
4988	73 
4989	74 
4990	86 
4991	88 
4992	91 
4993	50 
4994	29 
4995	46 
4996	7 
4997	54 
4998	90 
4999	90 
5000	74 
