1	3 
2	11 
3	19 
4	11 
5	21 
6	29 
7	1 
8	29 
9	9 
10	3 
11	8 
12	6 
13	23 
14	13 
15	17 
16	4 
17	30 
18	17 
19	21 
20	25 
21	29 
22	24 
23	6 
24	28 
25	27 
26	6 
27	30 
28	9 
29	26 
30	31 
31	6 
32	5 
33	4 
34	22 
35	31 
36	1 
37	12 
38	7 
39	23 
40	3 
41	21 
42	12 
43	24 
44	6 
45	14 
46	8 
47	19 
48	28 
49	5 
50	28 
51	15 
52	11 
53	8 
54	7 
55	28 
56	10 
57	30 
58	1 
59	20 
60	4 
61	14 
62	29 
63	12 
64	1 
65	5 
66	6 
67	23 
68	13 
69	1 
70	11 
71	25 
72	22 
73	23 
74	22 
75	30 
76	27 
77	11 
78	17 
79	9 
80	14 
81	5 
82	24 
83	24 
84	29 
85	26 
86	28 
87	25 
88	18 
89	12 
90	19 
91	2 
92	19 
93	20 
94	3 
95	1 
96	15 
97	14 
98	8 
99	2 
100	29 
101	31 
102	24 
103	9 
104	31 
105	13 
106	14 
107	25 
108	7 
109	20 
110	4 
111	14 
112	22 
113	3 
114	6 
115	2 
116	17 
117	28 
118	28 
119	25 
120	30 
121	4 
122	29 
123	8 
124	27 
125	21 
126	17 
127	2 
128	1 
129	9 
130	25 
131	2 
132	9 
133	4 
134	1 
135	5 
136	4 
137	12 
138	1 
139	6 
140	27 
141	20 
142	24 
143	1 
144	23 
145	15 
146	30 
147	24 
148	26 
149	8 
150	13 
151	27 
152	24 
153	6 
154	13 
155	17 
156	25 
157	2 
158	9 
159	6 
160	3 
161	19 
162	24 
163	12 
164	17 
165	7 
166	16 
167	21 
168	19 
169	30 
170	4 
171	16 
172	18 
173	29 
174	31 
175	9 
176	13 
177	24 
178	26 
179	17 
180	22 
181	17 
182	15 
183	5 
184	16 
185	9 
186	14 
187	25 
188	15 
189	8 
190	28 
191	13 
192	6 
193	14 
194	9 
195	31 
196	15 
197	29 
198	24 
199	28 
200	17 
201	24 
202	14 
203	20 
204	18 
205	17 
206	8 
207	17 
208	3 
209	19 
210	26 
211	9 
212	17 
213	30 
214	25 
215	9 
216	22 
217	10 
218	28 
219	9 
220	28 
221	24 
222	29 
223	30 
224	21 
225	1 
226	15 
227	17 
228	4 
229	5 
230	9 
231	3 
232	25 
233	8 
234	7 
235	9 
236	4 
237	9 
238	30 
239	18 
240	5 
241	28 
242	19 
243	4 
244	28 
245	4 
246	31 
247	29 
248	14 
249	23 
250	24 
251	30 
252	21 
253	21 
254	17 
255	7 
256	5 
257	26 
258	11 
259	25 
260	20 
261	8 
262	15 
263	30 
264	21 
265	30 
266	14 
267	31 
268	23 
269	30 
270	28 
271	4 
272	10 
273	21 
274	2 
275	15 
276	30 
277	31 
278	19 
279	6 
280	24 
281	29 
282	6 
283	30 
284	31 
285	7 
286	13 
287	12 
288	30 
289	31 
290	7 
291	22 
292	24 
293	5 
294	24 
295	7 
296	31 
297	14 
298	3 
299	12 
300	28 
301	1 
302	13 
303	14 
304	11 
305	24 
306	21 
307	1 
308	29 
309	15 
310	19 
311	20 
312	22 
313	24 
314	21 
315	9 
316	7 
317	5 
318	5 
319	18 
320	19 
321	29 
322	5 
323	5 
324	18 
325	15 
326	29 
327	16 
328	17 
329	5 
330	19 
331	11 
332	22 
333	19 
334	26 
335	28 
336	20 
337	3 
338	15 
339	1 
340	28 
341	6 
342	23 
343	27 
344	25 
345	8 
346	8 
347	7 
348	25 
349	20 
350	24 
351	29 
352	18 
353	7 
354	13 
355	31 
356	19 
357	20 
358	4 
359	22 
360	7 
361	17 
362	17 
363	5 
364	26 
365	25 
366	4 
367	9 
368	6 
369	5 
370	31 
371	7 
372	5 
373	30 
374	20 
375	23 
376	24 
377	11 
378	18 
379	29 
380	25 
381	5 
382	28 
383	14 
384	2 
385	24 
386	3 
387	30 
388	16 
389	2 
390	12 
391	28 
392	22 
393	13 
394	30 
395	20 
396	8 
397	6 
398	19 
399	12 
400	28 
401	31 
402	18 
403	7 
404	17 
405	4 
406	19 
407	25 
408	28 
409	16 
410	14 
411	3 
412	3 
413	24 
414	14 
415	8 
416	24 
417	21 
418	9 
419	30 
420	29 
421	9 
422	30 
423	9 
424	27 
425	14 
426	12 
427	25 
428	24 
429	30 
430	17 
431	3 
432	2 
433	25 
434	15 
435	24 
436	15 
437	27 
438	9 
439	30 
440	18 
441	18 
442	21 
443	6 
444	19 
445	31 
446	20 
447	8 
448	18 
449	7 
450	6 
451	27 
452	26 
453	17 
454	20 
455	27 
456	8 
457	15 
458	22 
459	13 
460	1 
461	7 
462	31 
463	13 
464	7 
465	30 
466	18 
467	9 
468	7 
469	14 
470	6 
471	26 
472	11 
473	6 
474	18 
475	3 
476	3 
477	11 
478	2 
479	29 
480	7 
481	15 
482	19 
483	23 
484	17 
485	9 
486	5 
487	2 
488	24 
489	24 
490	8 
491	5 
492	29 
493	17 
494	28 
495	19 
496	1 
497	30 
498	16 
499	29 
500	9 
501	25 
502	27 
503	13 
504	25 
505	14 
506	22 
507	30 
508	31 
509	7 
510	13 
511	6 
512	29 
513	31 
514	17 
515	23 
516	18 
517	27 
518	26 
519	27 
520	28 
521	25 
522	10 
523	18 
524	20 
525	19 
526	15 
527	25 
528	9 
529	9 
530	3 
531	13 
532	11 
533	7 
534	6 
535	8 
536	10 
537	1 
538	5 
539	7 
540	28 
541	31 
542	29 
543	9 
544	29 
545	27 
546	28 
547	15 
548	6 
549	28 
550	18 
551	3 
552	27 
553	30 
554	26 
555	11 
556	8 
557	26 
558	17 
559	7 
560	3 
561	4 
562	6 
563	6 
564	25 
565	15 
566	19 
567	29 
568	8 
569	18 
570	25 
571	26 
572	25 
573	16 
574	26 
575	24 
576	17 
577	5 
578	4 
579	4 
580	9 
581	17 
582	16 
583	17 
584	2 
585	7 
586	22 
587	30 
588	7 
589	28 
590	5 
591	22 
592	10 
593	10 
594	8 
595	23 
596	26 
597	19 
598	16 
599	3 
600	25 
601	24 
602	17 
603	4 
604	1 
605	6 
606	25 
607	31 
608	6 
609	8 
610	24 
611	16 
612	28 
613	10 
614	21 
615	1 
616	18 
617	11 
618	18 
619	2 
620	23 
621	30 
622	3 
623	19 
624	30 
625	31 
626	17 
627	12 
628	21 
629	25 
630	30 
631	17 
632	24 
633	17 
634	10 
635	6 
636	13 
637	30 
638	9 
639	26 
640	5 
641	1 
642	23 
643	2 
644	10 
645	29 
646	19 
647	8 
648	27 
649	10 
650	27 
651	10 
652	9 
653	23 
654	21 
655	25 
656	1 
657	24 
658	16 
659	17 
660	3 
661	10 
662	10 
663	2 
664	15 
665	15 
666	25 
667	25 
668	23 
669	21 
670	18 
671	10 
672	12 
673	19 
674	2 
675	4 
676	2 
677	15 
678	13 
679	8 
680	18 
681	24 
682	17 
683	3 
684	7 
685	12 
686	18 
687	10 
688	2 
689	9 
690	17 
691	23 
692	21 
693	28 
694	3 
695	10 
696	13 
697	31 
698	28 
699	31 
700	31 
701	24 
702	31 
703	15 
704	29 
705	21 
706	15 
707	25 
708	3 
709	31 
710	8 
711	5 
712	4 
713	4 
714	2 
715	2 
716	1 
717	23 
718	18 
719	21 
720	27 
721	17 
722	15 
723	14 
724	31 
725	14 
726	27 
727	24 
728	22 
729	2 
730	21 
731	31 
732	21 
733	30 
734	12 
735	29 
736	20 
737	8 
738	3 
739	30 
740	13 
741	23 
742	9 
743	25 
744	27 
745	2 
746	9 
747	6 
748	14 
749	10 
750	18 
751	8 
752	10 
753	18 
754	27 
755	3 
756	29 
757	11 
758	6 
759	9 
760	2 
761	15 
762	11 
763	24 
764	13 
765	3 
766	19 
767	28 
768	17 
769	26 
770	2 
771	18 
772	30 
773	19 
774	24 
775	24 
776	22 
777	31 
778	10 
779	29 
780	6 
781	18 
782	17 
783	16 
784	15 
785	2 
786	22 
787	1 
788	19 
789	6 
790	14 
791	15 
792	31 
793	27 
794	15 
795	17 
796	10 
797	30 
798	3 
799	28 
800	30 
801	24 
802	8 
803	14 
804	21 
805	21 
806	9 
807	7 
808	30 
809	4 
810	9 
811	11 
812	27 
813	18 
814	14 
815	7 
816	8 
817	4 
818	15 
819	1 
820	7 
821	10 
822	26 
823	19 
824	27 
825	3 
826	1 
827	6 
828	30 
829	17 
830	10 
831	3 
832	4 
833	8 
834	29 
835	23 
836	31 
837	14 
838	18 
839	20 
840	8 
841	3 
842	5 
843	4 
844	23 
845	12 
846	7 
847	29 
848	5 
849	6 
850	19 
851	27 
852	21 
853	19 
854	15 
855	7 
856	18 
857	29 
858	15 
859	20 
860	25 
861	20 
862	5 
863	16 
864	28 
865	13 
866	1 
867	28 
868	4 
869	13 
870	7 
871	21 
872	5 
873	25 
874	2 
875	8 
876	20 
877	17 
878	7 
879	2 
880	23 
881	17 
882	8 
883	18 
884	20 
885	20 
886	2 
887	9 
888	1 
889	26 
890	17 
891	18 
892	16 
893	4 
894	28 
895	15 
896	28 
897	4 
898	26 
899	21 
900	19 
901	20 
902	21 
903	19 
904	18 
905	5 
906	29 
907	16 
908	25 
909	25 
910	11 
911	30 
912	9 
913	29 
914	29 
915	11 
916	8 
917	28 
918	13 
919	12 
920	29 
921	7 
922	21 
923	20 
924	18 
925	9 
926	13 
927	4 
928	5 
929	6 
930	12 
931	20 
932	24 
933	25 
934	29 
935	3 
936	31 
937	11 
938	19 
939	4 
940	11 
941	18 
942	29 
943	13 
944	19 
945	15 
946	6 
947	28 
948	24 
949	18 
950	3 
951	14 
952	10 
953	26 
954	20 
955	24 
956	17 
957	8 
958	17 
959	29 
960	28 
961	31 
962	11 
963	30 
964	20 
965	14 
966	21 
967	8 
968	2 
969	14 
970	29 
971	7 
972	31 
973	24 
974	4 
975	25 
976	11 
977	19 
978	8 
979	15 
980	29 
981	19 
982	21 
983	17 
984	20 
985	18 
986	25 
987	27 
988	2 
989	10 
990	19 
991	30 
992	4 
993	4 
994	1 
995	31 
996	3 
997	20 
998	1 
999	12 
1000	8 
1001	29 
1002	29 
1003	19 
1004	30 
1005	14 
1006	30 
1007	4 
1008	14 
1009	27 
1010	3 
1011	14 
1012	1 
1013	19 
1014	30 
1015	31 
1016	9 
1017	21 
1018	16 
1019	27 
1020	25 
1021	14 
1022	27 
1023	28 
1024	5 
1025	31 
1026	29 
1027	28 
1028	28 
1029	3 
1030	25 
1031	16 
1032	4 
1033	6 
1034	3 
1035	9 
1036	23 
1037	28 
1038	21 
1039	25 
1040	29 
1041	29 
1042	13 
1043	23 
1044	23 
1045	23 
1046	31 
1047	22 
1048	25 
1049	28 
1050	18 
1051	16 
1052	8 
1053	22 
1054	22 
1055	24 
1056	24 
1057	14 
1058	13 
1059	9 
1060	8 
1061	28 
1062	26 
1063	20 
1064	12 
1065	20 
1066	12 
1067	3 
1068	5 
1069	29 
1070	20 
1071	29 
1072	26 
1073	25 
1074	18 
1075	9 
1076	14 
1077	17 
1078	28 
1079	2 
1080	7 
1081	13 
1082	11 
1083	10 
1084	11 
1085	8 
1086	28 
1087	9 
1088	26 
1089	16 
1090	29 
1091	31 
1092	14 
1093	29 
1094	15 
1095	31 
1096	24 
1097	8 
1098	31 
1099	18 
1100	2 
1101	30 
1102	15 
1103	4 
1104	8 
1105	14 
1106	9 
1107	1 
1108	3 
1109	24 
1110	15 
1111	26 
1112	2 
1113	14 
1114	3 
1115	17 
1116	12 
1117	30 
1118	18 
1119	17 
1120	17 
1121	15 
1122	4 
1123	16 
1124	21 
1125	24 
1126	24 
1127	7 
1128	29 
1129	11 
1130	24 
1131	23 
1132	29 
1133	12 
1134	2 
1135	2 
1136	25 
1137	18 
1138	28 
1139	8 
1140	9 
1141	8 
1142	6 
1143	20 
1144	24 
1145	23 
1146	30 
1147	9 
1148	15 
1149	5 
1150	22 
1151	7 
1152	15 
1153	16 
1154	24 
1155	30 
1156	15 
1157	20 
1158	12 
1159	19 
1160	15 
1161	28 
1162	8 
1163	4 
1164	14 
1165	12 
1166	4 
1167	24 
1168	30 
1169	28 
1170	29 
1171	12 
1172	19 
1173	8 
1174	24 
1175	31 
1176	7 
1177	25 
1178	6 
1179	9 
1180	28 
1181	15 
1182	28 
1183	28 
1184	9 
1185	8 
1186	8 
1187	21 
1188	2 
1189	1 
1190	22 
1191	4 
1192	22 
1193	21 
1194	11 
1195	23 
1196	1 
1197	8 
1198	22 
1199	27 
1200	1 
1201	8 
1202	19 
1203	9 
1204	11 
1205	28 
1206	14 
1207	14 
1208	28 
1209	20 
1210	9 
1211	16 
1212	9 
1213	28 
1214	8 
1215	25 
1216	14 
1217	28 
1218	9 
1219	25 
1220	11 
1221	31 
1222	15 
1223	8 
1224	13 
1225	9 
1226	30 
1227	30 
1228	9 
1229	27 
1230	8 
1231	11 
1232	15 
1233	24 
1234	15 
1235	16 
1236	1 
1237	1 
1238	11 
1239	7 
1240	30 
1241	25 
1242	23 
1243	13 
1244	26 
1245	15 
1246	30 
1247	28 
1248	18 
1249	21 
1250	9 
1251	2 
1252	27 
1253	12 
1254	31 
1255	26 
1256	25 
1257	17 
1258	22 
1259	13 
1260	15 
1261	15 
1262	8 
1263	5 
1264	21 
1265	6 
1266	5 
1267	6 
1268	5 
1269	5 
1270	22 
1271	15 
1272	14 
1273	31 
1274	18 
1275	4 
1276	31 
1277	17 
1278	18 
1279	10 
1280	3 
1281	30 
1282	28 
1283	5 
1284	26 
1285	25 
1286	12 
1287	4 
1288	15 
1289	15 
1290	22 
1291	7 
1292	18 
1293	30 
1294	23 
1295	28 
1296	3 
1297	27 
1298	4 
1299	9 
1300	4 
1301	22 
1302	10 
1303	8 
1304	13 
1305	12 
1306	11 
1307	27 
1308	26 
1309	19 
1310	7 
1311	25 
1312	3 
1313	10 
1314	9 
1315	30 
1316	3 
1317	10 
1318	19 
1319	15 
1320	18 
1321	29 
1322	26 
1323	28 
1324	27 
1325	3 
1326	3 
1327	30 
1328	23 
1329	15 
1330	12 
1331	28 
1332	5 
1333	30 
1334	8 
1335	17 
1336	10 
1337	16 
1338	20 
1339	31 
1340	29 
1341	2 
1342	24 
1343	7 
1344	13 
1345	28 
1346	2 
1347	31 
1348	18 
1349	13 
1350	1 
1351	11 
1352	15 
1353	26 
1354	13 
1355	12 
1356	21 
1357	10 
1358	31 
1359	23 
1360	8 
1361	31 
1362	7 
1363	10 
1364	25 
1365	23 
1366	28 
1367	25 
1368	4 
1369	28 
1370	19 
1371	4 
1372	16 
1373	1 
1374	22 
1375	4 
1376	19 
1377	15 
1378	13 
1379	13 
1380	7 
1381	28 
1382	25 
1383	31 
1384	9 
1385	30 
1386	10 
1387	20 
1388	7 
1389	23 
1390	20 
1391	29 
1392	8 
1393	16 
1394	20 
1395	23 
1396	3 
1397	25 
1398	5 
1399	27 
1400	19 
1401	3 
1402	8 
1403	12 
1404	8 
1405	12 
1406	5 
1407	15 
1408	22 
1409	8 
1410	5 
1411	2 
1412	14 
1413	9 
1414	30 
1415	15 
1416	18 
1417	20 
1418	1 
1419	18 
1420	8 
1421	14 
1422	2 
1423	14 
1424	14 
1425	24 
1426	29 
1427	21 
1428	17 
1429	7 
1430	8 
1431	28 
1432	14 
1433	20 
1434	31 
1435	3 
1436	14 
1437	6 
1438	15 
1439	6 
1440	9 
1441	15 
1442	4 
1443	16 
1444	5 
1445	3 
1446	23 
1447	8 
1448	16 
1449	2 
1450	19 
1451	23 
1452	14 
1453	4 
1454	10 
1455	13 
1456	6 
1457	7 
1458	11 
1459	30 
1460	20 
1461	12 
1462	2 
1463	6 
1464	6 
1465	19 
1466	23 
1467	5 
1468	21 
1469	8 
1470	29 
1471	28 
1472	16 
1473	3 
1474	4 
1475	21 
1476	29 
1477	29 
1478	25 
1479	17 
1480	2 
1481	10 
1482	17 
1483	17 
1484	9 
1485	19 
1486	29 
1487	19 
1488	14 
1489	24 
1490	22 
1491	29 
1492	28 
1493	6 
1494	25 
1495	3 
1496	5 
1497	17 
1498	2 
1499	30 
1500	1 
1501	14 
1502	24 
1503	4 
1504	29 
1505	20 
1506	4 
1507	6 
1508	23 
1509	8 
1510	7 
1511	28 
1512	3 
1513	13 
1514	22 
1515	27 
1516	20 
1517	2 
1518	21 
1519	25 
1520	4 
1521	31 
1522	6 
1523	19 
1524	10 
1525	19 
1526	12 
1527	12 
1528	14 
1529	5 
1530	19 
1531	22 
1532	20 
1533	25 
1534	13 
1535	16 
1536	4 
1537	23 
1538	19 
1539	29 
1540	4 
1541	22 
1542	25 
1543	20 
1544	11 
1545	19 
1546	7 
1547	10 
1548	28 
1549	24 
1550	18 
1551	15 
1552	18 
1553	1 
1554	28 
1555	11 
1556	3 
1557	17 
1558	29 
1559	22 
1560	31 
1561	10 
1562	3 
1563	3 
1564	5 
1565	21 
1566	3 
1567	9 
1568	21 
1569	25 
1570	19 
1571	14 
1572	1 
1573	8 
1574	4 
1575	15 
1576	7 
1577	20 
1578	11 
1579	19 
1580	17 
1581	4 
1582	12 
1583	20 
1584	12 
1585	3 
1586	7 
1587	29 
1588	31 
1589	2 
1590	25 
1591	8 
1592	22 
1593	17 
1594	30 
1595	30 
1596	19 
1597	14 
1598	24 
1599	25 
1600	2 
1601	17 
1602	20 
1603	20 
1604	15 
1605	28 
1606	30 
1607	25 
1608	16 
1609	30 
1610	7 
1611	16 
1612	30 
1613	24 
1614	5 
1615	29 
1616	4 
1617	27 
1618	16 
1619	16 
1620	3 
1621	31 
1622	17 
1623	20 
1624	4 
1625	23 
1626	5 
1627	13 
1628	15 
1629	3 
1630	28 
1631	29 
1632	7 
1633	24 
1634	22 
1635	2 
1636	26 
1637	21 
1638	26 
1639	23 
1640	17 
1641	29 
1642	5 
1643	27 
1644	22 
1645	26 
1646	6 
1647	25 
1648	5 
1649	16 
1650	2 
1651	17 
1652	4 
1653	19 
1654	14 
1655	16 
1656	21 
1657	26 
1658	20 
1659	31 
1660	5 
1661	13 
1662	19 
1663	10 
1664	2 
1665	26 
1666	6 
1667	24 
1668	21 
1669	13 
1670	2 
1671	28 
1672	19 
1673	27 
1674	19 
1675	19 
1676	23 
1677	6 
1678	27 
1679	14 
1680	10 
1681	19 
1682	6 
1683	2 
1684	17 
1685	20 
1686	29 
1687	17 
1688	25 
1689	27 
1690	26 
1691	25 
1692	15 
1693	21 
1694	3 
1695	11 
1696	31 
1697	10 
1698	2 
1699	8 
1700	27 
1701	29 
1702	2 
1703	16 
1704	5 
1705	20 
1706	6 
1707	3 
1708	22 
1709	2 
1710	17 
1711	25 
1712	13 
1713	2 
1714	19 
1715	11 
1716	31 
1717	1 
1718	12 
1719	21 
1720	16 
1721	13 
1722	30 
1723	19 
1724	15 
1725	25 
1726	8 
1727	6 
1728	9 
1729	27 
1730	28 
1731	13 
1732	9 
1733	3 
1734	16 
1735	4 
1736	16 
1737	10 
1738	24 
1739	1 
1740	9 
1741	22 
1742	25 
1743	18 
1744	31 
1745	29 
1746	13 
1747	13 
1748	21 
1749	24 
1750	5 
1751	3 
1752	5 
1753	10 
1754	5 
1755	11 
1756	9 
1757	15 
1758	15 
1759	17 
1760	15 
1761	21 
1762	3 
1763	15 
1764	4 
1765	7 
1766	26 
1767	8 
1768	7 
1769	18 
1770	9 
1771	29 
1772	16 
1773	28 
1774	13 
1775	6 
1776	28 
1777	9 
1778	30 
1779	27 
1780	3 
1781	7 
1782	31 
1783	7 
1784	14 
1785	11 
1786	2 
1787	18 
1788	1 
1789	17 
1790	2 
1791	28 
1792	12 
1793	15 
1794	10 
1795	16 
1796	21 
1797	1 
1798	21 
1799	2 
1800	8 
1801	19 
1802	13 
1803	4 
1804	21 
1805	27 
1806	25 
1807	5 
1808	17 
1809	8 
1810	14 
1811	11 
1812	24 
1813	11 
1814	3 
1815	21 
1816	29 
1817	26 
1818	24 
1819	14 
1820	5 
1821	6 
1822	6 
1823	29 
1824	9 
1825	1 
1826	24 
1827	29 
1828	12 
1829	30 
1830	4 
1831	27 
1832	4 
1833	4 
1834	3 
1835	31 
1836	7 
1837	24 
1838	26 
1839	4 
1840	11 
1841	24 
1842	18 
1843	9 
1844	4 
1845	10 
1846	5 
1847	13 
1848	30 
1849	28 
1850	11 
1851	14 
1852	28 
1853	23 
1854	23 
1855	26 
1856	20 
1857	28 
1858	17 
1859	3 
1860	19 
1861	24 
1862	11 
1863	3 
1864	9 
1865	3 
1866	1 
1867	3 
1868	11 
1869	6 
1870	12 
1871	12 
1872	1 
1873	15 
1874	18 
1875	23 
1876	3 
1877	4 
1878	7 
1879	14 
1880	13 
1881	3 
1882	21 
1883	5 
1884	20 
1885	23 
1886	18 
1887	21 
1888	28 
1889	31 
1890	8 
1891	2 
1892	1 
1893	1 
1894	5 
1895	19 
1896	17 
1897	1 
1898	15 
1899	7 
1900	29 
1901	1 
1902	14 
1903	26 
1904	28 
1905	18 
1906	3 
1907	21 
1908	7 
1909	29 
1910	14 
1911	1 
1912	20 
1913	17 
1914	4 
1915	29 
1916	5 
1917	19 
1918	1 
1919	1 
1920	25 
1921	28 
1922	6 
1923	30 
1924	11 
1925	13 
1926	19 
1927	24 
1928	2 
1929	5 
1930	29 
1931	22 
1932	2 
1933	18 
1934	21 
1935	28 
1936	4 
1937	6 
1938	18 
1939	1 
1940	10 
1941	22 
1942	31 
1943	7 
1944	4 
1945	2 
1946	30 
1947	2 
1948	31 
1949	17 
1950	11 
1951	12 
1952	29 
1953	1 
1954	19 
1955	11 
1956	21 
1957	30 
1958	26 
1959	25 
1960	26 
1961	30 
1962	31 
1963	4 
1964	19 
1965	17 
1966	2 
1967	8 
1968	16 
1969	2 
1970	20 
1971	27 
1972	26 
1973	1 
1974	1 
1975	12 
1976	30 
1977	24 
1978	16 
1979	6 
1980	27 
1981	27 
1982	16 
1983	30 
1984	28 
1985	24 
1986	9 
1987	14 
1988	13 
1989	7 
1990	10 
1991	27 
1992	4 
1993	6 
1994	13 
1995	25 
1996	6 
1997	21 
1998	6 
1999	1 
2000	21 
2001	13 
2002	30 
2003	28 
2004	31 
2005	27 
2006	31 
2007	30 
2008	3 
2009	22 
2010	7 
2011	14 
2012	25 
2013	29 
2014	30 
2015	1 
2016	4 
2017	8 
2018	25 
2019	1 
2020	19 
2021	30 
2022	15 
2023	24 
2024	5 
2025	31 
2026	6 
2027	8 
2028	30 
2029	31 
2030	24 
2031	19 
2032	16 
2033	28 
2034	3 
2035	9 
2036	23 
2037	30 
2038	29 
2039	28 
2040	29 
2041	1 
2042	10 
2043	17 
2044	10 
2045	14 
2046	13 
2047	27 
2048	14 
2049	7 
2050	19 
2051	11 
2052	3 
2053	25 
2054	19 
2055	31 
2056	1 
2057	16 
2058	25 
2059	21 
2060	9 
2061	13 
2062	11 
2063	2 
2064	18 
2065	30 
2066	18 
2067	15 
2068	3 
2069	21 
2070	6 
2071	15 
2072	4 
2073	14 
2074	25 
2075	31 
2076	31 
2077	3 
2078	21 
2079	14 
2080	26 
2081	15 
2082	8 
2083	21 
2084	15 
2085	20 
2086	23 
2087	25 
2088	9 
2089	9 
2090	21 
2091	21 
2092	28 
2093	31 
2094	30 
2095	5 
2096	17 
2097	29 
2098	25 
2099	14 
2100	12 
2101	26 
2102	17 
2103	15 
2104	30 
2105	14 
2106	6 
2107	13 
2108	3 
2109	11 
2110	26 
2111	30 
2112	12 
2113	29 
2114	11 
2115	24 
2116	23 
2117	8 
2118	25 
2119	17 
2120	28 
2121	3 
2122	14 
2123	13 
2124	4 
2125	12 
2126	17 
2127	31 
2128	26 
2129	13 
2130	31 
2131	15 
2132	16 
2133	14 
2134	31 
2135	28 
2136	18 
2137	11 
2138	25 
2139	30 
2140	17 
2141	5 
2142	11 
2143	13 
2144	4 
2145	9 
2146	31 
2147	25 
2148	21 
2149	1 
2150	2 
2151	16 
2152	15 
2153	13 
2154	8 
2155	3 
2156	20 
2157	18 
2158	10 
2159	24 
2160	6 
2161	30 
2162	29 
2163	3 
2164	13 
2165	8 
2166	1 
2167	20 
2168	20 
2169	1 
2170	29 
2171	31 
2172	27 
2173	20 
2174	9 
2175	5 
2176	18 
2177	29 
2178	30 
2179	12 
2180	27 
2181	29 
2182	28 
2183	19 
2184	30 
2185	7 
2186	19 
2187	15 
2188	17 
2189	5 
2190	28 
2191	1 
2192	21 
2193	11 
2194	20 
2195	26 
2196	2 
2197	13 
2198	6 
2199	9 
2200	7 
2201	24 
2202	27 
2203	28 
2204	4 
2205	19 
2206	13 
2207	30 
2208	5 
2209	3 
2210	30 
2211	5 
2212	15 
2213	14 
2214	28 
2215	17 
2216	30 
2217	8 
2218	23 
2219	23 
2220	11 
2221	14 
2222	17 
2223	3 
2224	5 
2225	27 
2226	19 
2227	4 
2228	17 
2229	21 
2230	18 
2231	31 
2232	28 
2233	15 
2234	4 
2235	11 
2236	15 
2237	9 
2238	8 
2239	2 
2240	19 
2241	28 
2242	10 
2243	1 
2244	20 
2245	30 
2246	22 
2247	13 
2248	4 
2249	13 
2250	14 
2251	7 
2252	6 
2253	10 
2254	24 
2255	29 
2256	5 
2257	17 
2258	25 
2259	8 
2260	29 
2261	3 
2262	28 
2263	26 
2264	4 
2265	23 
2266	3 
2267	28 
2268	3 
2269	13 
2270	25 
2271	24 
2272	12 
2273	5 
2274	24 
2275	8 
2276	11 
2277	5 
2278	29 
2279	20 
2280	2 
2281	10 
2282	7 
2283	18 
2284	28 
2285	3 
2286	4 
2287	13 
2288	30 
2289	15 
2290	22 
2291	21 
2292	4 
2293	15 
2294	21 
2295	23 
2296	3 
2297	29 
2298	29 
2299	21 
2300	14 
2301	2 
2302	24 
2303	17 
2304	2 
2305	7 
2306	28 
2307	4 
2308	12 
2309	19 
2310	28 
2311	28 
2312	7 
2313	1 
2314	30 
2315	2 
2316	18 
2317	25 
2318	25 
2319	5 
2320	29 
2321	25 
2322	14 
2323	29 
2324	5 
2325	14 
2326	24 
2327	15 
2328	23 
2329	29 
2330	6 
2331	18 
2332	4 
2333	14 
2334	27 
2335	4 
2336	26 
2337	31 
2338	27 
2339	7 
2340	18 
2341	7 
2342	20 
2343	16 
2344	16 
2345	26 
2346	28 
2347	18 
2348	27 
2349	29 
2350	25 
2351	4 
2352	7 
2353	1 
2354	21 
2355	1 
2356	20 
2357	10 
2358	3 
2359	29 
2360	8 
2361	4 
2362	7 
2363	29 
2364	31 
2365	29 
2366	12 
2367	8 
2368	16 
2369	20 
2370	29 
2371	24 
2372	8 
2373	4 
2374	18 
2375	22 
2376	30 
2377	5 
2378	25 
2379	16 
2380	22 
2381	6 
2382	29 
2383	30 
2384	30 
2385	5 
2386	1 
2387	2 
2388	6 
2389	21 
2390	29 
2391	23 
2392	1 
2393	4 
2394	1 
2395	8 
2396	10 
2397	10 
2398	8 
2399	8 
2400	7 
2401	30 
2402	15 
2403	12 
2404	7 
2405	16 
2406	29 
2407	5 
2408	29 
2409	26 
2410	20 
2411	5 
2412	15 
2413	17 
2414	26 
2415	11 
2416	16 
2417	19 
2418	30 
2419	3 
2420	28 
2421	30 
2422	15 
2423	24 
2424	30 
2425	13 
2426	29 
2427	12 
2428	9 
2429	14 
2430	10 
2431	23 
2432	7 
2433	26 
2434	29 
2435	1 
2436	9 
2437	3 
2438	11 
2439	15 
2440	10 
2441	13 
2442	6 
2443	29 
2444	28 
2445	17 
2446	13 
2447	14 
2448	7 
2449	23 
2450	19 
2451	31 
2452	24 
2453	28 
2454	25 
2455	26 
2456	1 
2457	4 
2458	14 
2459	29 
2460	13 
2461	31 
2462	7 
2463	8 
2464	3 
2465	29 
2466	2 
2467	25 
2468	25 
2469	12 
2470	2 
2471	19 
2472	10 
2473	8 
2474	3 
2475	16 
2476	1 
2477	22 
2478	30 
2479	31 
2480	29 
2481	10 
2482	22 
2483	21 
2484	26 
2485	23 
2486	6 
2487	26 
2488	7 
2489	16 
2490	18 
2491	17 
2492	26 
2493	31 
2494	21 
2495	31 
2496	9 
2497	29 
2498	10 
2499	24 
2500	15 
2501	28 
2502	8 
2503	28 
2504	22 
2505	31 
2506	2 
2507	21 
2508	29 
2509	3 
2510	9 
2511	2 
2512	29 
2513	31 
2514	24 
2515	20 
2516	5 
2517	19 
2518	19 
2519	18 
2520	27 
2521	25 
2522	4 
2523	31 
2524	25 
2525	20 
2526	3 
2527	13 
2528	4 
2529	15 
2530	31 
2531	26 
2532	26 
2533	27 
2534	31 
2535	29 
2536	30 
2537	29 
2538	20 
2539	29 
2540	28 
2541	27 
2542	23 
2543	2 
2544	6 
2545	3 
2546	6 
2547	12 
2548	4 
2549	12 
2550	19 
2551	1 
2552	17 
2553	29 
2554	1 
2555	20 
2556	18 
2557	29 
2558	17 
2559	20 
2560	4 
2561	20 
2562	12 
2563	9 
2564	17 
2565	8 
2566	27 
2567	3 
2568	4 
2569	19 
2570	22 
2571	25 
2572	2 
2573	16 
2574	29 
2575	17 
2576	11 
2577	18 
2578	8 
2579	23 
2580	3 
2581	29 
2582	2 
2583	30 
2584	29 
2585	31 
2586	19 
2587	2 
2588	31 
2589	24 
2590	21 
2591	12 
2592	14 
2593	8 
2594	11 
2595	10 
2596	13 
2597	22 
2598	3 
2599	3 
2600	7 
2601	15 
2602	18 
2603	16 
2604	11 
2605	14 
2606	8 
2607	17 
2608	22 
2609	10 
2610	23 
2611	12 
2612	4 
2613	16 
2614	9 
2615	7 
2616	5 
2617	28 
2618	17 
2619	16 
2620	4 
2621	8 
2622	15 
2623	6 
2624	6 
2625	3 
2626	13 
2627	14 
2628	3 
2629	13 
2630	31 
2631	15 
2632	1 
2633	7 
2634	8 
2635	15 
2636	9 
2637	22 
2638	19 
2639	4 
2640	11 
2641	14 
2642	6 
2643	2 
2644	10 
2645	3 
2646	30 
2647	25 
2648	12 
2649	16 
2650	3 
2651	13 
2652	12 
2653	3 
2654	19 
2655	26 
2656	13 
2657	28 
2658	24 
2659	31 
2660	24 
2661	31 
2662	20 
2663	14 
2664	15 
2665	23 
2666	28 
2667	11 
2668	22 
2669	18 
2670	25 
2671	18 
2672	29 
2673	23 
2674	17 
2675	29 
2676	4 
2677	31 
2678	14 
2679	29 
2680	31 
2681	17 
2682	3 
2683	21 
2684	12 
2685	29 
2686	4 
2687	26 
2688	23 
2689	3 
2690	25 
2691	6 
2692	4 
2693	26 
2694	23 
2695	14 
2696	8 
2697	21 
2698	17 
2699	16 
2700	15 
2701	26 
2702	17 
2703	22 
2704	24 
2705	15 
2706	25 
2707	23 
2708	12 
2709	26 
2710	30 
2711	28 
2712	13 
2713	1 
2714	7 
2715	26 
2716	3 
2717	2 
2718	14 
2719	17 
2720	28 
2721	26 
2722	31 
2723	26 
2724	16 
2725	9 
2726	5 
2727	14 
2728	17 
2729	20 
2730	14 
2731	21 
2732	21 
2733	2 
2734	10 
2735	29 
2736	24 
2737	30 
2738	23 
2739	14 
2740	31 
2741	5 
2742	19 
2743	22 
2744	10 
2745	24 
2746	10 
2747	11 
2748	1 
2749	2 
2750	5 
2751	31 
2752	22 
2753	20 
2754	17 
2755	19 
2756	15 
2757	16 
2758	6 
2759	6 
2760	28 
2761	7 
2762	25 
2763	23 
2764	20 
2765	2 
2766	6 
2767	20 
2768	25 
2769	16 
2770	2 
2771	29 
2772	15 
2773	5 
2774	5 
2775	7 
2776	9 
2777	25 
2778	15 
2779	27 
2780	29 
2781	22 
2782	15 
2783	17 
2784	3 
2785	28 
2786	2 
2787	28 
2788	8 
2789	14 
2790	5 
2791	12 
2792	4 
2793	19 
2794	13 
2795	16 
2796	11 
2797	20 
2798	14 
2799	30 
2800	26 
2801	31 
2802	11 
2803	10 
2804	28 
2805	19 
2806	5 
2807	26 
2808	13 
2809	7 
2810	12 
2811	16 
2812	20 
2813	12 
2814	16 
2815	31 
2816	7 
2817	30 
2818	9 
2819	20 
2820	21 
2821	8 
2822	2 
2823	24 
2824	24 
2825	12 
2826	7 
2827	2 
2828	21 
2829	31 
2830	8 
2831	22 
2832	17 
2833	23 
2834	2 
2835	25 
2836	2 
2837	1 
2838	6 
2839	30 
2840	24 
2841	13 
2842	25 
2843	9 
2844	25 
2845	3 
2846	26 
2847	27 
2848	16 
2849	9 
2850	17 
2851	4 
2852	23 
2853	21 
2854	26 
2855	14 
2856	30 
2857	18 
2858	17 
2859	3 
2860	12 
2861	15 
2862	25 
2863	21 
2864	5 
2865	5 
2866	9 
2867	7 
2868	17 
2869	29 
2870	15 
2871	12 
2872	19 
2873	30 
2874	13 
2875	31 
2876	29 
2877	30 
2878	3 
2879	26 
2880	8 
2881	28 
2882	7 
2883	14 
2884	23 
2885	21 
2886	8 
2887	13 
2888	14 
2889	13 
2890	2 
2891	28 
2892	30 
2893	21 
2894	1 
2895	10 
2896	22 
2897	9 
2898	7 
2899	3 
2900	6 
2901	20 
2902	27 
2903	22 
2904	7 
2905	24 
2906	15 
2907	6 
2908	2 
2909	24 
2910	3 
2911	22 
2912	12 
2913	22 
2914	2 
2915	20 
2916	25 
2917	26 
2918	25 
2919	30 
2920	2 
2921	11 
2922	7 
2923	27 
2924	19 
2925	31 
2926	9 
2927	14 
2928	30 
2929	12 
2930	20 
2931	26 
2932	8 
2933	29 
2934	23 
2935	16 
2936	30 
2937	22 
2938	7 
2939	25 
2940	26 
2941	25 
2942	17 
2943	15 
2944	17 
2945	11 
2946	13 
2947	28 
2948	17 
2949	29 
2950	25 
2951	15 
2952	24 
2953	31 
2954	21 
2955	26 
2956	8 
2957	9 
2958	15 
2959	27 
2960	14 
2961	2 
2962	3 
2963	6 
2964	1 
2965	5 
2966	18 
2967	5 
2968	25 
2969	13 
2970	19 
2971	7 
2972	3 
2973	31 
2974	22 
2975	12 
2976	27 
2977	26 
2978	20 
2979	11 
2980	26 
2981	14 
2982	30 
2983	29 
2984	30 
2985	3 
2986	9 
2987	8 
2988	18 
2989	13 
2990	7 
2991	1 
2992	14 
2993	9 
2994	14 
2995	12 
2996	6 
2997	16 
2998	16 
2999	20 
3000	3 
3001	14 
3002	25 
3003	18 
3004	3 
3005	30 
3006	20 
3007	31 
3008	12 
3009	10 
3010	17 
3011	12 
3012	21 
3013	1 
3014	11 
3015	28 
3016	8 
3017	9 
3018	3 
3019	30 
3020	14 
3021	5 
3022	11 
3023	24 
3024	13 
3025	16 
3026	2 
3027	9 
3028	27 
3029	19 
3030	2 
3031	9 
3032	6 
3033	31 
3034	28 
3035	21 
3036	24 
3037	17 
3038	29 
3039	30 
3040	28 
3041	17 
3042	17 
3043	25 
3044	6 
3045	19 
3046	15 
3047	20 
3048	3 
3049	1 
3050	7 
3051	2 
3052	17 
3053	12 
3054	5 
3055	23 
3056	7 
3057	24 
3058	18 
3059	17 
3060	26 
3061	19 
3062	14 
3063	24 
3064	24 
3065	29 
3066	30 
3067	23 
3068	1 
3069	9 
3070	15 
3071	26 
3072	17 
3073	21 
3074	3 
3075	9 
3076	28 
3077	5 
3078	3 
3079	10 
3080	30 
3081	14 
3082	18 
3083	18 
3084	7 
3085	14 
3086	23 
3087	11 
3088	28 
3089	30 
3090	31 
3091	29 
3092	5 
3093	23 
3094	9 
3095	3 
3096	1 
3097	14 
3098	11 
3099	2 
3100	31 
3101	5 
3102	21 
3103	19 
3104	24 
3105	25 
3106	31 
3107	2 
3108	31 
3109	11 
3110	20 
3111	21 
3112	26 
3113	30 
3114	14 
3115	8 
3116	3 
3117	29 
3118	4 
3119	11 
3120	28 
3121	3 
3122	18 
3123	24 
3124	1 
3125	11 
3126	5 
3127	11 
3128	17 
3129	29 
3130	14 
3131	11 
3132	5 
3133	18 
3134	24 
3135	6 
3136	14 
3137	9 
3138	18 
3139	22 
3140	15 
3141	21 
3142	17 
3143	3 
3144	25 
3145	17 
3146	9 
3147	1 
3148	20 
3149	3 
3150	11 
3151	21 
3152	10 
3153	8 
3154	6 
3155	24 
3156	24 
3157	15 
3158	31 
3159	10 
3160	6 
3161	24 
3162	16 
3163	22 
3164	2 
3165	7 
3166	2 
3167	4 
3168	8 
3169	2 
3170	20 
3171	13 
3172	3 
3173	6 
3174	1 
3175	9 
3176	3 
3177	27 
3178	22 
3179	1 
3180	16 
3181	30 
3182	21 
3183	8 
3184	29 
3185	15 
3186	8 
3187	7 
3188	18 
3189	23 
3190	29 
3191	22 
3192	27 
3193	29 
3194	7 
3195	15 
3196	23 
3197	30 
3198	4 
3199	19 
3200	2 
3201	11 
3202	6 
3203	9 
3204	13 
3205	7 
3206	1 
3207	19 
3208	17 
3209	17 
3210	4 
3211	5 
3212	8 
3213	1 
3214	20 
3215	29 
3216	16 
3217	6 
3218	7 
3219	18 
3220	4 
3221	18 
3222	7 
3223	22 
3224	30 
3225	1 
3226	8 
3227	25 
3228	26 
3229	28 
3230	29 
3231	31 
3232	20 
3233	1 
3234	29 
3235	11 
3236	29 
3237	11 
3238	4 
3239	29 
3240	9 
3241	28 
3242	14 
3243	25 
3244	16 
3245	30 
3246	8 
3247	7 
3248	1 
3249	17 
3250	3 
3251	2 
3252	18 
3253	12 
3254	11 
3255	30 
3256	19 
3257	29 
3258	13 
3259	30 
3260	15 
3261	16 
3262	1 
3263	1 
3264	8 
3265	16 
3266	13 
3267	17 
3268	31 
3269	16 
3270	4 
3271	13 
3272	15 
3273	30 
3274	25 
3275	3 
3276	17 
3277	3 
3278	24 
3279	10 
3280	22 
3281	23 
3282	10 
3283	25 
3284	31 
3285	9 
3286	25 
3287	1 
3288	2 
3289	7 
3290	12 
3291	24 
3292	1 
3293	2 
3294	11 
3295	18 
3296	31 
3297	26 
3298	28 
3299	31 
3300	12 
3301	5 
3302	17 
3303	31 
3304	3 
3305	28 
3306	29 
3307	12 
3308	17 
3309	31 
3310	9 
3311	1 
3312	24 
3313	16 
3314	14 
3315	28 
3316	6 
3317	7 
3318	3 
3319	8 
3320	25 
3321	28 
3322	11 
3323	1 
3324	15 
3325	28 
3326	1 
3327	7 
3328	17 
3329	5 
3330	21 
3331	17 
3332	18 
3333	6 
3334	4 
3335	5 
3336	12 
3337	17 
3338	5 
3339	30 
3340	26 
3341	21 
3342	19 
3343	8 
3344	15 
3345	1 
3346	6 
3347	21 
3348	6 
3349	12 
3350	9 
3351	27 
3352	5 
3353	28 
3354	31 
3355	2 
3356	29 
3357	25 
3358	22 
3359	10 
3360	8 
3361	6 
3362	20 
3363	12 
3364	5 
3365	4 
3366	25 
3367	14 
3368	8 
3369	3 
3370	19 
3371	3 
3372	13 
3373	21 
3374	6 
3375	28 
3376	31 
3377	5 
3378	7 
3379	17 
3380	30 
3381	2 
3382	11 
3383	9 
3384	15 
3385	24 
3386	29 
3387	8 
3388	4 
3389	8 
3390	8 
3391	28 
3392	12 
3393	31 
3394	24 
3395	23 
3396	14 
3397	27 
3398	4 
3399	13 
3400	11 
3401	27 
3402	28 
3403	30 
3404	12 
3405	24 
3406	5 
3407	3 
3408	9 
3409	19 
3410	4 
3411	20 
3412	22 
3413	12 
3414	22 
3415	20 
3416	25 
3417	30 
3418	1 
3419	15 
3420	12 
3421	17 
3422	26 
3423	29 
3424	10 
3425	12 
3426	24 
3427	25 
3428	20 
3429	21 
3430	12 
3431	20 
3432	24 
3433	19 
3434	30 
3435	30 
3436	31 
3437	12 
3438	17 
3439	25 
3440	17 
3441	16 
3442	15 
3443	14 
3444	31 
3445	13 
3446	13 
3447	24 
3448	22 
3449	14 
3450	17 
3451	9 
3452	11 
3453	4 
3454	16 
3455	24 
3456	15 
3457	17 
3458	3 
3459	5 
3460	12 
3461	20 
3462	21 
3463	17 
3464	10 
3465	18 
3466	19 
3467	8 
3468	11 
3469	27 
3470	4 
3471	27 
3472	20 
3473	14 
3474	21 
3475	30 
3476	11 
3477	25 
3478	11 
3479	3 
3480	28 
3481	1 
3482	8 
3483	14 
3484	2 
3485	15 
3486	6 
3487	16 
3488	18 
3489	21 
3490	31 
3491	26 
3492	7 
3493	25 
3494	21 
3495	10 
3496	4 
3497	13 
3498	22 
3499	18 
3500	8 
3501	28 
3502	3 
3503	15 
3504	21 
3505	9 
3506	4 
3507	5 
3508	4 
3509	26 
3510	5 
3511	13 
3512	14 
3513	8 
3514	13 
3515	26 
3516	11 
3517	4 
3518	6 
3519	3 
3520	17 
3521	3 
3522	17 
3523	21 
3524	23 
3525	1 
3526	15 
3527	29 
3528	17 
3529	1 
3530	25 
3531	27 
3532	4 
3533	9 
3534	11 
3535	9 
3536	17 
3537	18 
3538	5 
3539	4 
3540	5 
3541	8 
3542	10 
3543	17 
3544	27 
3545	21 
3546	28 
3547	11 
3548	13 
3549	3 
3550	25 
3551	11 
3552	11 
3553	18 
3554	27 
3555	14 
3556	1 
3557	13 
3558	26 
3559	31 
3560	25 
3561	3 
3562	9 
3563	28 
3564	14 
3565	10 
3566	11 
3567	21 
3568	25 
3569	2 
3570	23 
3571	24 
3572	8 
3573	9 
3574	26 
3575	18 
3576	18 
3577	11 
3578	18 
3579	15 
3580	28 
3581	5 
3582	3 
3583	6 
3584	7 
3585	11 
3586	5 
3587	9 
3588	8 
3589	16 
3590	17 
3591	4 
3592	5 
3593	29 
3594	10 
3595	25 
3596	27 
3597	25 
3598	29 
3599	7 
3600	25 
3601	15 
3602	15 
3603	6 
3604	14 
3605	20 
3606	8 
3607	16 
3608	2 
3609	25 
3610	28 
3611	9 
3612	13 
3613	29 
3614	13 
3615	13 
3616	17 
3617	20 
3618	20 
3619	5 
3620	8 
3621	21 
3622	6 
3623	21 
3624	26 
3625	19 
3626	23 
3627	3 
3628	28 
3629	12 
3630	7 
3631	15 
3632	19 
3633	30 
3634	31 
3635	1 
3636	14 
3637	20 
3638	14 
3639	14 
3640	12 
3641	23 
3642	20 
3643	24 
3644	17 
3645	13 
3646	14 
3647	9 
3648	18 
3649	29 
3650	20 
3651	13 
3652	13 
3653	13 
3654	6 
3655	19 
3656	11 
3657	6 
3658	15 
3659	5 
3660	4 
3661	31 
3662	24 
3663	31 
3664	25 
3665	15 
3666	6 
3667	15 
3668	5 
3669	19 
3670	27 
3671	30 
3672	18 
3673	15 
3674	8 
3675	24 
3676	1 
3677	13 
3678	5 
3679	6 
3680	28 
3681	2 
3682	29 
3683	15 
3684	21 
3685	5 
3686	17 
3687	11 
3688	5 
3689	4 
3690	27 
3691	26 
3692	21 
3693	31 
3694	17 
3695	4 
3696	19 
3697	24 
3698	28 
3699	4 
3700	18 
3701	4 
3702	25 
3703	3 
3704	13 
3705	8 
3706	18 
3707	24 
3708	25 
3709	5 
3710	6 
3711	27 
3712	21 
3713	30 
3714	11 
3715	20 
3716	1 
3717	12 
3718	30 
3719	30 
3720	27 
3721	1 
3722	15 
3723	7 
3724	24 
3725	20 
3726	9 
3727	16 
3728	14 
3729	19 
3730	31 
3731	30 
3732	27 
3733	29 
3734	19 
3735	3 
3736	8 
3737	15 
3738	14 
3739	10 
3740	5 
3741	29 
3742	27 
3743	11 
3744	13 
3745	31 
3746	8 
3747	27 
3748	5 
3749	23 
3750	18 
3751	16 
3752	25 
3753	29 
3754	11 
3755	25 
3756	19 
3757	3 
3758	8 
3759	1 
3760	9 
3761	13 
3762	21 
3763	24 
3764	6 
3765	24 
3766	19 
3767	15 
3768	13 
3769	24 
3770	17 
3771	26 
3772	4 
3773	27 
3774	7 
3775	20 
3776	29 
3777	29 
3778	12 
3779	18 
3780	24 
3781	13 
3782	7 
3783	2 
3784	16 
3785	11 
3786	25 
3787	14 
3788	28 
3789	12 
3790	30 
3791	11 
3792	27 
3793	15 
3794	22 
3795	5 
3796	3 
3797	4 
3798	17 
3799	13 
3800	24 
3801	29 
3802	10 
3803	20 
3804	5 
3805	4 
3806	6 
3807	5 
3808	8 
3809	10 
3810	7 
3811	19 
3812	30 
3813	31 
3814	14 
3815	17 
3816	26 
3817	23 
3818	13 
3819	22 
3820	13 
3821	2 
3822	13 
3823	14 
3824	16 
3825	11 
3826	8 
3827	7 
3828	16 
3829	24 
3830	4 
3831	6 
3832	31 
3833	30 
3834	25 
3835	17 
3836	22 
3837	8 
3838	29 
3839	14 
3840	26 
3841	18 
3842	14 
3843	18 
3844	21 
3845	18 
3846	20 
3847	30 
3848	30 
3849	4 
3850	1 
3851	21 
3852	9 
3853	17 
3854	23 
3855	29 
3856	3 
3857	18 
3858	17 
3859	29 
3860	8 
3861	25 
3862	30 
3863	31 
3864	20 
3865	27 
3866	12 
3867	2 
3868	28 
3869	3 
3870	1 
3871	10 
3872	8 
3873	2 
3874	29 
3875	31 
3876	29 
3877	11 
3878	19 
3879	1 
3880	23 
3881	28 
3882	5 
3883	31 
3884	28 
3885	10 
3886	5 
3887	8 
3888	1 
3889	28 
3890	7 
3891	22 
3892	1 
3893	2 
3894	17 
3895	25 
3896	28 
3897	1 
3898	13 
3899	29 
3900	21 
3901	14 
3902	27 
3903	7 
3904	24 
3905	9 
3906	9 
3907	12 
3908	6 
3909	20 
3910	7 
3911	14 
3912	25 
3913	31 
3914	9 
3915	2 
3916	2 
3917	5 
3918	12 
3919	1 
3920	26 
3921	19 
3922	13 
3923	1 
3924	17 
3925	8 
3926	1 
3927	24 
3928	28 
3929	1 
3930	31 
3931	24 
3932	24 
3933	26 
3934	23 
3935	6 
3936	20 
3937	19 
3938	8 
3939	18 
3940	25 
3941	30 
3942	24 
3943	5 
3944	12 
3945	26 
3946	5 
3947	8 
3948	25 
3949	28 
3950	20 
3951	27 
3952	18 
3953	14 
3954	19 
3955	1 
3956	16 
3957	19 
3958	2 
3959	11 
3960	5 
3961	29 
3962	7 
3963	16 
3964	26 
3965	17 
3966	7 
3967	4 
3968	1 
3969	7 
3970	11 
3971	5 
3972	5 
3973	15 
3974	18 
3975	30 
3976	18 
3977	19 
3978	23 
3979	15 
3980	8 
3981	9 
3982	29 
3983	13 
3984	21 
3985	3 
3986	25 
3987	12 
3988	24 
3989	31 
3990	3 
3991	16 
3992	19 
3993	15 
3994	21 
3995	2 
3996	29 
3997	28 
3998	7 
3999	28 
4000	21 
4001	13 
4002	18 
4003	26 
4004	15 
4005	13 
4006	4 
4007	19 
4008	31 
4009	31 
4010	16 
4011	5 
4012	12 
4013	7 
4014	25 
4015	22 
4016	13 
4017	12 
4018	2 
4019	4 
4020	16 
4021	21 
4022	29 
4023	18 
4024	16 
4025	30 
4026	25 
4027	10 
4028	11 
4029	21 
4030	28 
4031	28 
4032	25 
4033	26 
4034	29 
4035	31 
4036	24 
4037	16 
4038	30 
4039	25 
4040	28 
4041	18 
4042	4 
4043	5 
4044	24 
4045	5 
4046	12 
4047	26 
4048	29 
4049	15 
4050	2 
4051	8 
4052	29 
4053	12 
4054	25 
4055	21 
4056	2 
4057	9 
4058	8 
4059	4 
4060	21 
4061	10 
4062	17 
4063	12 
4064	14 
4065	12 
4066	10 
4067	15 
4068	4 
4069	3 
4070	10 
4071	27 
4072	2 
4073	24 
4074	5 
4075	3 
4076	7 
4077	4 
4078	5 
4079	15 
4080	8 
4081	4 
4082	30 
4083	4 
4084	2 
4085	1 
4086	17 
4087	31 
4088	19 
4089	27 
4090	10 
4091	2 
4092	9 
4093	31 
4094	10 
4095	19 
4096	15 
4097	20 
4098	15 
4099	7 
4100	16 
4101	5 
4102	22 
4103	2 
4104	30 
4105	16 
4106	7 
4107	20 
4108	13 
4109	28 
4110	30 
4111	10 
4112	17 
4113	17 
4114	12 
4115	6 
4116	5 
4117	10 
4118	17 
4119	17 
4120	27 
4121	17 
4122	26 
4123	17 
4124	20 
4125	3 
4126	27 
4127	29 
4128	11 
4129	24 
4130	4 
4131	14 
4132	2 
4133	24 
4134	16 
4135	22 
4136	7 
4137	19 
4138	21 
4139	7 
4140	2 
4141	27 
4142	15 
4143	13 
4144	26 
4145	19 
4146	19 
4147	24 
4148	22 
4149	4 
4150	7 
4151	5 
4152	7 
4153	8 
4154	1 
4155	8 
4156	6 
4157	13 
4158	30 
4159	27 
4160	14 
4161	9 
4162	20 
4163	25 
4164	17 
4165	17 
4166	15 
4167	19 
4168	30 
4169	29 
4170	23 
4171	27 
4172	5 
4173	13 
4174	7 
4175	6 
4176	25 
4177	12 
4178	21 
4179	21 
4180	18 
4181	9 
4182	8 
4183	15 
4184	18 
4185	20 
4186	23 
4187	4 
4188	27 
4189	2 
4190	5 
4191	4 
4192	24 
4193	12 
4194	3 
4195	16 
4196	15 
4197	30 
4198	25 
4199	18 
4200	1 
4201	21 
4202	10 
4203	15 
4204	13 
4205	29 
4206	4 
4207	12 
4208	26 
4209	1 
4210	20 
4211	21 
4212	13 
4213	5 
4214	12 
4215	19 
4216	9 
4217	17 
4218	18 
4219	6 
4220	19 
4221	1 
4222	24 
4223	22 
4224	30 
4225	15 
4226	12 
4227	7 
4228	18 
4229	14 
4230	30 
4231	22 
4232	28 
4233	5 
4234	22 
4235	31 
4236	30 
4237	31 
4238	17 
4239	13 
4240	5 
4241	1 
4242	30 
4243	18 
4244	4 
4245	26 
4246	1 
4247	27 
4248	14 
4249	5 
4250	19 
4251	17 
4252	17 
4253	31 
4254	15 
4255	4 
4256	13 
4257	2 
4258	2 
4259	17 
4260	20 
4261	30 
4262	31 
4263	19 
4264	22 
4265	3 
4266	20 
4267	20 
4268	3 
4269	27 
4270	3 
4271	15 
4272	5 
4273	5 
4274	8 
4275	8 
4276	21 
4277	19 
4278	2 
4279	13 
4280	7 
4281	24 
4282	9 
4283	15 
4284	3 
4285	29 
4286	22 
4287	30 
4288	8 
4289	27 
4290	19 
4291	19 
4292	26 
4293	4 
4294	5 
4295	20 
4296	21 
4297	31 
4298	15 
4299	5 
4300	8 
4301	20 
4302	7 
4303	15 
4304	11 
4305	22 
4306	28 
4307	24 
4308	28 
4309	24 
4310	29 
4311	24 
4312	22 
4313	29 
4314	17 
4315	2 
4316	1 
4317	27 
4318	25 
4319	31 
4320	19 
4321	31 
4322	7 
4323	5 
4324	16 
4325	8 
4326	23 
4327	12 
4328	16 
4329	24 
4330	5 
4331	26 
4332	1 
4333	17 
4334	20 
4335	17 
4336	29 
4337	31 
4338	1 
4339	1 
4340	30 
4341	11 
4342	14 
4343	12 
4344	20 
4345	28 
4346	1 
4347	14 
4348	28 
4349	14 
4350	16 
4351	23 
4352	3 
4353	8 
4354	1 
4355	6 
4356	23 
4357	26 
4358	30 
4359	31 
4360	24 
4361	28 
4362	13 
4363	5 
4364	24 
4365	1 
4366	16 
4367	21 
4368	3 
4369	2 
4370	13 
4371	13 
4372	6 
4373	27 
4374	9 
4375	11 
4376	1 
4377	9 
4378	1 
4379	9 
4380	3 
4381	12 
4382	5 
4383	13 
4384	12 
4385	25 
4386	28 
4387	7 
4388	19 
4389	25 
4390	29 
4391	1 
4392	19 
4393	15 
4394	30 
4395	2 
4396	23 
4397	21 
4398	8 
4399	16 
4400	30 
4401	7 
4402	13 
4403	23 
4404	8 
4405	17 
4406	3 
4407	19 
4408	23 
4409	26 
4410	5 
4411	3 
4412	31 
4413	1 
4414	2 
4415	3 
4416	4 
4417	5 
4418	29 
4419	29 
4420	11 
4421	22 
4422	26 
4423	9 
4424	2 
4425	27 
4426	8 
4427	6 
4428	27 
4429	28 
4430	29 
4431	14 
4432	3 
4433	11 
4434	19 
4435	24 
4436	8 
4437	31 
4438	27 
4439	19 
4440	29 
4441	28 
4442	18 
4443	15 
4444	11 
4445	29 
4446	27 
4447	6 
4448	22 
4449	24 
4450	15 
4451	19 
4452	4 
4453	30 
4454	19 
4455	17 
4456	27 
4457	22 
4458	8 
4459	4 
4460	18 
4461	29 
4462	16 
4463	10 
4464	31 
4465	29 
4466	5 
4467	28 
4468	3 
4469	29 
4470	19 
4471	8 
4472	1 
4473	30 
4474	18 
4475	7 
4476	27 
4477	6 
4478	9 
4479	23 
4480	4 
4481	26 
4482	19 
4483	15 
4484	30 
4485	21 
4486	26 
4487	3 
4488	24 
4489	22 
4490	8 
4491	29 
4492	17 
4493	20 
4494	4 
4495	20 
4496	14 
4497	24 
4498	26 
4499	4 
4500	28 
4501	5 
4502	29 
4503	28 
4504	7 
4505	15 
4506	12 
4507	2 
4508	17 
4509	7 
4510	21 
4511	22 
4512	12 
4513	16 
4514	30 
4515	21 
4516	18 
4517	12 
4518	11 
4519	4 
4520	26 
4521	31 
4522	29 
4523	15 
4524	31 
4525	21 
4526	8 
4527	1 
4528	27 
4529	11 
4530	4 
4531	19 
4532	28 
4533	17 
4534	28 
4535	15 
4536	28 
4537	29 
4538	10 
4539	31 
4540	17 
4541	7 
4542	21 
4543	3 
4544	23 
4545	1 
4546	19 
4547	12 
4548	15 
4549	9 
4550	10 
4551	12 
4552	31 
4553	5 
4554	1 
4555	27 
4556	7 
4557	18 
4558	8 
4559	13 
4560	16 
4561	10 
4562	11 
4563	22 
4564	15 
4565	20 
4566	9 
4567	31 
4568	18 
4569	3 
4570	1 
4571	23 
4572	10 
4573	1 
4574	29 
4575	16 
4576	25 
4577	15 
4578	14 
4579	11 
4580	6 
4581	3 
4582	21 
4583	5 
4584	12 
4585	7 
4586	1 
4587	29 
4588	22 
4589	28 
4590	17 
4591	20 
4592	14 
4593	8 
4594	3 
4595	18 
4596	28 
4597	11 
4598	18 
4599	1 
4600	14 
4601	30 
4602	25 
4603	19 
4604	28 
4605	30 
4606	24 
4607	29 
4608	5 
4609	31 
4610	15 
4611	1 
4612	23 
4613	28 
4614	26 
4615	7 
4616	21 
4617	1 
4618	2 
4619	18 
4620	18 
4621	13 
4622	29 
4623	1 
4624	21 
4625	2 
4626	14 
4627	14 
4628	2 
4629	18 
4630	28 
4631	25 
4632	27 
4633	29 
4634	22 
4635	3 
4636	31 
4637	28 
4638	13 
4639	22 
4640	20 
4641	4 
4642	15 
4643	2 
4644	19 
4645	8 
4646	7 
4647	10 
4648	29 
4649	28 
4650	14 
4651	4 
4652	21 
4653	24 
4654	18 
4655	23 
4656	5 
4657	8 
4658	14 
4659	4 
4660	7 
4661	4 
4662	22 
4663	15 
4664	31 
4665	31 
4666	19 
4667	14 
4668	29 
4669	10 
4670	29 
4671	17 
4672	2 
4673	8 
4674	24 
4675	2 
4676	22 
4677	15 
4678	17 
4679	15 
4680	10 
4681	8 
4682	24 
4683	4 
4684	15 
4685	9 
4686	6 
4687	31 
4688	7 
4689	8 
4690	24 
4691	21 
4692	7 
4693	8 
4694	8 
4695	28 
4696	10 
4697	5 
4698	10 
4699	29 
4700	8 
4701	30 
4702	20 
4703	28 
4704	22 
4705	3 
4706	28 
4707	4 
4708	5 
4709	16 
4710	29 
4711	11 
4712	26 
4713	2 
4714	7 
4715	25 
4716	5 
4717	29 
4718	17 
4719	11 
4720	11 
4721	15 
4722	8 
4723	14 
4724	8 
4725	24 
4726	22 
4727	11 
4728	14 
4729	4 
4730	24 
4731	6 
4732	4 
4733	11 
4734	17 
4735	26 
4736	15 
4737	7 
4738	31 
4739	27 
4740	22 
4741	24 
4742	13 
4743	27 
4744	3 
4745	16 
4746	4 
4747	30 
4748	20 
4749	2 
4750	8 
4751	12 
4752	17 
4753	9 
4754	21 
4755	6 
4756	9 
4757	18 
4758	7 
4759	23 
4760	23 
4761	23 
4762	7 
4763	16 
4764	19 
4765	10 
4766	17 
4767	3 
4768	10 
4769	1 
4770	17 
4771	23 
4772	17 
4773	22 
4774	20 
4775	17 
4776	30 
4777	18 
4778	27 
4779	29 
4780	7 
4781	6 
4782	27 
4783	12 
4784	27 
4785	9 
4786	26 
4787	19 
4788	19 
4789	4 
4790	21 
4791	21 
4792	1 
4793	24 
4794	18 
4795	2 
4796	9 
4797	24 
4798	28 
4799	25 
4800	19 
4801	4 
4802	25 
4803	29 
4804	13 
4805	9 
4806	26 
4807	28 
4808	3 
4809	18 
4810	22 
4811	28 
4812	17 
4813	3 
4814	6 
4815	27 
4816	4 
4817	11 
4818	11 
4819	26 
4820	7 
4821	15 
4822	14 
4823	31 
4824	29 
4825	29 
4826	28 
4827	27 
4828	16 
4829	16 
4830	30 
4831	15 
4832	6 
4833	31 
4834	19 
4835	20 
4836	13 
4837	1 
4838	23 
4839	13 
4840	28 
4841	26 
4842	1 
4843	6 
4844	18 
4845	25 
4846	25 
4847	8 
4848	25 
4849	2 
4850	4 
4851	20 
4852	8 
4853	5 
4854	16 
4855	2 
4856	17 
4857	21 
4858	7 
4859	27 
4860	29 
4861	7 
4862	14 
4863	22 
4864	6 
4865	10 
4866	7 
4867	18 
4868	17 
4869	18 
4870	21 
4871	13 
4872	29 
4873	15 
4874	14 
4875	17 
4876	24 
4877	20 
4878	12 
4879	22 
4880	15 
4881	18 
4882	18 
4883	13 
4884	1 
4885	24 
4886	29 
4887	2 
4888	27 
4889	12 
4890	12 
4891	21 
4892	25 
4893	23 
4894	31 
4895	20 
4896	11 
4897	14 
4898	10 
4899	2 
4900	14 
4901	5 
4902	2 
4903	19 
4904	17 
4905	13 
4906	27 
4907	1 
4908	26 
4909	17 
4910	28 
4911	5 
4912	29 
4913	30 
4914	6 
4915	17 
4916	15 
4917	31 
4918	17 
4919	11 
4920	30 
4921	4 
4922	15 
4923	13 
4924	29 
4925	4 
4926	15 
4927	9 
4928	18 
4929	15 
4930	19 
4931	24 
4932	17 
4933	17 
4934	24 
4935	26 
4936	30 
4937	31 
4938	24 
4939	3 
4940	14 
4941	13 
4942	8 
4943	26 
4944	5 
4945	17 
4946	17 
4947	12 
4948	14 
4949	2 
4950	4 
4951	13 
4952	1 
4953	30 
4954	7 
4955	18 
4956	3 
4957	4 
4958	14 
4959	7 
4960	3 
4961	9 
4962	28 
4963	2 
4964	13 
4965	19 
4966	1 
4967	8 
4968	30 
4969	7 
4970	25 
4971	29 
4972	15 
4973	17 
4974	17 
4975	4 
4976	24 
4977	30 
4978	31 
4979	15 
4980	29 
4981	24 
4982	29 
4983	29 
4984	4 
4985	30 
4986	30 
4987	28 
4988	8 
4989	28 
4990	28 
4991	28 
4992	29 
4993	30 
4994	29 
4995	30 
4996	28 
4997	17 
4998	29 
4999	17 
5000	29 
