1	19 
2	17 
3	42 
4	44 
5	35 
6	35 
7	20 
8	1 
9	3 
10	16 
11	14 
12	3 
13	1 
14	36 
15	39 
16	22 
17	20 
18	1 
19	26 
20	6 
21	6 
22	16 
23	6 
24	35 
25	5 
26	1 
27	42 
28	16 
29	18 
30	1 
31	16 
32	22 
33	43 
34	24 
35	24 
36	17 
37	20 
38	39 
39	16 
40	22 
41	20 
42	1 
43	20 
44	15 
45	22 
46	31 
47	16 
48	1 
49	31 
50	39 
51	42 
52	16 
53	32 
54	40 
55	39 
56	41 
57	31 
58	33 
59	39 
60	39 
61	39 
62	1 
63	9 
64	14 
65	1 
66	16 
67	3 
68	18 
69	31 
70	22 
71	14 
72	1 
73	31 
74	6 
75	32 
76	20 
77	5 
78	16 
79	22 
80	22 
81	12 
82	7 
83	39 
84	16 
85	32 
86	22 
87	1 
88	36 
89	27 
90	31 
91	14 
92	1 
93	26 
94	1 
95	20 
96	39 
97	31 
98	44 
99	29 
100	14 
101	42 
102	39 
103	35 
104	39 
105	24 
106	17 
107	41 
108	31 
109	36 
110	35 
111	39 
112	7 
113	7 
114	22 
115	42 
116	1 
117	6 
118	35 
119	19 
120	16 
121	1 
122	39 
123	16 
124	4 
125	22 
126	22 
127	18 
128	20 
129	6 
130	16 
131	32 
132	41 
133	20 
134	39 
135	36 
136	31 
137	31 
138	13 
139	17 
140	20 
141	29 
142	18 
143	25 
144	1 
145	24 
146	22 
147	35 
148	1 
149	6 
150	16 
151	31 
152	30 
153	15 
154	17 
155	22 
156	17 
157	31 
158	39 
159	20 
160	22 
161	18 
162	41 
163	17 
164	35 
165	31 
166	15 
167	35 
168	1 
169	39 
170	5 
171	14 
172	31 
173	1 
174	26 
175	19 
176	39 
177	8 
178	3 
179	36 
180	14 
181	22 
182	1 
183	32 
184	31 
185	45 
186	25 
187	20 
188	36 
189	14 
190	32 
191	20 
192	1 
193	39 
194	1 
195	15 
196	31 
197	34 
198	3 
199	41 
200	16 
201	22 
202	45 
203	33 
204	31 
205	35 
206	45 
207	20 
208	14 
209	31 
210	17 
211	18 
212	20 
213	31 
214	14 
215	39 
216	25 
217	31 
218	42 
219	20 
220	42 
221	20 
222	20 
223	19 
224	10 
225	17 
226	20 
227	39 
228	7 
229	31 
230	14 
231	1 
232	6 
233	44 
234	6 
235	39 
236	22 
237	32 
238	31 
239	1 
240	39 
241	16 
242	22 
243	35 
244	16 
245	19 
246	17 
247	12 
248	20 
249	39 
250	45 
251	6 
252	15 
253	16 
254	22 
255	29 
256	16 
257	16 
258	22 
259	22 
260	39 
261	19 
262	34 
263	26 
264	1 
265	22 
266	44 
267	16 
268	31 
269	30 
270	33 
271	14 
272	39 
273	16 
274	15 
275	39 
276	16 
277	27 
278	31 
279	1 
280	16 
281	16 
282	1 
283	44 
284	15 
285	22 
286	42 
287	42 
288	32 
289	35 
290	42 
291	42 
292	6 
293	12 
294	18 
295	36 
296	20 
297	15 
298	6 
299	42 
300	6 
301	39 
302	39 
303	6 
304	16 
305	22 
306	39 
307	32 
308	14 
309	32 
310	16 
311	22 
312	15 
313	43 
314	15 
315	6 
316	18 
317	16 
318	39 
319	19 
320	7 
321	43 
322	4 
323	35 
324	1 
325	45 
326	16 
327	16 
328	35 
329	13 
330	6 
331	33 
332	45 
333	40 
334	22 
335	31 
336	22 
337	8 
338	15 
339	22 
340	32 
341	34 
342	6 
343	16 
344	12 
345	35 
346	11 
347	22 
348	21 
349	24 
350	1 
351	37 
352	16 
353	20 
354	6 
355	14 
356	1 
357	1 
358	20 
359	44 
360	16 
361	14 
362	32 
363	31 
364	42 
365	2 
366	39 
367	14 
368	16 
369	7 
370	22 
371	17 
372	22 
373	45 
374	16 
375	1 
376	6 
377	44 
378	23 
379	26 
380	32 
381	39 
382	31 
383	16 
384	20 
385	35 
386	14 
387	43 
388	17 
389	39 
390	15 
391	11 
392	18 
393	22 
394	39 
395	6 
396	2 
397	16 
398	35 
399	29 
400	3 
401	1 
402	22 
403	6 
404	32 
405	14 
406	31 
407	31 
408	44 
409	39 
410	42 
411	14 
412	22 
413	39 
414	16 
415	16 
416	44 
417	22 
418	18 
419	9 
420	6 
421	18 
422	35 
423	29 
424	18 
425	16 
426	33 
427	14 
428	17 
429	6 
430	1 
431	39 
432	12 
433	12 
434	3 
435	5 
436	42 
437	7 
438	1 
439	42 
440	44 
441	31 
442	17 
443	27 
444	1 
445	14 
446	1 
447	1 
448	31 
449	22 
450	4 
451	44 
452	25 
453	45 
454	16 
455	15 
456	16 
457	20 
458	16 
459	22 
460	42 
461	1 
462	45 
463	22 
464	31 
465	39 
466	20 
467	31 
468	6 
469	31 
470	42 
471	16 
472	44 
473	1 
474	14 
475	45 
476	31 
477	32 
478	19 
479	35 
480	35 
481	42 
482	35 
483	13 
484	1 
485	39 
486	10 
487	15 
488	33 
489	14 
490	20 
491	20 
492	32 
493	22 
494	14 
495	40 
496	1 
497	39 
498	16 
499	16 
500	29 
501	28 
502	39 
503	44 
504	31 
505	16 
506	22 
507	14 
508	7 
509	32 
510	35 
511	22 
512	32 
513	35 
514	6 
515	39 
516	32 
517	22 
518	1 
519	20 
520	6 
521	16 
522	16 
523	39 
524	39 
525	22 
526	33 
527	16 
528	32 
529	39 
530	45 
531	15 
532	11 
533	42 
534	38 
535	1 
536	31 
537	11 
538	31 
539	44 
540	35 
541	39 
542	1 
543	22 
544	16 
545	22 
546	8 
547	6 
548	39 
549	17 
550	22 
551	25 
552	35 
553	18 
554	16 
555	20 
556	36 
557	22 
558	16 
559	1 
560	1 
561	14 
562	44 
563	31 
564	29 
565	20 
566	15 
567	18 
568	29 
569	44 
570	45 
571	18 
572	45 
573	45 
574	32 
575	14 
576	6 
577	16 
578	31 
579	16 
580	8 
581	6 
582	22 
583	6 
584	15 
585	31 
586	22 
587	23 
588	22 
589	35 
590	39 
591	15 
592	16 
593	14 
594	6 
595	42 
596	6 
597	17 
598	39 
599	14 
600	16 
601	15 
602	45 
603	32 
604	18 
605	1 
606	1 
607	35 
608	22 
609	7 
610	16 
611	1 
612	32 
613	31 
614	15 
615	14 
616	16 
617	18 
618	17 
619	16 
620	39 
621	22 
622	20 
623	1 
624	31 
625	16 
626	6 
627	35 
628	6 
629	39 
630	6 
631	16 
632	6 
633	44 
634	35 
635	10 
636	20 
637	16 
638	37 
639	30 
640	31 
641	36 
642	6 
643	42 
644	14 
645	44 
646	3 
647	15 
648	1 
649	28 
650	20 
651	20 
652	14 
653	39 
654	6 
655	39 
656	6 
657	22 
658	31 
659	20 
660	44 
661	1 
662	6 
663	44 
664	6 
665	16 
666	16 
667	20 
668	22 
669	35 
670	16 
671	36 
672	22 
673	16 
674	16 
675	42 
676	1 
677	39 
678	18 
679	33 
680	12 
681	10 
682	29 
683	1 
684	45 
685	31 
686	34 
687	32 
688	3 
689	39 
690	45 
691	31 
692	6 
693	18 
694	22 
695	10 
696	17 
697	19 
698	1 
699	22 
700	22 
701	18 
702	44 
703	6 
704	20 
705	18 
706	15 
707	17 
708	21 
709	42 
710	24 
711	22 
712	1 
713	32 
714	6 
715	6 
716	1 
717	39 
718	16 
719	20 
720	22 
721	1 
722	16 
723	6 
724	40 
725	39 
726	22 
727	35 
728	42 
729	22 
730	15 
731	14 
732	22 
733	2 
734	39 
735	39 
736	31 
737	16 
738	16 
739	31 
740	39 
741	15 
742	6 
743	16 
744	44 
745	32 
746	7 
747	1 
748	39 
749	33 
750	32 
751	16 
752	42 
753	22 
754	42 
755	32 
756	32 
757	18 
758	35 
759	18 
760	42 
761	12 
762	15 
763	17 
764	39 
765	15 
766	18 
767	42 
768	11 
769	1 
770	2 
771	22 
772	44 
773	35 
774	22 
775	20 
776	22 
777	6 
778	33 
779	44 
780	31 
781	39 
782	35 
783	18 
784	1 
785	45 
786	6 
787	39 
788	41 
789	39 
790	42 
791	31 
792	6 
793	22 
794	20 
795	31 
796	36 
797	22 
798	39 
799	39 
800	6 
801	8 
802	6 
803	1 
804	39 
805	14 
806	22 
807	22 
808	45 
809	29 
810	8 
811	16 
812	1 
813	22 
814	39 
815	35 
816	1 
817	31 
818	1 
819	39 
820	14 
821	36 
822	17 
823	22 
824	27 
825	39 
826	22 
827	29 
828	20 
829	39 
830	16 
831	18 
832	28 
833	6 
834	31 
835	22 
836	39 
837	18 
838	44 
839	12 
840	6 
841	15 
842	1 
843	1 
844	28 
845	35 
846	44 
847	12 
848	39 
849	36 
850	35 
851	39 
852	16 
853	22 
854	45 
855	32 
856	32 
857	14 
858	39 
859	22 
860	8 
861	22 
862	1 
863	14 
864	6 
865	26 
866	39 
867	19 
868	16 
869	16 
870	6 
871	22 
872	17 
873	18 
874	39 
875	35 
876	17 
877	31 
878	32 
879	33 
880	17 
881	1 
882	39 
883	42 
884	32 
885	17 
886	15 
887	23 
888	31 
889	20 
890	18 
891	1 
892	23 
893	32 
894	1 
895	39 
896	22 
897	31 
898	35 
899	1 
900	30 
901	42 
902	21 
903	20 
904	17 
905	6 
906	39 
907	6 
908	14 
909	22 
910	39 
911	37 
912	6 
913	17 
914	14 
915	22 
916	12 
917	6 
918	39 
919	32 
920	12 
921	35 
922	44 
923	40 
924	22 
925	22 
926	20 
927	44 
928	31 
929	6 
930	16 
931	34 
932	42 
933	1 
934	36 
935	8 
936	15 
937	31 
938	32 
939	20 
940	42 
941	6 
942	6 
943	33 
944	4 
945	22 
946	16 
947	31 
948	44 
949	15 
950	3 
951	39 
952	14 
953	7 
954	16 
955	22 
956	35 
957	39 
958	44 
959	3 
960	39 
961	32 
962	33 
963	20 
964	44 
965	31 
966	44 
967	6 
968	44 
969	44 
970	14 
971	16 
972	39 
973	22 
974	20 
975	4 
976	6 
977	22 
978	18 
979	14 
980	1 
981	6 
982	1 
983	20 
984	1 
985	20 
986	14 
987	32 
988	16 
989	35 
990	16 
991	16 
992	14 
993	29 
994	1 
995	31 
996	38 
997	5 
998	35 
999	3 
1000	14 
1001	24 
1002	1 
1003	10 
1004	15 
1005	27 
1006	7 
1007	4 
1008	18 
1009	45 
1010	21 
1011	18 
1012	31 
1013	44 
1014	44 
1015	35 
1016	35 
1017	1 
1018	32 
1019	14 
1020	35 
1021	9 
1022	14 
1023	39 
1024	6 
1025	35 
1026	32 
1027	17 
1028	1 
1029	42 
1030	18 
1031	14 
1032	35 
1033	25 
1034	22 
1035	44 
1036	42 
1037	35 
1038	6 
1039	6 
1040	19 
1041	1 
1042	22 
1043	32 
1044	22 
1045	34 
1046	42 
1047	17 
1048	22 
1049	22 
1050	22 
1051	1 
1052	44 
1053	32 
1054	32 
1055	1 
1056	39 
1057	29 
1058	16 
1059	39 
1060	45 
1061	31 
1062	20 
1063	31 
1064	16 
1065	32 
1066	45 
1067	32 
1068	32 
1069	18 
1070	16 
1071	43 
1072	32 
1073	20 
1074	31 
1075	13 
1076	39 
1077	14 
1078	18 
1079	16 
1080	31 
1081	22 
1082	1 
1083	39 
1084	35 
1085	39 
1086	9 
1087	16 
1088	42 
1089	20 
1090	10 
1091	6 
1092	38 
1093	1 
1094	32 
1095	22 
1096	14 
1097	35 
1098	1 
1099	35 
1100	6 
1101	22 
1102	6 
1103	20 
1104	19 
1105	16 
1106	28 
1107	16 
1108	8 
1109	19 
1110	42 
1111	17 
1112	37 
1113	6 
1114	31 
1115	6 
1116	6 
1117	15 
1118	42 
1119	20 
1120	32 
1121	18 
1122	39 
1123	43 
1124	16 
1125	20 
1126	16 
1127	1 
1128	22 
1129	42 
1130	18 
1131	3 
1132	6 
1133	39 
1134	39 
1135	31 
1136	35 
1137	16 
1138	42 
1139	31 
1140	35 
1141	8 
1142	1 
1143	14 
1144	20 
1145	16 
1146	14 
1147	15 
1148	1 
1149	22 
1150	32 
1151	20 
1152	16 
1153	1 
1154	31 
1155	20 
1156	20 
1157	39 
1158	40 
1159	35 
1160	22 
1161	1 
1162	16 
1163	20 
1164	15 
1165	14 
1166	6 
1167	18 
1168	20 
1169	22 
1170	20 
1171	22 
1172	1 
1173	16 
1174	42 
1175	34 
1176	23 
1177	22 
1178	31 
1179	32 
1180	34 
1181	22 
1182	22 
1183	29 
1184	31 
1185	14 
1186	39 
1187	45 
1188	1 
1189	33 
1190	35 
1191	39 
1192	9 
1193	1 
1194	1 
1195	31 
1196	31 
1197	6 
1198	32 
1199	44 
1200	15 
1201	6 
1202	16 
1203	6 
1204	15 
1205	14 
1206	22 
1207	19 
1208	33 
1209	1 
1210	39 
1211	33 
1212	1 
1213	9 
1214	16 
1215	1 
1216	20 
1217	31 
1218	42 
1219	6 
1220	34 
1221	6 
1222	35 
1223	15 
1224	20 
1225	1 
1226	22 
1227	31 
1228	24 
1229	5 
1230	1 
1231	18 
1232	7 
1233	42 
1234	6 
1235	8 
1236	28 
1237	39 
1238	14 
1239	6 
1240	32 
1241	35 
1242	1 
1243	16 
1244	1 
1245	22 
1246	16 
1247	43 
1248	1 
1249	22 
1250	42 
1251	1 
1252	1 
1253	29 
1254	6 
1255	20 
1256	16 
1257	16 
1258	35 
1259	6 
1260	22 
1261	31 
1262	12 
1263	32 
1264	42 
1265	1 
1266	22 
1267	31 
1268	32 
1269	1 
1270	22 
1271	17 
1272	16 
1273	32 
1274	22 
1275	3 
1276	44 
1277	39 
1278	14 
1279	39 
1280	3 
1281	22 
1282	16 
1283	32 
1284	36 
1285	42 
1286	28 
1287	7 
1288	1 
1289	12 
1290	7 
1291	6 
1292	42 
1293	35 
1294	16 
1295	15 
1296	16 
1297	7 
1298	22 
1299	20 
1300	14 
1301	35 
1302	16 
1303	18 
1304	19 
1305	42 
1306	42 
1307	22 
1308	37 
1309	31 
1310	6 
1311	20 
1312	35 
1313	38 
1314	39 
1315	31 
1316	14 
1317	18 
1318	20 
1319	6 
1320	42 
1321	18 
1322	35 
1323	16 
1324	20 
1325	31 
1326	16 
1327	22 
1328	3 
1329	1 
1330	20 
1331	6 
1332	39 
1333	31 
1334	16 
1335	16 
1336	42 
1337	32 
1338	30 
1339	16 
1340	22 
1341	18 
1342	4 
1343	35 
1344	39 
1345	34 
1346	39 
1347	34 
1348	19 
1349	6 
1350	31 
1351	9 
1352	30 
1353	32 
1354	10 
1355	18 
1356	31 
1357	14 
1358	9 
1359	39 
1360	18 
1361	42 
1362	22 
1363	15 
1364	16 
1365	1 
1366	4 
1367	17 
1368	35 
1369	35 
1370	39 
1371	39 
1372	42 
1373	17 
1374	39 
1375	39 
1376	42 
1377	39 
1378	35 
1379	16 
1380	42 
1381	32 
1382	1 
1383	32 
1384	42 
1385	22 
1386	31 
1387	16 
1388	31 
1389	16 
1390	22 
1391	16 
1392	39 
1393	39 
1394	16 
1395	39 
1396	16 
1397	29 
1398	20 
1399	14 
1400	22 
1401	1 
1402	16 
1403	32 
1404	16 
1405	16 
1406	22 
1407	35 
1408	35 
1409	22 
1410	39 
1411	22 
1412	39 
1413	18 
1414	17 
1415	31 
1416	20 
1417	16 
1418	35 
1419	16 
1420	16 
1421	1 
1422	14 
1423	32 
1424	22 
1425	35 
1426	16 
1427	1 
1428	11 
1429	18 
1430	14 
1431	22 
1432	20 
1433	22 
1434	22 
1435	14 
1436	35 
1437	39 
1438	22 
1439	20 
1440	42 
1441	6 
1442	35 
1443	35 
1444	6 
1445	35 
1446	33 
1447	44 
1448	12 
1449	6 
1450	17 
1451	14 
1452	7 
1453	14 
1454	22 
1455	44 
1456	29 
1457	35 
1458	20 
1459	1 
1460	36 
1461	35 
1462	22 
1463	1 
1464	39 
1465	14 
1466	16 
1467	16 
1468	1 
1469	1 
1470	29 
1471	17 
1472	14 
1473	35 
1474	35 
1475	5 
1476	29 
1477	32 
1478	14 
1479	1 
1480	19 
1481	44 
1482	17 
1483	1 
1484	14 
1485	15 
1486	16 
1487	39 
1488	1 
1489	22 
1490	8 
1491	14 
1492	31 
1493	35 
1494	16 
1495	16 
1496	44 
1497	36 
1498	39 
1499	22 
1500	22 
1501	22 
1502	6 
1503	1 
1504	4 
1505	22 
1506	42 
1507	6 
1508	14 
1509	17 
1510	7 
1511	31 
1512	39 
1513	22 
1514	3 
1515	32 
1516	45 
1517	29 
1518	6 
1519	31 
1520	31 
1521	6 
1522	18 
1523	19 
1524	32 
1525	35 
1526	20 
1527	22 
1528	18 
1529	14 
1530	21 
1531	20 
1532	24 
1533	20 
1534	19 
1535	1 
1536	42 
1537	14 
1538	42 
1539	39 
1540	14 
1541	16 
1542	42 
1543	34 
1544	16 
1545	6 
1546	31 
1547	14 
1548	16 
1549	33 
1550	22 
1551	35 
1552	16 
1553	31 
1554	35 
1555	39 
1556	16 
1557	17 
1558	12 
1559	18 
1560	6 
1561	35 
1562	16 
1563	39 
1564	1 
1565	18 
1566	42 
1567	22 
1568	40 
1569	15 
1570	16 
1571	19 
1572	7 
1573	39 
1574	22 
1575	14 
1576	29 
1577	1 
1578	27 
1579	17 
1580	39 
1581	16 
1582	3 
1583	44 
1584	22 
1585	42 
1586	35 
1587	32 
1588	42 
1589	1 
1590	30 
1591	15 
1592	39 
1593	9 
1594	18 
1595	16 
1596	31 
1597	31 
1598	16 
1599	22 
1600	9 
1601	14 
1602	1 
1603	16 
1604	35 
1605	29 
1606	6 
1607	16 
1608	42 
1609	14 
1610	32 
1611	22 
1612	1 
1613	45 
1614	39 
1615	44 
1616	9 
1617	16 
1618	18 
1619	22 
1620	39 
1621	39 
1622	17 
1623	1 
1624	35 
1625	9 
1626	14 
1627	20 
1628	20 
1629	31 
1630	18 
1631	44 
1632	1 
1633	14 
1634	31 
1635	5 
1636	45 
1637	6 
1638	1 
1639	31 
1640	39 
1641	1 
1642	31 
1643	33 
1644	22 
1645	22 
1646	39 
1647	15 
1648	7 
1649	35 
1650	39 
1651	20 
1652	35 
1653	1 
1654	16 
1655	22 
1656	22 
1657	39 
1658	42 
1659	16 
1660	13 
1661	31 
1662	20 
1663	16 
1664	17 
1665	42 
1666	31 
1667	38 
1668	3 
1669	16 
1670	39 
1671	31 
1672	1 
1673	32 
1674	1 
1675	22 
1676	32 
1677	8 
1678	29 
1679	39 
1680	31 
1681	31 
1682	31 
1683	14 
1684	16 
1685	34 
1686	22 
1687	9 
1688	6 
1689	18 
1690	14 
1691	44 
1692	1 
1693	31 
1694	42 
1695	34 
1696	1 
1697	39 
1698	45 
1699	22 
1700	32 
1701	1 
1702	39 
1703	8 
1704	31 
1705	6 
1706	14 
1707	1 
1708	45 
1709	22 
1710	35 
1711	8 
1712	20 
1713	12 
1714	37 
1715	29 
1716	32 
1717	34 
1718	22 
1719	17 
1720	20 
1721	45 
1722	21 
1723	45 
1724	22 
1725	22 
1726	8 
1727	16 
1728	16 
1729	18 
1730	31 
1731	7 
1732	20 
1733	14 
1734	11 
1735	39 
1736	10 
1737	39 
1738	1 
1739	31 
1740	15 
1741	16 
1742	1 
1743	1 
1744	22 
1745	32 
1746	39 
1747	32 
1748	4 
1749	1 
1750	35 
1751	22 
1752	35 
1753	18 
1754	16 
1755	22 
1756	1 
1757	8 
1758	10 
1759	1 
1760	6 
1761	3 
1762	16 
1763	14 
1764	17 
1765	14 
1766	35 
1767	42 
1768	14 
1769	16 
1770	6 
1771	18 
1772	29 
1773	33 
1774	10 
1775	22 
1776	22 
1777	1 
1778	42 
1779	20 
1780	22 
1781	14 
1782	38 
1783	1 
1784	32 
1785	22 
1786	45 
1787	3 
1788	38 
1789	31 
1790	15 
1791	14 
1792	15 
1793	42 
1794	1 
1795	22 
1796	12 
1797	32 
1798	22 
1799	20 
1800	6 
1801	44 
1802	20 
1803	22 
1804	22 
1805	6 
1806	14 
1807	31 
1808	35 
1809	19 
1810	20 
1811	14 
1812	6 
1813	17 
1814	6 
1815	4 
1816	22 
1817	22 
1818	16 
1819	35 
1820	9 
1821	31 
1822	17 
1823	45 
1824	16 
1825	1 
1826	39 
1827	15 
1828	15 
1829	22 
1830	1 
1831	35 
1832	23 
1833	6 
1834	31 
1835	18 
1836	21 
1837	40 
1838	18 
1839	13 
1840	32 
1841	27 
1842	14 
1843	7 
1844	39 
1845	16 
1846	16 
1847	42 
1848	22 
1849	22 
1850	42 
1851	16 
1852	15 
1853	22 
1854	6 
1855	31 
1856	18 
1857	35 
1858	16 
1859	15 
1860	22 
1861	31 
1862	38 
1863	16 
1864	29 
1865	17 
1866	14 
1867	22 
1868	16 
1869	39 
1870	29 
1871	22 
1872	22 
1873	22 
1874	16 
1875	27 
1876	20 
1877	15 
1878	6 
1879	15 
1880	16 
1881	44 
1882	16 
1883	45 
1884	31 
1885	32 
1886	12 
1887	22 
1888	39 
1889	42 
1890	9 
1891	1 
1892	29 
1893	15 
1894	44 
1895	6 
1896	16 
1897	6 
1898	32 
1899	1 
1900	35 
1901	7 
1902	8 
1903	16 
1904	17 
1905	22 
1906	39 
1907	39 
1908	8 
1909	16 
1910	8 
1911	20 
1912	22 
1913	39 
1914	8 
1915	31 
1916	33 
1917	1 
1918	6 
1919	39 
1920	32 
1921	33 
1922	16 
1923	32 
1924	1 
1925	15 
1926	42 
1927	13 
1928	1 
1929	1 
1930	1 
1931	20 
1932	9 
1933	22 
1934	1 
1935	16 
1936	36 
1937	22 
1938	9 
1939	15 
1940	17 
1941	22 
1942	42 
1943	35 
1944	8 
1945	1 
1946	31 
1947	39 
1948	31 
1949	6 
1950	31 
1951	20 
1952	20 
1953	6 
1954	31 
1955	16 
1956	39 
1957	1 
1958	16 
1959	22 
1960	39 
1961	38 
1962	32 
1963	32 
1964	40 
1965	39 
1966	18 
1967	22 
1968	1 
1969	6 
1970	20 
1971	32 
1972	39 
1973	20 
1974	22 
1975	1 
1976	6 
1977	31 
1978	6 
1979	20 
1980	18 
1981	31 
1982	39 
1983	12 
1984	11 
1985	42 
1986	39 
1987	16 
1988	34 
1989	39 
1990	1 
1991	42 
1992	31 
1993	31 
1994	1 
1995	2 
1996	16 
1997	42 
1998	42 
1999	18 
2000	1 
2001	1 
2002	7 
2003	18 
2004	22 
2005	44 
2006	2 
2007	32 
2008	45 
2009	42 
2010	16 
2011	44 
2012	18 
2013	15 
2014	17 
2015	11 
2016	22 
2017	32 
2018	14 
2019	32 
2020	15 
2021	16 
2022	35 
2023	22 
2024	37 
2025	35 
2026	1 
2027	14 
2028	32 
2029	39 
2030	36 
2031	35 
2032	10 
2033	31 
2034	22 
2035	32 
2036	42 
2037	16 
2038	22 
2039	12 
2040	34 
2041	1 
2042	22 
2043	2 
2044	42 
2045	39 
2046	39 
2047	16 
2048	16 
2049	6 
2050	21 
2051	14 
2052	18 
2053	9 
2054	31 
2055	32 
2056	42 
2057	36 
2058	37 
2059	32 
2060	22 
2061	22 
2062	32 
2063	15 
2064	18 
2065	34 
2066	42 
2067	22 
2068	38 
2069	20 
2070	31 
2071	18 
2072	22 
2073	39 
2074	39 
2075	44 
2076	32 
2077	1 
2078	17 
2079	39 
2080	17 
2081	22 
2082	14 
2083	36 
2084	31 
2085	1 
2086	39 
2087	32 
2088	42 
2089	16 
2090	14 
2091	38 
2092	22 
2093	42 
2094	15 
2095	20 
2096	22 
2097	1 
2098	16 
2099	1 
2100	39 
2101	22 
2102	17 
2103	6 
2104	18 
2105	18 
2106	9 
2107	22 
2108	45 
2109	39 
2110	17 
2111	16 
2112	20 
2113	32 
2114	42 
2115	8 
2116	16 
2117	20 
2118	6 
2119	8 
2120	16 
2121	35 
2122	16 
2123	18 
2124	20 
2125	18 
2126	22 
2127	7 
2128	6 
2129	22 
2130	11 
2131	31 
2132	44 
2133	1 
2134	15 
2135	22 
2136	17 
2137	16 
2138	22 
2139	35 
2140	1 
2141	12 
2142	39 
2143	16 
2144	2 
2145	2 
2146	22 
2147	32 
2148	20 
2149	42 
2150	1 
2151	42 
2152	20 
2153	6 
2154	32 
2155	35 
2156	44 
2157	6 
2158	16 
2159	19 
2160	17 
2161	44 
2162	31 
2163	18 
2164	8 
2165	39 
2166	6 
2167	14 
2168	39 
2169	15 
2170	34 
2171	10 
2172	16 
2173	45 
2174	15 
2175	31 
2176	1 
2177	17 
2178	39 
2179	29 
2180	40 
2181	31 
2182	32 
2183	32 
2184	44 
2185	36 
2186	31 
2187	19 
2188	6 
2189	16 
2190	9 
2191	16 
2192	22 
2193	12 
2194	16 
2195	20 
2196	19 
2197	20 
2198	39 
2199	39 
2200	36 
2201	42 
2202	1 
2203	42 
2204	6 
2205	20 
2206	39 
2207	16 
2208	12 
2209	44 
2210	20 
2211	7 
2212	1 
2213	22 
2214	20 
2215	15 
2216	45 
2217	20 
2218	39 
2219	20 
2220	10 
2221	16 
2222	16 
2223	1 
2224	16 
2225	1 
2226	32 
2227	22 
2228	12 
2229	20 
2230	40 
2231	6 
2232	16 
2233	14 
2234	17 
2235	4 
2236	6 
2237	20 
2238	22 
2239	39 
2240	31 
2241	17 
2242	15 
2243	33 
2244	6 
2245	22 
2246	35 
2247	42 
2248	4 
2249	17 
2250	22 
2251	1 
2252	18 
2253	6 
2254	31 
2255	31 
2256	20 
2257	6 
2258	7 
2259	16 
2260	1 
2261	15 
2262	20 
2263	19 
2264	31 
2265	16 
2266	17 
2267	14 
2268	17 
2269	35 
2270	36 
2271	20 
2272	32 
2273	15 
2274	35 
2275	31 
2276	14 
2277	1 
2278	45 
2279	31 
2280	12 
2281	45 
2282	39 
2283	44 
2284	20 
2285	16 
2286	16 
2287	35 
2288	39 
2289	22 
2290	31 
2291	1 
2292	38 
2293	31 
2294	22 
2295	3 
2296	1 
2297	31 
2298	22 
2299	35 
2300	16 
2301	1 
2302	31 
2303	31 
2304	29 
2305	6 
2306	16 
2307	42 
2308	1 
2309	31 
2310	31 
2311	42 
2312	38 
2313	1 
2314	39 
2315	42 
2316	6 
2317	15 
2318	22 
2319	22 
2320	12 
2321	17 
2322	22 
2323	7 
2324	22 
2325	6 
2326	15 
2327	22 
2328	14 
2329	18 
2330	16 
2331	32 
2332	1 
2333	34 
2334	1 
2335	36 
2336	39 
2337	6 
2338	32 
2339	32 
2340	20 
2341	32 
2342	16 
2343	35 
2344	1 
2345	2 
2346	35 
2347	39 
2348	16 
2349	6 
2350	35 
2351	22 
2352	36 
2353	20 
2354	39 
2355	12 
2356	19 
2357	32 
2358	18 
2359	18 
2360	34 
2361	31 
2362	7 
2363	35 
2364	22 
2365	39 
2366	35 
2367	22 
2368	20 
2369	39 
2370	32 
2371	31 
2372	16 
2373	35 
2374	20 
2375	39 
2376	8 
2377	20 
2378	22 
2379	14 
2380	5 
2381	35 
2382	1 
2383	14 
2384	31 
2385	33 
2386	16 
2387	31 
2388	35 
2389	42 
2390	22 
2391	31 
2392	8 
2393	45 
2394	35 
2395	31 
2396	38 
2397	22 
2398	6 
2399	31 
2400	35 
2401	31 
2402	6 
2403	20 
2404	31 
2405	1 
2406	17 
2407	45 
2408	17 
2409	39 
2410	39 
2411	20 
2412	35 
2413	32 
2414	45 
2415	6 
2416	22 
2417	31 
2418	16 
2419	31 
2420	22 
2421	39 
2422	39 
2423	22 
2424	31 
2425	13 
2426	35 
2427	32 
2428	22 
2429	23 
2430	22 
2431	16 
2432	22 
2433	22 
2434	10 
2435	16 
2436	31 
2437	4 
2438	39 
2439	31 
2440	11 
2441	32 
2442	27 
2443	39 
2444	45 
2445	20 
2446	9 
2447	22 
2448	8 
2449	1 
2450	6 
2451	22 
2452	16 
2453	22 
2454	16 
2455	1 
2456	35 
2457	39 
2458	35 
2459	42 
2460	16 
2461	6 
2462	31 
2463	33 
2464	39 
2465	35 
2466	22 
2467	22 
2468	23 
2469	6 
2470	31 
2471	31 
2472	24 
2473	32 
2474	42 
2475	20 
2476	18 
2477	39 
2478	39 
2479	22 
2480	6 
2481	34 
2482	1 
2483	31 
2484	6 
2485	39 
2486	31 
2487	35 
2488	39 
2489	1 
2490	19 
2491	22 
2492	1 
2493	13 
2494	5 
2495	16 
2496	31 
2497	17 
2498	38 
2499	18 
2500	22 
2501	39 
2502	32 
2503	16 
2504	1 
2505	32 
2506	16 
2507	39 
2508	42 
2509	14 
2510	2 
2511	31 
2512	6 
2513	31 
2514	34 
2515	44 
2516	6 
2517	33 
2518	42 
2519	32 
2520	15 
2521	7 
2522	39 
2523	14 
2524	32 
2525	15 
2526	39 
2527	22 
2528	15 
2529	17 
2530	35 
2531	14 
2532	31 
2533	16 
2534	32 
2535	39 
2536	35 
2537	32 
2538	31 
2539	22 
2540	44 
2541	6 
2542	1 
2543	39 
2544	1 
2545	29 
2546	20 
2547	22 
2548	18 
2549	32 
2550	35 
2551	7 
2552	1 
2553	3 
2554	8 
2555	17 
2556	16 
2557	6 
2558	1 
2559	14 
2560	6 
2561	1 
2562	39 
2563	1 
2564	14 
2565	17 
2566	35 
2567	35 
2568	42 
2569	39 
2570	17 
2571	6 
2572	6 
2573	22 
2574	14 
2575	18 
2576	35 
2577	27 
2578	35 
2579	16 
2580	20 
2581	42 
2582	14 
2583	6 
2584	39 
2585	45 
2586	20 
2587	20 
2588	22 
2589	29 
2590	15 
2591	16 
2592	22 
2593	39 
2594	16 
2595	14 
2596	31 
2597	20 
2598	22 
2599	39 
2600	16 
2601	39 
2602	6 
2603	1 
2604	16 
2605	31 
2606	1 
2607	18 
2608	35 
2609	44 
2610	31 
2611	42 
2612	6 
2613	15 
2614	35 
2615	31 
2616	6 
2617	17 
2618	22 
2619	22 
2620	32 
2621	15 
2622	17 
2623	8 
2624	45 
2625	4 
2626	39 
2627	39 
2628	32 
2629	15 
2630	14 
2631	20 
2632	16 
2633	27 
2634	23 
2635	22 
2636	6 
2637	16 
2638	8 
2639	35 
2640	39 
2641	1 
2642	16 
2643	32 
2644	16 
2645	31 
2646	35 
2647	35 
2648	35 
2649	39 
2650	32 
2651	23 
2652	31 
2653	39 
2654	35 
2655	36 
2656	20 
2657	3 
2658	44 
2659	35 
2660	18 
2661	32 
2662	18 
2663	22 
2664	22 
2665	29 
2666	42 
2667	35 
2668	35 
2669	45 
2670	14 
2671	16 
2672	12 
2673	6 
2674	16 
2675	32 
2676	44 
2677	16 
2678	1 
2679	14 
2680	18 
2681	34 
2682	42 
2683	35 
2684	39 
2685	15 
2686	22 
2687	14 
2688	45 
2689	1 
2690	31 
2691	20 
2692	1 
2693	22 
2694	16 
2695	39 
2696	39 
2697	3 
2698	39 
2699	16 
2700	16 
2701	12 
2702	32 
2703	39 
2704	12 
2705	6 
2706	16 
2707	12 
2708	22 
2709	13 
2710	16 
2711	6 
2712	15 
2713	34 
2714	20 
2715	17 
2716	17 
2717	6 
2718	22 
2719	3 
2720	18 
2721	1 
2722	16 
2723	15 
2724	33 
2725	1 
2726	20 
2727	39 
2728	31 
2729	39 
2730	35 
2731	1 
2732	45 
2733	42 
2734	8 
2735	9 
2736	31 
2737	15 
2738	14 
2739	42 
2740	15 
2741	31 
2742	18 
2743	20 
2744	6 
2745	39 
2746	32 
2747	12 
2748	14 
2749	44 
2750	34 
2751	10 
2752	29 
2753	39 
2754	6 
2755	22 
2756	35 
2757	20 
2758	14 
2759	42 
2760	35 
2761	20 
2762	1 
2763	8 
2764	22 
2765	24 
2766	18 
2767	16 
2768	31 
2769	1 
2770	14 
2771	20 
2772	6 
2773	14 
2774	42 
2775	18 
2776	32 
2777	39 
2778	29 
2779	16 
2780	1 
2781	1 
2782	33 
2783	35 
2784	15 
2785	15 
2786	22 
2787	6 
2788	31 
2789	39 
2790	29 
2791	35 
2792	15 
2793	32 
2794	16 
2795	7 
2796	6 
2797	22 
2798	1 
2799	32 
2800	40 
2801	16 
2802	15 
2803	3 
2804	22 
2805	39 
2806	39 
2807	42 
2808	1 
2809	15 
2810	39 
2811	14 
2812	22 
2813	39 
2814	44 
2815	10 
2816	35 
2817	33 
2818	32 
2819	1 
2820	22 
2821	35 
2822	20 
2823	15 
2824	42 
2825	1 
2826	32 
2827	14 
2828	1 
2829	20 
2830	16 
2831	15 
2832	16 
2833	14 
2834	22 
2835	5 
2836	39 
2837	1 
2838	16 
2839	1 
2840	5 
2841	39 
2842	12 
2843	32 
2844	31 
2845	1 
2846	6 
2847	19 
2848	29 
2849	31 
2850	45 
2851	15 
2852	39 
2853	1 
2854	16 
2855	16 
2856	32 
2857	16 
2858	33 
2859	6 
2860	14 
2861	1 
2862	32 
2863	6 
2864	39 
2865	31 
2866	10 
2867	16 
2868	16 
2869	18 
2870	45 
2871	40 
2872	1 
2873	6 
2874	22 
2875	1 
2876	22 
2877	14 
2878	39 
2879	31 
2880	6 
2881	6 
2882	39 
2883	20 
2884	16 
2885	1 
2886	19 
2887	22 
2888	32 
2889	22 
2890	35 
2891	1 
2892	22 
2893	6 
2894	31 
2895	14 
2896	1 
2897	39 
2898	44 
2899	17 
2900	39 
2901	35 
2902	31 
2903	6 
2904	39 
2905	20 
2906	31 
2907	2 
2908	6 
2909	44 
2910	12 
2911	32 
2912	14 
2913	22 
2914	16 
2915	32 
2916	33 
2917	14 
2918	20 
2919	12 
2920	44 
2921	22 
2922	16 
2923	35 
2924	1 
2925	42 
2926	18 
2927	22 
2928	20 
2929	39 
2930	32 
2931	22 
2932	32 
2933	16 
2934	19 
2935	19 
2936	42 
2937	31 
2938	31 
2939	31 
2940	39 
2941	1 
2942	32 
2943	19 
2944	15 
2945	20 
2946	8 
2947	1 
2948	20 
2949	35 
2950	1 
2951	22 
2952	6 
2953	32 
2954	14 
2955	15 
2956	11 
2957	14 
2958	20 
2959	14 
2960	11 
2961	9 
2962	39 
2963	14 
2964	20 
2965	16 
2966	22 
2967	39 
2968	18 
2969	44 
2970	14 
2971	34 
2972	36 
2973	39 
2974	1 
2975	39 
2976	31 
2977	40 
2978	36 
2979	16 
2980	42 
2981	15 
2982	14 
2983	24 
2984	1 
2985	16 
2986	36 
2987	20 
2988	6 
2989	35 
2990	17 
2991	39 
2992	14 
2993	22 
2994	31 
2995	19 
2996	35 
2997	7 
2998	6 
2999	12 
3000	31 
3001	42 
3002	35 
3003	16 
3004	39 
3005	35 
3006	20 
3007	33 
3008	14 
3009	17 
3010	44 
3011	35 
3012	5 
3013	31 
3014	22 
3015	1 
3016	35 
3017	6 
3018	12 
3019	16 
3020	6 
3021	15 
3022	6 
3023	14 
3024	14 
3025	42 
3026	20 
3027	22 
3028	16 
3029	42 
3030	16 
3031	34 
3032	1 
3033	35 
3034	1 
3035	4 
3036	35 
3037	20 
3038	39 
3039	42 
3040	17 
3041	18 
3042	22 
3043	3 
3044	39 
3045	17 
3046	5 
3047	17 
3048	14 
3049	16 
3050	18 
3051	36 
3052	18 
3053	35 
3054	6 
3055	33 
3056	31 
3057	44 
3058	22 
3059	31 
3060	32 
3061	15 
3062	20 
3063	16 
3064	31 
3065	16 
3066	12 
3067	20 
3068	34 
3069	19 
3070	39 
3071	14 
3072	35 
3073	31 
3074	6 
3075	22 
3076	17 
3077	1 
3078	17 
3079	6 
3080	22 
3081	22 
3082	24 
3083	35 
3084	8 
3085	1 
3086	20 
3087	35 
3088	20 
3089	20 
3090	16 
3091	3 
3092	22 
3093	31 
3094	12 
3095	15 
3096	31 
3097	22 
3098	29 
3099	14 
3100	35 
3101	16 
3102	31 
3103	6 
3104	36 
3105	16 
3106	4 
3107	20 
3108	1 
3109	1 
3110	1 
3111	6 
3112	6 
3113	20 
3114	44 
3115	22 
3116	15 
3117	1 
3118	34 
3119	16 
3120	22 
3121	39 
3122	16 
3123	35 
3124	22 
3125	16 
3126	19 
3127	18 
3128	1 
3129	35 
3130	22 
3131	16 
3132	45 
3133	7 
3134	16 
3135	17 
3136	22 
3137	18 
3138	31 
3139	33 
3140	6 
3141	15 
3142	6 
3143	1 
3144	3 
3145	35 
3146	31 
3147	31 
3148	1 
3149	20 
3150	24 
3151	18 
3152	1 
3153	6 
3154	45 
3155	20 
3156	9 
3157	22 
3158	39 
3159	1 
3160	8 
3161	1 
3162	40 
3163	16 
3164	15 
3165	6 
3166	35 
3167	22 
3168	35 
3169	22 
3170	32 
3171	16 
3172	1 
3173	32 
3174	8 
3175	16 
3176	39 
3177	39 
3178	20 
3179	31 
3180	22 
3181	20 
3182	31 
3183	14 
3184	42 
3185	31 
3186	33 
3187	6 
3188	16 
3189	16 
3190	1 
3191	16 
3192	32 
3193	22 
3194	39 
3195	6 
3196	31 
3197	3 
3198	1 
3199	45 
3200	39 
3201	6 
3202	14 
3203	20 
3204	16 
3205	16 
3206	6 
3207	1 
3208	42 
3209	31 
3210	4 
3211	35 
3212	39 
3213	17 
3214	8 
3215	31 
3216	39 
3217	35 
3218	22 
3219	18 
3220	42 
3221	40 
3222	22 
3223	1 
3224	44 
3225	22 
3226	6 
3227	12 
3228	16 
3229	39 
3230	35 
3231	22 
3232	45 
3233	16 
3234	31 
3235	44 
3236	44 
3237	1 
3238	31 
3239	17 
3240	29 
3241	1 
3242	15 
3243	17 
3244	32 
3245	18 
3246	14 
3247	22 
3248	7 
3249	32 
3250	2 
3251	20 
3252	32 
3253	16 
3254	33 
3255	22 
3256	5 
3257	42 
3258	22 
3259	35 
3260	31 
3261	39 
3262	39 
3263	34 
3264	22 
3265	33 
3266	36 
3267	1 
3268	8 
3269	32 
3270	17 
3271	35 
3272	14 
3273	44 
3274	22 
3275	16 
3276	16 
3277	32 
3278	1 
3279	39 
3280	31 
3281	39 
3282	14 
3283	17 
3284	42 
3285	20 
3286	14 
3287	39 
3288	18 
3289	39 
3290	35 
3291	35 
3292	1 
3293	1 
3294	22 
3295	16 
3296	22 
3297	12 
3298	19 
3299	18 
3300	1 
3301	6 
3302	8 
3303	22 
3304	15 
3305	16 
3306	32 
3307	35 
3308	31 
3309	20 
3310	33 
3311	32 
3312	39 
3313	44 
3314	39 
3315	18 
3316	22 
3317	18 
3318	16 
3319	38 
3320	44 
3321	20 
3322	16 
3323	31 
3324	32 
3325	6 
3326	18 
3327	15 
3328	16 
3329	16 
3330	31 
3331	39 
3332	18 
3333	31 
3334	32 
3335	16 
3336	31 
3337	6 
3338	16 
3339	14 
3340	16 
3341	18 
3342	39 
3343	20 
3344	22 
3345	7 
3346	14 
3347	20 
3348	35 
3349	18 
3350	39 
3351	16 
3352	35 
3353	14 
3354	35 
3355	22 
3356	18 
3357	15 
3358	14 
3359	31 
3360	14 
3361	45 
3362	1 
3363	39 
3364	31 
3365	33 
3366	45 
3367	1 
3368	39 
3369	18 
3370	14 
3371	22 
3372	1 
3373	31 
3374	17 
3375	45 
3376	36 
3377	31 
3378	18 
3379	8 
3380	22 
3381	39 
3382	1 
3383	1 
3384	17 
3385	16 
3386	24 
3387	42 
3388	22 
3389	16 
3390	6 
3391	1 
3392	34 
3393	20 
3394	22 
3395	36 
3396	16 
3397	35 
3398	22 
3399	18 
3400	16 
3401	22 
3402	39 
3403	39 
3404	42 
3405	9 
3406	17 
3407	39 
3408	6 
3409	16 
3410	20 
3411	14 
3412	42 
3413	15 
3414	15 
3415	17 
3416	32 
3417	12 
3418	6 
3419	16 
3420	10 
3421	19 
3422	35 
3423	16 
3424	22 
3425	31 
3426	6 
3427	19 
3428	22 
3429	14 
3430	1 
3431	39 
3432	44 
3433	42 
3434	42 
3435	20 
3436	6 
3437	16 
3438	1 
3439	39 
3440	1 
3441	39 
3442	6 
3443	31 
3444	39 
3445	22 
3446	16 
3447	14 
3448	32 
3449	6 
3450	35 
3451	6 
3452	16 
3453	6 
3454	4 
3455	39 
3456	18 
3457	16 
3458	44 
3459	45 
3460	6 
3461	22 
3462	22 
3463	22 
3464	14 
3465	42 
3466	16 
3467	1 
3468	18 
3469	18 
3470	6 
3471	45 
3472	44 
3473	39 
3474	33 
3475	45 
3476	32 
3477	36 
3478	31 
3479	17 
3480	12 
3481	14 
3482	1 
3483	31 
3484	8 
3485	42 
3486	35 
3487	31 
3488	15 
3489	6 
3490	32 
3491	35 
3492	16 
3493	17 
3494	14 
3495	35 
3496	6 
3497	32 
3498	9 
3499	20 
3500	7 
3501	14 
3502	17 
3503	35 
3504	22 
3505	36 
3506	42 
3507	18 
3508	16 
3509	22 
3510	14 
3511	16 
3512	3 
3513	14 
3514	32 
3515	31 
3516	22 
3517	31 
3518	35 
3519	31 
3520	31 
3521	22 
3522	32 
3523	15 
3524	39 
3525	32 
3526	34 
3527	22 
3528	42 
3529	20 
3530	29 
3531	45 
3532	6 
3533	6 
3534	15 
3535	39 
3536	39 
3537	8 
3538	31 
3539	1 
3540	7 
3541	39 
3542	31 
3543	42 
3544	31 
3545	22 
3546	14 
3547	6 
3548	31 
3549	39 
3550	42 
3551	1 
3552	6 
3553	6 
3554	20 
3555	32 
3556	18 
3557	35 
3558	6 
3559	31 
3560	39 
3561	22 
3562	22 
3563	14 
3564	1 
3565	32 
3566	20 
3567	10 
3568	44 
3569	20 
3570	40 
3571	35 
3572	6 
3573	20 
3574	29 
3575	39 
3576	44 
3577	16 
3578	31 
3579	35 
3580	1 
3581	42 
3582	32 
3583	5 
3584	14 
3585	31 
3586	14 
3587	31 
3588	15 
3589	1 
3590	1 
3591	35 
3592	6 
3593	12 
3594	16 
3595	22 
3596	22 
3597	40 
3598	22 
3599	18 
3600	39 
3601	36 
3602	42 
3603	1 
3604	18 
3605	18 
3606	1 
3607	6 
3608	1 
3609	1 
3610	42 
3611	29 
3612	14 
3613	42 
3614	42 
3615	16 
3616	19 
3617	8 
3618	6 
3619	39 
3620	1 
3621	29 
3622	6 
3623	42 
3624	15 
3625	42 
3626	18 
3627	22 
3628	29 
3629	3 
3630	1 
3631	20 
3632	22 
3633	32 
3634	14 
3635	18 
3636	14 
3637	14 
3638	22 
3639	36 
3640	18 
3641	33 
3642	1 
3643	39 
3644	38 
3645	9 
3646	6 
3647	6 
3648	1 
3649	22 
3650	39 
3651	15 
3652	31 
3653	10 
3654	31 
3655	20 
3656	16 
3657	22 
3658	42 
3659	36 
3660	15 
3661	32 
3662	15 
3663	31 
3664	39 
3665	31 
3666	39 
3667	6 
3668	32 
3669	22 
3670	22 
3671	20 
3672	42 
3673	20 
3674	31 
3675	16 
3676	31 
3677	35 
3678	16 
3679	16 
3680	5 
3681	31 
3682	6 
3683	31 
3684	33 
3685	20 
3686	20 
3687	35 
3688	42 
3689	35 
3690	16 
3691	6 
3692	1 
3693	31 
3694	22 
3695	34 
3696	1 
3697	12 
3698	6 
3699	22 
3700	15 
3701	6 
3702	16 
3703	14 
3704	44 
3705	35 
3706	22 
3707	6 
3708	22 
3709	20 
3710	6 
3711	16 
3712	22 
3713	39 
3714	1 
3715	14 
3716	32 
3717	18 
3718	22 
3719	6 
3720	31 
3721	45 
3722	1 
3723	40 
3724	6 
3725	32 
3726	6 
3727	5 
3728	16 
3729	16 
3730	15 
3731	16 
3732	31 
3733	35 
3734	39 
3735	18 
3736	22 
3737	15 
3738	39 
3739	3 
3740	31 
3741	29 
3742	6 
3743	22 
3744	15 
3745	16 
3746	6 
3747	17 
3748	22 
3749	32 
3750	6 
3751	22 
3752	16 
3753	1 
3754	39 
3755	32 
3756	35 
3757	17 
3758	39 
3759	44 
3760	16 
3761	4 
3762	16 
3763	45 
3764	14 
3765	17 
3766	39 
3767	35 
3768	39 
3769	35 
3770	20 
3771	15 
3772	12 
3773	20 
3774	39 
3775	6 
3776	6 
3777	6 
3778	32 
3779	39 
3780	29 
3781	35 
3782	32 
3783	16 
3784	6 
3785	3 
3786	22 
3787	35 
3788	6 
3789	6 
3790	31 
3791	18 
3792	20 
3793	19 
3794	39 
3795	39 
3796	42 
3797	39 
3798	31 
3799	6 
3800	36 
3801	39 
3802	5 
3803	6 
3804	1 
3805	31 
3806	20 
3807	44 
3808	7 
3809	14 
3810	10 
3811	18 
3812	15 
3813	15 
3814	1 
3815	35 
3816	16 
3817	31 
3818	6 
3819	18 
3820	39 
3821	6 
3822	1 
3823	22 
3824	32 
3825	22 
3826	1 
3827	22 
3828	22 
3829	16 
3830	35 
3831	1 
3832	4 
3833	6 
3834	39 
3835	17 
3836	7 
3837	1 
3838	16 
3839	22 
3840	12 
3841	33 
3842	39 
3843	31 
3844	16 
3845	8 
3846	5 
3847	39 
3848	3 
3849	39 
3850	20 
3851	1 
3852	39 
3853	20 
3854	14 
3855	22 
3856	3 
3857	42 
3858	22 
3859	39 
3860	42 
3861	1 
3862	6 
3863	1 
3864	6 
3865	14 
3866	9 
3867	6 
3868	20 
3869	20 
3870	22 
3871	14 
3872	9 
3873	34 
3874	22 
3875	20 
3876	12 
3877	15 
3878	39 
3879	45 
3880	16 
3881	34 
3882	29 
3883	32 
3884	39 
3885	29 
3886	19 
3887	35 
3888	6 
3889	35 
3890	42 
3891	16 
3892	16 
3893	12 
3894	6 
3895	15 
3896	34 
3897	45 
3898	22 
3899	32 
3900	22 
3901	39 
3902	22 
3903	20 
3904	32 
3905	6 
3906	19 
3907	17 
3908	1 
3909	20 
3910	39 
3911	8 
3912	12 
3913	8 
3914	31 
3915	39 
3916	29 
3917	22 
3918	1 
3919	39 
3920	45 
3921	14 
3922	39 
3923	34 
3924	22 
3925	1 
3926	16 
3927	22 
3928	19 
3929	40 
3930	8 
3931	3 
3932	14 
3933	31 
3934	22 
3935	39 
3936	20 
3937	22 
3938	20 
3939	29 
3940	33 
3941	20 
3942	31 
3943	20 
3944	31 
3945	16 
3946	22 
3947	22 
3948	6 
3949	6 
3950	18 
3951	39 
3952	39 
3953	42 
3954	42 
3955	4 
3956	29 
3957	20 
3958	16 
3959	42 
3960	15 
3961	20 
3962	20 
3963	35 
3964	22 
3965	31 
3966	32 
3967	15 
3968	31 
3969	6 
3970	16 
3971	39 
3972	31 
3973	8 
3974	31 
3975	22 
3976	17 
3977	44 
3978	39 
3979	6 
3980	1 
3981	39 
3982	39 
3983	39 
3984	35 
3985	22 
3986	32 
3987	36 
3988	22 
3989	18 
3990	19 
3991	35 
3992	14 
3993	20 
3994	39 
3995	14 
3996	16 
3997	32 
3998	35 
3999	39 
4000	34 
4001	17 
4002	31 
4003	3 
4004	1 
4005	6 
4006	31 
4007	8 
4008	1 
4009	3 
4010	36 
4011	6 
4012	44 
4013	35 
4014	16 
4015	15 
4016	31 
4017	20 
4018	1 
4019	18 
4020	16 
4021	35 
4022	42 
4023	15 
4024	31 
4025	39 
4026	1 
4027	1 
4028	17 
4029	10 
4030	34 
4031	14 
4032	20 
4033	42 
4034	39 
4035	31 
4036	42 
4037	31 
4038	42 
4039	22 
4040	39 
4041	12 
4042	44 
4043	18 
4044	14 
4045	35 
4046	31 
4047	22 
4048	6 
4049	39 
4050	1 
4051	16 
4052	12 
4053	31 
4054	22 
4055	18 
4056	15 
4057	18 
4058	6 
4059	42 
4060	15 
4061	1 
4062	39 
4063	1 
4064	4 
4065	22 
4066	4 
4067	1 
4068	39 
4069	20 
4070	22 
4071	35 
4072	6 
4073	14 
4074	7 
4075	16 
4076	16 
4077	6 
4078	22 
4079	22 
4080	32 
4081	20 
4082	7 
4083	42 
4084	34 
4085	35 
4086	10 
4087	22 
4088	22 
4089	31 
4090	42 
4091	16 
4092	16 
4093	22 
4094	39 
4095	34 
4096	22 
4097	16 
4098	16 
4099	42 
4100	12 
4101	22 
4102	44 
4103	22 
4104	44 
4105	42 
4106	35 
4107	15 
4108	1 
4109	14 
4110	1 
4111	3 
4112	6 
4113	35 
4114	18 
4115	15 
4116	1 
4117	31 
4118	20 
4119	32 
4120	1 
4121	39 
4122	39 
4123	12 
4124	1 
4125	20 
4126	42 
4127	22 
4128	17 
4129	15 
4130	6 
4131	20 
4132	22 
4133	31 
4134	22 
4135	31 
4136	12 
4137	32 
4138	32 
4139	22 
4140	6 
4141	39 
4142	31 
4143	15 
4144	3 
4145	39 
4146	39 
4147	31 
4148	15 
4149	8 
4150	17 
4151	1 
4152	32 
4153	44 
4154	1 
4155	16 
4156	34 
4157	18 
4158	22 
4159	29 
4160	6 
4161	10 
4162	16 
4163	9 
4164	16 
4165	6 
4166	32 
4167	42 
4168	6 
4169	19 
4170	22 
4171	14 
4172	31 
4173	15 
4174	22 
4175	6 
4176	17 
4177	14 
4178	39 
4179	14 
4180	35 
4181	39 
4182	31 
4183	4 
4184	31 
4185	15 
4186	15 
4187	35 
4188	31 
4189	39 
4190	35 
4191	39 
4192	20 
4193	14 
4194	15 
4195	14 
4196	39 
4197	16 
4198	45 
4199	18 
4200	44 
4201	12 
4202	31 
4203	1 
4204	14 
4205	31 
4206	39 
4207	16 
4208	32 
4209	31 
4210	35 
4211	22 
4212	32 
4213	6 
4214	31 
4215	1 
4216	20 
4217	4 
4218	31 
4219	14 
4220	31 
4221	31 
4222	20 
4223	39 
4224	1 
4225	39 
4226	44 
4227	6 
4228	16 
4229	1 
4230	1 
4231	35 
4232	39 
4233	14 
4234	14 
4235	31 
4236	35 
4237	14 
4238	6 
4239	32 
4240	6 
4241	6 
4242	29 
4243	14 
4244	42 
4245	20 
4246	6 
4247	34 
4248	16 
4249	22 
4250	12 
4251	6 
4252	22 
4253	39 
4254	31 
4255	44 
4256	22 
4257	31 
4258	39 
4259	35 
4260	31 
4261	1 
4262	39 
4263	22 
4264	20 
4265	1 
4266	22 
4267	6 
4268	39 
4269	39 
4270	6 
4271	16 
4272	3 
4273	6 
4274	32 
4275	1 
4276	39 
4277	16 
4278	6 
4279	39 
4280	15 
4281	15 
4282	42 
4283	31 
4284	15 
4285	42 
4286	20 
4287	19 
4288	16 
4289	44 
4290	6 
4291	20 
4292	42 
4293	34 
4294	32 
4295	20 
4296	31 
4297	31 
4298	22 
4299	39 
4300	22 
4301	22 
4302	16 
4303	16 
4304	22 
4305	1 
4306	39 
4307	35 
4308	32 
4309	42 
4310	6 
4311	16 
4312	31 
4313	35 
4314	1 
4315	42 
4316	22 
4317	1 
4318	16 
4319	17 
4320	22 
4321	34 
4322	16 
4323	31 
4324	18 
4325	35 
4326	20 
4327	1 
4328	6 
4329	19 
4330	3 
4331	22 
4332	18 
4333	32 
4334	45 
4335	39 
4336	16 
4337	22 
4338	7 
4339	31 
4340	42 
4341	1 
4342	17 
4343	42 
4344	39 
4345	15 
4346	20 
4347	39 
4348	42 
4349	1 
4350	42 
4351	22 
4352	32 
4353	1 
4354	14 
4355	44 
4356	19 
4357	8 
4358	1 
4359	39 
4360	14 
4361	20 
4362	16 
4363	36 
4364	29 
4365	39 
4366	42 
4367	35 
4368	31 
4369	31 
4370	22 
4371	1 
4372	22 
4373	22 
4374	33 
4375	16 
4376	12 
4377	32 
4378	12 
4379	16 
4380	36 
4381	35 
4382	7 
4383	39 
4384	3 
4385	7 
4386	35 
4387	18 
4388	1 
4389	45 
4390	39 
4391	39 
4392	22 
4393	16 
4394	1 
4395	39 
4396	44 
4397	42 
4398	6 
4399	12 
4400	32 
4401	31 
4402	44 
4403	18 
4404	42 
4405	31 
4406	15 
4407	20 
4408	31 
4409	32 
4410	31 
4411	16 
4412	42 
4413	35 
4414	22 
4415	1 
4416	16 
4417	39 
4418	12 
4419	39 
4420	16 
4421	7 
4422	36 
4423	22 
4424	15 
4425	22 
4426	42 
4427	20 
4428	1 
4429	32 
4430	20 
4431	6 
4432	3 
4433	6 
4434	18 
4435	44 
4436	42 
4437	31 
4438	1 
4439	16 
4440	16 
4441	39 
4442	18 
4443	31 
4444	20 
4445	39 
4446	44 
4447	1 
4448	19 
4449	39 
4450	14 
4451	20 
4452	12 
4453	31 
4454	39 
4455	15 
4456	44 
4457	16 
4458	31 
4459	39 
4460	14 
4461	18 
4462	15 
4463	20 
4464	31 
4465	1 
4466	12 
4467	29 
4468	35 
4469	31 
4470	16 
4471	22 
4472	31 
4473	14 
4474	18 
4475	45 
4476	39 
4477	44 
4478	39 
4479	1 
4480	45 
4481	1 
4482	14 
4483	14 
4484	32 
4485	3 
4486	44 
4487	34 
4488	6 
4489	16 
4490	16 
4491	22 
4492	1 
4493	18 
4494	31 
4495	31 
4496	22 
4497	1 
4498	39 
4499	31 
4500	42 
4501	32 
4502	14 
4503	3 
4504	32 
4505	44 
4506	22 
4507	33 
4508	1 
4509	18 
4510	16 
4511	32 
4512	17 
4513	1 
4514	39 
4515	6 
4516	19 
4517	14 
4518	32 
4519	34 
4520	20 
4521	29 
4522	32 
4523	44 
4524	32 
4525	14 
4526	39 
4527	32 
4528	6 
4529	16 
4530	20 
4531	6 
4532	42 
4533	18 
4534	20 
4535	35 
4536	15 
4537	39 
4538	45 
4539	6 
4540	12 
4541	1 
4542	18 
4543	42 
4544	6 
4545	39 
4546	34 
4547	6 
4548	45 
4549	20 
4550	18 
4551	42 
4552	42 
4553	35 
4554	39 
4555	16 
4556	18 
4557	22 
4558	22 
4559	35 
4560	20 
4561	39 
4562	31 
4563	12 
4564	12 
4565	15 
4566	16 
4567	14 
4568	34 
4569	39 
4570	39 
4571	20 
4572	35 
4573	6 
4574	20 
4575	16 
4576	22 
4577	44 
4578	22 
4579	39 
4580	16 
4581	15 
4582	35 
4583	32 
4584	1 
4585	22 
4586	39 
4587	1 
4588	39 
4589	12 
4590	39 
4591	6 
4592	14 
4593	35 
4594	42 
4595	20 
4596	42 
4597	31 
4598	18 
4599	42 
4600	17 
4601	31 
4602	44 
4603	39 
4604	35 
4605	31 
4606	1 
4607	42 
4608	6 
4609	20 
4610	22 
4611	6 
4612	6 
4613	1 
4614	44 
4615	42 
4616	22 
4617	35 
4618	44 
4619	6 
4620	31 
4621	6 
4622	31 
4623	16 
4624	6 
4625	31 
4626	17 
4627	39 
4628	16 
4629	31 
4630	17 
4631	16 
4632	17 
4633	22 
4634	14 
4635	35 
4636	31 
4637	42 
4638	16 
4639	16 
4640	14 
4641	35 
4642	16 
4643	6 
4644	1 
4645	22 
4646	1 
4647	1 
4648	31 
4649	14 
4650	39 
4651	16 
4652	32 
4653	6 
4654	16 
4655	22 
4656	16 
4657	35 
4658	6 
4659	6 
4660	31 
4661	42 
4662	16 
4663	35 
4664	14 
4665	42 
4666	22 
4667	18 
4668	39 
4669	16 
4670	31 
4671	22 
4672	16 
4673	18 
4674	6 
4675	39 
4676	16 
4677	12 
4678	22 
4679	22 
4680	17 
4681	15 
4682	6 
4683	16 
4684	6 
4685	39 
4686	17 
4687	31 
4688	45 
4689	44 
4690	22 
4691	6 
4692	16 
4693	6 
4694	1 
4695	44 
4696	20 
4697	39 
4698	42 
4699	15 
4700	45 
4701	1 
4702	42 
4703	39 
4704	1 
4705	6 
4706	39 
4707	35 
4708	35 
4709	22 
4710	35 
4711	16 
4712	22 
4713	16 
4714	35 
4715	6 
4716	1 
4717	12 
4718	16 
4719	14 
4720	35 
4721	42 
4722	1 
4723	18 
4724	16 
4725	6 
4726	42 
4727	44 
4728	15 
4729	39 
4730	22 
4731	14 
4732	20 
4733	32 
4734	22 
4735	6 
4736	35 
4737	31 
4738	39 
4739	20 
4740	39 
4741	22 
4742	20 
4743	14 
4744	31 
4745	17 
4746	39 
4747	20 
4748	1 
4749	39 
4750	15 
4751	14 
4752	31 
4753	1 
4754	39 
4755	6 
4756	39 
4757	32 
4758	39 
4759	32 
4760	39 
4761	1 
4762	20 
4763	18 
4764	42 
4765	39 
4766	16 
4767	1 
4768	6 
4769	14 
4770	6 
4771	16 
4772	18 
4773	31 
4774	39 
4775	32 
4776	16 
4777	42 
4778	22 
4779	1 
4780	14 
4781	14 
4782	44 
4783	35 
4784	14 
4785	22 
4786	35 
4787	22 
4788	6 
4789	16 
4790	39 
4791	22 
4792	6 
4793	18 
4794	42 
4795	39 
4796	35 
4797	6 
4798	14 
4799	16 
4800	39 
4801	18 
4802	39 
4803	44 
4804	20 
4805	1 
4806	20 
4807	35 
4808	22 
4809	42 
4810	32 
4811	15 
4812	17 
4813	17 
4814	1 
4815	22 
4816	6 
4817	31 
4818	31 
4819	44 
4820	31 
4821	14 
4822	1 
4823	16 
4824	18 
4825	32 
4826	31 
4827	1 
4828	32 
4829	6 
4830	22 
4831	18 
4832	31 
4833	22 
4834	6 
4835	1 
4836	6 
4837	20 
4838	14 
4839	16 
4840	42 
4841	1 
4842	22 
4843	31 
4844	6 
4845	32 
4846	31 
4847	39 
4848	22 
4849	44 
4850	1 
4851	16 
4852	42 
4853	32 
4854	22 
4855	18 
4856	31 
4857	39 
4858	15 
4859	1 
4860	22 
4861	44 
4862	39 
4863	39 
4864	16 
4865	42 
4866	15 
4867	39 
4868	39 
4869	14 
4870	31 
4871	15 
4872	35 
4873	35 
4874	44 
4875	16 
4876	31 
4877	1 
4878	1 
4879	15 
4880	22 
4881	16 
4882	14 
4883	31 
4884	39 
4885	39 
4886	31 
4887	14 
4888	6 
4889	39 
4890	32 
4891	42 
4892	35 
4893	39 
4894	22 
4895	15 
4896	1 
4897	6 
4898	6 
4899	42 
4900	1 
4901	6 
4902	6 
4903	42 
4904	32 
4905	16 
4906	31 
4907	15 
4908	14 
4909	39 
4910	22 
4911	35 
4912	16 
4913	20 
4914	32 
4915	20 
4916	1 
4917	15 
4918	39 
4919	15 
4920	22 
4921	1 
4922	31 
4923	31 
4924	14 
4925	31 
4926	20 
4927	14 
4928	32 
4929	35 
4930	22 
4931	16 
4932	20 
4933	32 
4934	20 
4935	14 
4936	31 
4937	35 
4938	1 
4939	22 
4940	42 
4941	31 
4942	16 
4943	16 
4944	42 
4945	39 
4946	16 
4947	32 
4948	14 
4949	1 
4950	42 
4951	22 
4952	42 
4953	16 
4954	32 
4955	20 
4956	6 
4957	22 
4958	1 
4959	16 
4960	16 
4961	22 
4962	31 
4963	22 
4964	39 
4965	16 
4966	31 
4967	22 
4968	16 
4969	22 
4970	16 
4971	1 
4972	31 
4973	31 
4974	16 
4975	6 
4976	22 
4977	31 
4978	1 
4979	39 
4980	16 
4981	16 
4982	6 
4983	1 
4984	22 
4985	6 
4986	31 
4987	22 
4988	1 
4989	6 
4990	31 
4991	16 
4992	31 
4993	1 
4994	22 
4995	39 
4996	22 
4997	16 
4998	22 
4999	1 
5000	16 
