1	40 
2	3 
3	40 
4	43 
5	8 
6	5 
7	40 
8	12 
9	22 
10	30 
11	38 
12	19 
13	5 
14	2 
15	8 
16	44 
17	11 
18	11 
19	12 
20	44 
21	10 
22	1 
23	11 
24	8 
25	24 
26	44 
27	44 
28	5 
29	4 
30	44 
31	36 
32	11 
33	44 
34	5 
35	40 
36	44 
37	45 
38	30 
39	8 
40	19 
41	44 
42	40 
43	36 
44	43 
45	11 
46	30 
47	23 
48	8 
49	35 
50	11 
51	40 
52	23 
53	11 
54	42 
55	44 
56	8 
57	11 
58	15 
59	22 
60	1 
61	42 
62	45 
63	8 
64	42 
65	5 
66	42 
67	44 
68	21 
69	43 
70	3 
71	22 
72	42 
73	3 
74	8 
75	8 
76	40 
77	8 
78	30 
79	35 
80	11 
81	11 
82	42 
83	36 
84	12 
85	1 
86	44 
87	42 
88	8 
89	44 
90	42 
91	30 
92	23 
93	8 
94	6 
95	44 
96	3 
97	11 
98	35 
99	22 
100	40 
101	44 
102	44 
103	23 
104	23 
105	11 
106	44 
107	1 
108	3 
109	40 
110	8 
111	27 
112	21 
113	30 
114	40 
115	18 
116	30 
117	3 
118	17 
119	20 
120	30 
121	3 
122	35 
123	12 
124	35 
125	30 
126	12 
127	36 
128	6 
129	3 
130	44 
131	6 
132	12 
133	40 
134	3 
135	7 
136	42 
137	1 
138	21 
139	1 
140	45 
141	30 
142	1 
143	44 
144	22 
145	3 
146	22 
147	42 
148	8 
149	36 
150	8 
151	40 
152	8 
153	1 
154	40 
155	23 
156	11 
157	30 
158	42 
159	43 
160	30 
161	8 
162	44 
163	36 
164	3 
165	44 
166	8 
167	44 
168	8 
169	44 
170	10 
171	42 
172	40 
173	16 
174	36 
175	30 
176	8 
177	6 
178	15 
179	11 
180	23 
181	45 
182	11 
183	22 
184	11 
185	34 
186	38 
187	1 
188	23 
189	8 
190	44 
191	3 
192	11 
193	22 
194	14 
195	44 
196	15 
197	3 
198	3 
199	23 
200	44 
201	45 
202	30 
203	23 
204	11 
205	36 
206	40 
207	40 
208	35 
209	15 
210	44 
211	12 
212	46 
213	12 
214	19 
215	42 
216	12 
217	45 
218	11 
219	22 
220	36 
221	8 
222	44 
223	8 
224	42 
225	22 
226	31 
227	5 
228	1 
229	36 
230	1 
231	1 
232	1 
233	21 
234	8 
235	1 
236	1 
237	3 
238	11 
239	42 
240	44 
241	41 
242	16 
243	44 
244	19 
245	22 
246	10 
247	44 
248	10 
249	11 
250	42 
251	46 
252	36 
253	30 
254	8 
255	9 
256	42 
257	19 
258	36 
259	12 
260	30 
261	8 
262	36 
263	26 
264	43 
265	44 
266	23 
267	11 
268	35 
269	1 
270	8 
271	11 
272	44 
273	1 
274	42 
275	11 
276	11 
277	36 
278	11 
279	23 
280	3 
281	1 
282	35 
283	30 
284	3 
285	22 
286	8 
287	44 
288	11 
289	8 
290	42 
291	1 
292	35 
293	8 
294	11 
295	23 
296	11 
297	17 
298	22 
299	3 
300	1 
301	12 
302	17 
303	36 
304	45 
305	44 
306	23 
307	44 
308	11 
309	1 
310	1 
311	30 
312	14 
313	2 
314	13 
315	43 
316	1 
317	19 
318	36 
319	8 
320	10 
321	38 
322	42 
323	11 
324	40 
325	9 
326	30 
327	6 
328	11 
329	22 
330	44 
331	42 
332	5 
333	26 
334	46 
335	14 
336	42 
337	46 
338	35 
339	11 
340	22 
341	1 
342	1 
343	10 
344	17 
345	8 
346	11 
347	1 
348	22 
349	40 
350	44 
351	6 
352	40 
353	3 
354	40 
355	3 
356	30 
357	12 
358	45 
359	40 
360	15 
361	42 
362	8 
363	11 
364	14 
365	1 
366	36 
367	36 
368	11 
369	11 
370	40 
371	16 
372	24 
373	44 
374	21 
375	29 
376	3 
377	8 
378	42 
379	11 
380	44 
381	17 
382	44 
383	42 
384	11 
385	3 
386	36 
387	11 
388	32 
389	42 
390	14 
391	22 
392	34 
393	45 
394	1 
395	8 
396	44 
397	37 
398	42 
399	44 
400	23 
401	22 
402	3 
403	45 
404	1 
405	30 
406	8 
407	22 
408	36 
409	8 
410	36 
411	8 
412	37 
413	22 
414	30 
415	3 
416	22 
417	36 
418	1 
419	23 
420	22 
421	19 
422	3 
423	11 
424	36 
425	11 
426	22 
427	3 
428	22 
429	44 
430	42 
431	34 
432	23 
433	45 
434	1 
435	5 
436	8 
437	30 
438	42 
439	45 
440	30 
441	36 
442	1 
443	36 
444	11 
445	13 
446	11 
447	23 
448	6 
449	11 
450	36 
451	35 
452	3 
453	1 
454	11 
455	8 
456	11 
457	42 
458	5 
459	42 
460	8 
461	1 
462	15 
463	35 
464	18 
465	40 
466	44 
467	3 
468	21 
469	44 
470	23 
471	17 
472	11 
473	40 
474	42 
475	3 
476	3 
477	44 
478	22 
479	38 
480	8 
481	22 
482	8 
483	23 
484	42 
485	3 
486	44 
487	36 
488	38 
489	42 
490	45 
491	44 
492	8 
493	42 
494	11 
495	44 
496	17 
497	30 
498	42 
499	44 
500	11 
501	11 
502	44 
503	44 
504	3 
505	11 
506	3 
507	3 
508	42 
509	8 
510	30 
511	6 
512	11 
513	8 
514	35 
515	36 
516	2 
517	42 
518	42 
519	17 
520	46 
521	44 
522	40 
523	1 
524	15 
525	2 
526	12 
527	3 
528	4 
529	36 
530	36 
531	34 
532	11 
533	22 
534	23 
535	8 
536	40 
537	1 
538	1 
539	23 
540	3 
541	35 
542	42 
543	43 
544	12 
545	23 
546	3 
547	1 
548	5 
549	23 
550	12 
551	3 
552	46 
553	12 
554	21 
555	30 
556	3 
557	5 
558	36 
559	8 
560	42 
561	45 
562	7 
563	44 
564	11 
565	3 
566	42 
567	42 
568	44 
569	36 
570	12 
571	23 
572	1 
573	11 
574	23 
575	12 
576	45 
577	42 
578	12 
579	42 
580	42 
581	23 
582	15 
583	11 
584	11 
585	16 
586	1 
587	44 
588	11 
589	8 
590	23 
591	1 
592	19 
593	2 
594	42 
595	8 
596	1 
597	44 
598	44 
599	14 
600	8 
601	3 
602	11 
603	40 
604	11 
605	22 
606	8 
607	36 
608	1 
609	42 
610	42 
611	36 
612	8 
613	36 
614	36 
615	36 
616	8 
617	22 
618	23 
619	23 
620	26 
621	44 
622	12 
623	23 
624	1 
625	30 
626	45 
627	11 
628	5 
629	11 
630	3 
631	42 
632	39 
633	11 
634	22 
635	17 
636	3 
637	1 
638	10 
639	8 
640	3 
641	11 
642	35 
643	3 
644	11 
645	26 
646	1 
647	23 
648	30 
649	40 
650	11 
651	42 
652	12 
653	8 
654	36 
655	8 
656	35 
657	30 
658	23 
659	15 
660	30 
661	3 
662	10 
663	38 
664	30 
665	15 
666	11 
667	13 
668	1 
669	30 
670	42 
671	1 
672	44 
673	8 
674	42 
675	20 
676	10 
677	35 
678	10 
679	40 
680	29 
681	5 
682	22 
683	22 
684	3 
685	42 
686	42 
687	1 
688	16 
689	32 
690	30 
691	12 
692	35 
693	40 
694	8 
695	35 
696	13 
697	35 
698	1 
699	44 
700	44 
701	3 
702	45 
703	1 
704	17 
705	40 
706	11 
707	44 
708	30 
709	23 
710	42 
711	11 
712	21 
713	12 
714	3 
715	13 
716	43 
717	1 
718	36 
719	1 
720	21 
721	12 
722	44 
723	44 
724	44 
725	3 
726	44 
727	30 
728	40 
729	42 
730	22 
731	11 
732	30 
733	46 
734	35 
735	27 
736	11 
737	42 
738	36 
739	8 
740	11 
741	46 
742	8 
743	8 
744	23 
745	3 
746	8 
747	23 
748	22 
749	11 
750	40 
751	30 
752	30 
753	35 
754	22 
755	3 
756	42 
757	1 
758	3 
759	3 
760	36 
761	40 
762	1 
763	12 
764	44 
765	44 
766	17 
767	8 
768	1 
769	8 
770	36 
771	44 
772	8 
773	8 
774	44 
775	12 
776	1 
777	44 
778	36 
779	5 
780	35 
781	31 
782	45 
783	30 
784	8 
785	42 
786	11 
787	30 
788	23 
789	44 
790	42 
791	44 
792	44 
793	14 
794	10 
795	11 
796	30 
797	36 
798	3 
799	3 
800	36 
801	22 
802	36 
803	30 
804	45 
805	23 
806	8 
807	35 
808	4 
809	30 
810	36 
811	44 
812	44 
813	8 
814	23 
815	38 
816	25 
817	44 
818	3 
819	44 
820	28 
821	23 
822	30 
823	11 
824	3 
825	8 
826	40 
827	2 
828	35 
829	11 
830	30 
831	42 
832	45 
833	22 
834	15 
835	40 
836	30 
837	8 
838	8 
839	3 
840	42 
841	45 
842	36 
843	3 
844	44 
845	42 
846	42 
847	42 
848	40 
849	3 
850	40 
851	44 
852	22 
853	40 
854	44 
855	8 
856	42 
857	23 
858	8 
859	36 
860	44 
861	11 
862	11 
863	44 
864	1 
865	14 
866	11 
867	22 
868	12 
869	42 
870	33 
871	36 
872	30 
873	44 
874	8 
875	8 
876	44 
877	30 
878	38 
879	14 
880	11 
881	36 
882	44 
883	35 
884	44 
885	42 
886	3 
887	37 
888	3 
889	44 
890	44 
891	4 
892	1 
893	42 
894	11 
895	8 
896	36 
897	22 
898	35 
899	32 
900	40 
901	44 
902	23 
903	42 
904	40 
905	36 
906	8 
907	29 
908	3 
909	30 
910	8 
911	16 
912	42 
913	43 
914	3 
915	12 
916	30 
917	23 
918	18 
919	12 
920	22 
921	15 
922	35 
923	30 
924	44 
925	3 
926	8 
927	11 
928	22 
929	1 
930	24 
931	36 
932	6 
933	12 
934	1 
935	36 
936	35 
937	35 
938	22 
939	30 
940	8 
941	43 
942	1 
943	11 
944	11 
945	10 
946	11 
947	13 
948	42 
949	11 
950	42 
951	30 
952	44 
953	1 
954	5 
955	8 
956	42 
957	11 
958	15 
959	44 
960	8 
961	3 
962	3 
963	14 
964	8 
965	11 
966	42 
967	40 
968	12 
969	30 
970	3 
971	43 
972	30 
973	23 
974	3 
975	33 
976	8 
977	3 
978	1 
979	30 
980	30 
981	1 
982	1 
983	42 
984	23 
985	40 
986	42 
987	23 
988	11 
989	44 
990	23 
991	11 
992	30 
993	8 
994	44 
995	44 
996	17 
997	11 
998	44 
999	30 
1000	12 
1001	6 
1002	36 
1003	44 
1004	35 
1005	8 
1006	3 
1007	44 
1008	11 
1009	1 
1010	6 
1011	11 
1012	23 
1013	2 
1014	17 
1015	46 
1016	8 
1017	3 
1018	30 
1019	5 
1020	11 
1021	35 
1022	40 
1023	40 
1024	42 
1025	34 
1026	1 
1027	1 
1028	42 
1029	30 
1030	35 
1031	14 
1032	16 
1033	11 
1034	3 
1035	42 
1036	35 
1037	40 
1038	46 
1039	3 
1040	44 
1041	42 
1042	42 
1043	36 
1044	42 
1045	11 
1046	44 
1047	27 
1048	8 
1049	40 
1050	11 
1051	6 
1052	36 
1053	1 
1054	44 
1055	30 
1056	46 
1057	1 
1058	12 
1059	35 
1060	11 
1061	1 
1062	11 
1063	1 
1064	23 
1065	23 
1066	36 
1067	11 
1068	11 
1069	5 
1070	16 
1071	8 
1072	39 
1073	36 
1074	1 
1075	30 
1076	6 
1077	42 
1078	45 
1079	45 
1080	40 
1081	21 
1082	1 
1083	22 
1084	45 
1085	1 
1086	14 
1087	12 
1088	44 
1089	8 
1090	11 
1091	36 
1092	35 
1093	23 
1094	35 
1095	39 
1096	35 
1097	5 
1098	25 
1099	3 
1100	11 
1101	45 
1102	1 
1103	35 
1104	8 
1105	8 
1106	44 
1107	22 
1108	11 
1109	42 
1110	12 
1111	8 
1112	40 
1113	36 
1114	42 
1115	35 
1116	23 
1117	30 
1118	15 
1119	40 
1120	30 
1121	8 
1122	3 
1123	16 
1124	30 
1125	8 
1126	13 
1127	1 
1128	42 
1129	23 
1130	44 
1131	42 
1132	23 
1133	30 
1134	17 
1135	46 
1136	22 
1137	36 
1138	12 
1139	12 
1140	40 
1141	3 
1142	30 
1143	8 
1144	36 
1145	12 
1146	3 
1147	44 
1148	23 
1149	3 
1150	13 
1151	6 
1152	36 
1153	33 
1154	40 
1155	8 
1156	35 
1157	1 
1158	16 
1159	1 
1160	10 
1161	14 
1162	23 
1163	11 
1164	34 
1165	43 
1166	44 
1167	5 
1168	44 
1169	11 
1170	3 
1171	8 
1172	35 
1173	40 
1174	42 
1175	40 
1176	22 
1177	4 
1178	11 
1179	1 
1180	44 
1181	36 
1182	11 
1183	40 
1184	3 
1185	30 
1186	11 
1187	11 
1188	44 
1189	4 
1190	42 
1191	40 
1192	36 
1193	16 
1194	40 
1195	12 
1196	45 
1197	8 
1198	11 
1199	11 
1200	42 
1201	11 
1202	11 
1203	42 
1204	44 
1205	35 
1206	41 
1207	38 
1208	16 
1209	11 
1210	11 
1211	11 
1212	36 
1213	16 
1214	10 
1215	40 
1216	44 
1217	40 
1218	35 
1219	22 
1220	1 
1221	12 
1222	3 
1223	17 
1224	40 
1225	17 
1226	8 
1227	11 
1228	5 
1229	8 
1230	3 
1231	8 
1232	1 
1233	44 
1234	42 
1235	16 
1236	30 
1237	11 
1238	30 
1239	23 
1240	26 
1241	44 
1242	44 
1243	12 
1244	22 
1245	30 
1246	6 
1247	28 
1248	11 
1249	44 
1250	30 
1251	5 
1252	22 
1253	22 
1254	23 
1255	42 
1256	8 
1257	36 
1258	3 
1259	30 
1260	44 
1261	35 
1262	23 
1263	8 
1264	1 
1265	23 
1266	3 
1267	17 
1268	11 
1269	44 
1270	4 
1271	40 
1272	1 
1273	1 
1274	40 
1275	42 
1276	44 
1277	10 
1278	35 
1279	23 
1280	11 
1281	40 
1282	8 
1283	21 
1284	42 
1285	11 
1286	8 
1287	44 
1288	8 
1289	36 
1290	34 
1291	23 
1292	44 
1293	22 
1294	5 
1295	11 
1296	40 
1297	42 
1298	39 
1299	8 
1300	36 
1301	30 
1302	44 
1303	36 
1304	42 
1305	30 
1306	3 
1307	30 
1308	30 
1309	21 
1310	1 
1311	22 
1312	12 
1313	23 
1314	23 
1315	40 
1316	8 
1317	42 
1318	8 
1319	1 
1320	22 
1321	42 
1322	11 
1323	40 
1324	17 
1325	42 
1326	22 
1327	8 
1328	11 
1329	8 
1330	8 
1331	41 
1332	8 
1333	40 
1334	21 
1335	44 
1336	3 
1337	44 
1338	36 
1339	11 
1340	42 
1341	11 
1342	36 
1343	30 
1344	1 
1345	23 
1346	36 
1347	42 
1348	26 
1349	23 
1350	44 
1351	8 
1352	42 
1353	3 
1354	42 
1355	1 
1356	11 
1357	30 
1358	22 
1359	42 
1360	40 
1361	11 
1362	43 
1363	21 
1364	1 
1365	1 
1366	3 
1367	35 
1368	22 
1369	1 
1370	23 
1371	8 
1372	40 
1373	16 
1374	8 
1375	40 
1376	42 
1377	3 
1378	45 
1379	35 
1380	44 
1381	46 
1382	6 
1383	35 
1384	11 
1385	21 
1386	11 
1387	22 
1388	30 
1389	1 
1390	8 
1391	15 
1392	44 
1393	14 
1394	14 
1395	12 
1396	12 
1397	42 
1398	11 
1399	45 
1400	11 
1401	18 
1402	19 
1403	30 
1404	1 
1405	19 
1406	42 
1407	11 
1408	40 
1409	11 
1410	36 
1411	42 
1412	34 
1413	30 
1414	9 
1415	8 
1416	35 
1417	22 
1418	44 
1419	14 
1420	42 
1421	42 
1422	42 
1423	11 
1424	44 
1425	40 
1426	18 
1427	45 
1428	36 
1429	7 
1430	10 
1431	19 
1432	3 
1433	3 
1434	5 
1435	32 
1436	8 
1437	14 
1438	5 
1439	3 
1440	44 
1441	1 
1442	3 
1443	11 
1444	5 
1445	40 
1446	30 
1447	11 
1448	44 
1449	36 
1450	44 
1451	14 
1452	40 
1453	40 
1454	23 
1455	22 
1456	1 
1457	12 
1458	25 
1459	40 
1460	3 
1461	8 
1462	42 
1463	8 
1464	11 
1465	6 
1466	8 
1467	8 
1468	5 
1469	1 
1470	1 
1471	8 
1472	10 
1473	1 
1474	36 
1475	6 
1476	11 
1477	44 
1478	30 
1479	8 
1480	44 
1481	3 
1482	40 
1483	5 
1484	8 
1485	23 
1486	3 
1487	20 
1488	8 
1489	46 
1490	8 
1491	44 
1492	42 
1493	1 
1494	36 
1495	13 
1496	1 
1497	38 
1498	23 
1499	8 
1500	42 
1501	42 
1502	11 
1503	11 
1504	11 
1505	44 
1506	11 
1507	36 
1508	11 
1509	42 
1510	11 
1511	8 
1512	1 
1513	14 
1514	1 
1515	12 
1516	11 
1517	30 
1518	23 
1519	17 
1520	1 
1521	1 
1522	12 
1523	30 
1524	22 
1525	4 
1526	44 
1527	42 
1528	44 
1529	36 
1530	45 
1531	35 
1532	10 
1533	12 
1534	42 
1535	8 
1536	45 
1537	40 
1538	12 
1539	35 
1540	25 
1541	8 
1542	30 
1543	23 
1544	28 
1545	8 
1546	19 
1547	11 
1548	3 
1549	3 
1550	1 
1551	21 
1552	30 
1553	40 
1554	3 
1555	30 
1556	34 
1557	8 
1558	28 
1559	42 
1560	11 
1561	45 
1562	22 
1563	30 
1564	5 
1565	11 
1566	44 
1567	3 
1568	11 
1569	3 
1570	40 
1571	18 
1572	3 
1573	30 
1574	22 
1575	6 
1576	34 
1577	30 
1578	10 
1579	8 
1580	11 
1581	46 
1582	8 
1583	22 
1584	1 
1585	40 
1586	11 
1587	36 
1588	44 
1589	8 
1590	42 
1591	42 
1592	6 
1593	30 
1594	44 
1595	42 
1596	44 
1597	40 
1598	1 
1599	5 
1600	45 
1601	44 
1602	35 
1603	12 
1604	8 
1605	1 
1606	44 
1607	42 
1608	23 
1609	35 
1610	44 
1611	44 
1612	8 
1613	35 
1614	3 
1615	44 
1616	1 
1617	42 
1618	42 
1619	11 
1620	8 
1621	23 
1622	44 
1623	3 
1624	35 
1625	8 
1626	13 
1627	40 
1628	3 
1629	42 
1630	46 
1631	42 
1632	1 
1633	36 
1634	44 
1635	8 
1636	11 
1637	44 
1638	42 
1639	8 
1640	8 
1641	38 
1642	5 
1643	19 
1644	8 
1645	36 
1646	11 
1647	3 
1648	5 
1649	8 
1650	11 
1651	8 
1652	8 
1653	42 
1654	23 
1655	1 
1656	11 
1657	11 
1658	14 
1659	6 
1660	22 
1661	44 
1662	1 
1663	42 
1664	1 
1665	42 
1666	42 
1667	3 
1668	35 
1669	22 
1670	40 
1671	11 
1672	1 
1673	3 
1674	11 
1675	13 
1676	44 
1677	5 
1678	8 
1679	35 
1680	44 
1681	46 
1682	23 
1683	42 
1684	1 
1685	11 
1686	23 
1687	12 
1688	8 
1689	40 
1690	13 
1691	8 
1692	1 
1693	30 
1694	1 
1695	36 
1696	3 
1697	36 
1698	42 
1699	5 
1700	40 
1701	30 
1702	44 
1703	1 
1704	44 
1705	42 
1706	36 
1707	8 
1708	1 
1709	1 
1710	40 
1711	5 
1712	2 
1713	11 
1714	22 
1715	3 
1716	30 
1717	11 
1718	42 
1719	16 
1720	8 
1721	1 
1722	44 
1723	46 
1724	44 
1725	19 
1726	11 
1727	22 
1728	1 
1729	42 
1730	44 
1731	23 
1732	30 
1733	1 
1734	22 
1735	1 
1736	30 
1737	42 
1738	29 
1739	1 
1740	12 
1741	36 
1742	44 
1743	30 
1744	26 
1745	16 
1746	8 
1747	1 
1748	36 
1749	36 
1750	42 
1751	8 
1752	35 
1753	1 
1754	44 
1755	32 
1756	23 
1757	36 
1758	22 
1759	13 
1760	42 
1761	45 
1762	35 
1763	23 
1764	30 
1765	1 
1766	30 
1767	11 
1768	42 
1769	1 
1770	17 
1771	3 
1772	30 
1773	42 
1774	11 
1775	40 
1776	22 
1777	46 
1778	22 
1779	1 
1780	40 
1781	36 
1782	30 
1783	45 
1784	30 
1785	44 
1786	11 
1787	44 
1788	40 
1789	30 
1790	36 
1791	3 
1792	38 
1793	30 
1794	18 
1795	8 
1796	22 
1797	30 
1798	23 
1799	11 
1800	5 
1801	6 
1802	11 
1803	1 
1804	40 
1805	1 
1806	12 
1807	36 
1808	13 
1809	16 
1810	11 
1811	44 
1812	8 
1813	8 
1814	42 
1815	3 
1816	12 
1817	42 
1818	11 
1819	34 
1820	42 
1821	46 
1822	11 
1823	30 
1824	40 
1825	42 
1826	36 
1827	16 
1828	1 
1829	40 
1830	32 
1831	16 
1832	35 
1833	5 
1834	46 
1835	44 
1836	3 
1837	35 
1838	36 
1839	44 
1840	44 
1841	36 
1842	11 
1843	11 
1844	35 
1845	42 
1846	21 
1847	44 
1848	45 
1849	42 
1850	44 
1851	40 
1852	1 
1853	8 
1854	44 
1855	44 
1856	11 
1857	6 
1858	40 
1859	1 
1860	42 
1861	22 
1862	9 
1863	8 
1864	11 
1865	46 
1866	45 
1867	8 
1868	45 
1869	23 
1870	42 
1871	44 
1872	15 
1873	42 
1874	22 
1875	31 
1876	30 
1877	4 
1878	39 
1879	30 
1880	11 
1881	1 
1882	40 
1883	36 
1884	8 
1885	36 
1886	42 
1887	8 
1888	1 
1889	36 
1890	1 
1891	44 
1892	44 
1893	1 
1894	11 
1895	11 
1896	3 
1897	23 
1898	45 
1899	8 
1900	40 
1901	44 
1902	30 
1903	44 
1904	23 
1905	44 
1906	12 
1907	42 
1908	30 
1909	1 
1910	1 
1911	30 
1912	25 
1913	45 
1914	11 
1915	35 
1916	1 
1917	32 
1918	1 
1919	17 
1920	3 
1921	11 
1922	11 
1923	3 
1924	7 
1925	40 
1926	39 
1927	36 
1928	42 
1929	11 
1930	44 
1931	12 
1932	11 
1933	40 
1934	34 
1935	35 
1936	3 
1937	44 
1938	8 
1939	3 
1940	6 
1941	8 
1942	44 
1943	1 
1944	42 
1945	45 
1946	3 
1947	11 
1948	15 
1949	43 
1950	8 
1951	8 
1952	40 
1953	30 
1954	46 
1955	30 
1956	3 
1957	1 
1958	40 
1959	30 
1960	8 
1961	44 
1962	11 
1963	44 
1964	36 
1965	35 
1966	17 
1967	23 
1968	30 
1969	1 
1970	4 
1971	11 
1972	42 
1973	8 
1974	1 
1975	42 
1976	44 
1977	44 
1978	3 
1979	44 
1980	8 
1981	35 
1982	23 
1983	12 
1984	8 
1985	40 
1986	1 
1987	45 
1988	44 
1989	36 
1990	10 
1991	8 
1992	35 
1993	2 
1994	3 
1995	36 
1996	44 
1997	42 
1998	36 
1999	11 
2000	8 
2001	22 
2002	8 
2003	3 
2004	36 
2005	36 
2006	22 
2007	44 
2008	35 
2009	40 
2010	30 
2011	23 
2012	44 
2013	11 
2014	30 
2015	8 
2016	8 
2017	44 
2018	11 
2019	11 
2020	11 
2021	44 
2022	40 
2023	21 
2024	44 
2025	30 
2026	36 
2027	36 
2028	1 
2029	22 
2030	36 
2031	40 
2032	23 
2033	23 
2034	40 
2035	1 
2036	40 
2037	4 
2038	36 
2039	8 
2040	42 
2041	22 
2042	1 
2043	1 
2044	30 
2045	43 
2046	40 
2047	19 
2048	36 
2049	36 
2050	8 
2051	1 
2052	3 
2053	30 
2054	22 
2055	36 
2056	3 
2057	5 
2058	36 
2059	23 
2060	5 
2061	21 
2062	40 
2063	44 
2064	8 
2065	10 
2066	35 
2067	1 
2068	3 
2069	42 
2070	36 
2071	13 
2072	36 
2073	13 
2074	3 
2075	12 
2076	42 
2077	39 
2078	11 
2079	1 
2080	45 
2081	40 
2082	42 
2083	4 
2084	30 
2085	40 
2086	42 
2087	23 
2088	8 
2089	23 
2090	1 
2091	44 
2092	42 
2093	44 
2094	8 
2095	1 
2096	11 
2097	36 
2098	36 
2099	40 
2100	3 
2101	19 
2102	1 
2103	45 
2104	44 
2105	11 
2106	34 
2107	11 
2108	11 
2109	6 
2110	45 
2111	23 
2112	42 
2113	12 
2114	3 
2115	3 
2116	8 
2117	42 
2118	22 
2119	12 
2120	23 
2121	30 
2122	22 
2123	35 
2124	12 
2125	11 
2126	14 
2127	36 
2128	1 
2129	45 
2130	11 
2131	30 
2132	12 
2133	3 
2134	3 
2135	12 
2136	44 
2137	22 
2138	30 
2139	8 
2140	23 
2141	8 
2142	36 
2143	3 
2144	8 
2145	21 
2146	32 
2147	36 
2148	1 
2149	3 
2150	8 
2151	12 
2152	17 
2153	23 
2154	11 
2155	22 
2156	44 
2157	36 
2158	14 
2159	8 
2160	42 
2161	36 
2162	23 
2163	44 
2164	42 
2165	1 
2166	3 
2167	42 
2168	11 
2169	44 
2170	2 
2171	42 
2172	14 
2173	44 
2174	1 
2175	10 
2176	25 
2177	8 
2178	40 
2179	34 
2180	8 
2181	8 
2182	28 
2183	10 
2184	42 
2185	44 
2186	34 
2187	5 
2188	3 
2189	44 
2190	11 
2191	11 
2192	44 
2193	8 
2194	44 
2195	22 
2196	17 
2197	23 
2198	8 
2199	36 
2200	40 
2201	6 
2202	40 
2203	44 
2204	44 
2205	22 
2206	8 
2207	30 
2208	42 
2209	1 
2210	5 
2211	21 
2212	8 
2213	8 
2214	6 
2215	35 
2216	36 
2217	1 
2218	11 
2219	20 
2220	44 
2221	17 
2222	15 
2223	30 
2224	42 
2225	40 
2226	42 
2227	5 
2228	44 
2229	42 
2230	36 
2231	44 
2232	1 
2233	43 
2234	35 
2235	1 
2236	1 
2237	29 
2238	1 
2239	12 
2240	11 
2241	38 
2242	3 
2243	45 
2244	41 
2245	8 
2246	22 
2247	44 
2248	46 
2249	11 
2250	35 
2251	8 
2252	6 
2253	42 
2254	3 
2255	42 
2256	1 
2257	11 
2258	30 
2259	5 
2260	22 
2261	12 
2262	11 
2263	3 
2264	8 
2265	22 
2266	44 
2267	22 
2268	22 
2269	6 
2270	42 
2271	15 
2272	8 
2273	12 
2274	42 
2275	23 
2276	42 
2277	8 
2278	6 
2279	30 
2280	11 
2281	17 
2282	17 
2283	30 
2284	42 
2285	22 
2286	38 
2287	3 
2288	42 
2289	40 
2290	40 
2291	40 
2292	8 
2293	45 
2294	3 
2295	36 
2296	3 
2297	8 
2298	42 
2299	29 
2300	3 
2301	21 
2302	21 
2303	21 
2304	22 
2305	5 
2306	36 
2307	11 
2308	46 
2309	17 
2310	44 
2311	42 
2312	40 
2313	13 
2314	23 
2315	30 
2316	42 
2317	3 
2318	5 
2319	19 
2320	1 
2321	5 
2322	23 
2323	19 
2324	43 
2325	36 
2326	44 
2327	44 
2328	42 
2329	3 
2330	12 
2331	45 
2332	3 
2333	3 
2334	22 
2335	17 
2336	23 
2337	13 
2338	1 
2339	35 
2340	19 
2341	36 
2342	15 
2343	40 
2344	35 
2345	6 
2346	44 
2347	11 
2348	1 
2349	46 
2350	22 
2351	14 
2352	30 
2353	23 
2354	8 
2355	2 
2356	10 
2357	30 
2358	13 
2359	12 
2360	42 
2361	38 
2362	42 
2363	4 
2364	11 
2365	44 
2366	13 
2367	36 
2368	11 
2369	3 
2370	36 
2371	3 
2372	30 
2373	42 
2374	44 
2375	17 
2376	43 
2377	22 
2378	1 
2379	8 
2380	23 
2381	44 
2382	8 
2383	12 
2384	38 
2385	8 
2386	30 
2387	42 
2388	1 
2389	9 
2390	3 
2391	16 
2392	6 
2393	1 
2394	30 
2395	1 
2396	30 
2397	40 
2398	43 
2399	30 
2400	40 
2401	42 
2402	35 
2403	41 
2404	12 
2405	44 
2406	22 
2407	46 
2408	40 
2409	10 
2410	11 
2411	42 
2412	17 
2413	44 
2414	17 
2415	30 
2416	36 
2417	5 
2418	45 
2419	5 
2420	3 
2421	23 
2422	35 
2423	4 
2424	42 
2425	3 
2426	45 
2427	42 
2428	8 
2429	40 
2430	23 
2431	8 
2432	43 
2433	8 
2434	40 
2435	3 
2436	1 
2437	34 
2438	14 
2439	12 
2440	45 
2441	36 
2442	42 
2443	3 
2444	11 
2445	18 
2446	22 
2447	3 
2448	13 
2449	42 
2450	3 
2451	44 
2452	11 
2453	8 
2454	5 
2455	8 
2456	22 
2457	44 
2458	3 
2459	36 
2460	1 
2461	22 
2462	8 
2463	36 
2464	1 
2465	40 
2466	3 
2467	22 
2468	44 
2469	42 
2470	3 
2471	40 
2472	3 
2473	40 
2474	42 
2475	11 
2476	46 
2477	30 
2478	1 
2479	1 
2480	42 
2481	35 
2482	42 
2483	46 
2484	44 
2485	36 
2486	12 
2487	20 
2488	45 
2489	22 
2490	17 
2491	42 
2492	8 
2493	30 
2494	30 
2495	44 
2496	39 
2497	36 
2498	45 
2499	8 
2500	11 
2501	45 
2502	30 
2503	3 
2504	42 
2505	3 
2506	13 
2507	44 
2508	8 
2509	44 
2510	30 
2511	1 
2512	44 
2513	42 
2514	11 
2515	44 
2516	40 
2517	1 
2518	22 
2519	44 
2520	45 
2521	40 
2522	8 
2523	3 
2524	10 
2525	42 
2526	1 
2527	1 
2528	21 
2529	42 
2530	12 
2531	10 
2532	44 
2533	13 
2534	23 
2535	44 
2536	42 
2537	14 
2538	1 
2539	45 
2540	12 
2541	12 
2542	45 
2543	19 
2544	44 
2545	30 
2546	44 
2547	1 
2548	35 
2549	8 
2550	1 
2551	3 
2552	36 
2553	40 
2554	22 
2555	17 
2556	11 
2557	40 
2558	3 
2559	11 
2560	11 
2561	42 
2562	3 
2563	32 
2564	36 
2565	2 
2566	11 
2567	2 
2568	44 
2569	22 
2570	3 
2571	11 
2572	23 
2573	30 
2574	3 
2575	44 
2576	1 
2577	11 
2578	8 
2579	5 
2580	3 
2581	11 
2582	8 
2583	6 
2584	42 
2585	42 
2586	45 
2587	30 
2588	3 
2589	36 
2590	36 
2591	31 
2592	12 
2593	23 
2594	3 
2595	44 
2596	42 
2597	42 
2598	44 
2599	3 
2600	32 
2601	1 
2602	42 
2603	36 
2604	17 
2605	3 
2606	22 
2607	22 
2608	36 
2609	44 
2610	11 
2611	1 
2612	8 
2613	11 
2614	15 
2615	42 
2616	3 
2617	23 
2618	44 
2619	11 
2620	29 
2621	13 
2622	11 
2623	46 
2624	14 
2625	39 
2626	13 
2627	30 
2628	17 
2629	3 
2630	8 
2631	22 
2632	1 
2633	3 
2634	35 
2635	30 
2636	8 
2637	11 
2638	5 
2639	8 
2640	11 
2641	42 
2642	42 
2643	35 
2644	23 
2645	17 
2646	3 
2647	30 
2648	44 
2649	3 
2650	3 
2651	35 
2652	30 
2653	40 
2654	3 
2655	42 
2656	17 
2657	3 
2658	44 
2659	22 
2660	3 
2661	46 
2662	8 
2663	13 
2664	28 
2665	21 
2666	8 
2667	22 
2668	22 
2669	5 
2670	42 
2671	17 
2672	42 
2673	1 
2674	42 
2675	3 
2676	23 
2677	11 
2678	42 
2679	40 
2680	44 
2681	11 
2682	8 
2683	3 
2684	5 
2685	30 
2686	45 
2687	44 
2688	44 
2689	3 
2690	40 
2691	23 
2692	40 
2693	1 
2694	23 
2695	42 
2696	8 
2697	30 
2698	12 
2699	23 
2700	44 
2701	40 
2702	23 
2703	35 
2704	22 
2705	11 
2706	31 
2707	36 
2708	35 
2709	44 
2710	44 
2711	12 
2712	8 
2713	11 
2714	5 
2715	44 
2716	1 
2717	11 
2718	8 
2719	5 
2720	28 
2721	23 
2722	3 
2723	3 
2724	11 
2725	1 
2726	8 
2727	21 
2728	8 
2729	36 
2730	42 
2731	40 
2732	17 
2733	1 
2734	45 
2735	40 
2736	35 
2737	8 
2738	42 
2739	36 
2740	3 
2741	40 
2742	1 
2743	4 
2744	11 
2745	5 
2746	42 
2747	44 
2748	11 
2749	1 
2750	40 
2751	40 
2752	40 
2753	45 
2754	40 
2755	22 
2756	17 
2757	42 
2758	12 
2759	11 
2760	1 
2761	36 
2762	23 
2763	36 
2764	8 
2765	40 
2766	40 
2767	12 
2768	7 
2769	3 
2770	22 
2771	8 
2772	11 
2773	3 
2774	11 
2775	1 
2776	17 
2777	21 
2778	30 
2779	23 
2780	1 
2781	42 
2782	44 
2783	1 
2784	22 
2785	12 
2786	30 
2787	1 
2788	21 
2789	30 
2790	36 
2791	39 
2792	44 
2793	1 
2794	35 
2795	42 
2796	1 
2797	35 
2798	45 
2799	11 
2800	8 
2801	11 
2802	36 
2803	17 
2804	44 
2805	44 
2806	8 
2807	1 
2808	44 
2809	32 
2810	1 
2811	8 
2812	30 
2813	44 
2814	36 
2815	36 
2816	8 
2817	23 
2818	6 
2819	40 
2820	42 
2821	5 
2822	36 
2823	43 
2824	23 
2825	36 
2826	2 
2827	36 
2828	19 
2829	44 
2830	11 
2831	1 
2832	1 
2833	44 
2834	3 
2835	22 
2836	43 
2837	30 
2838	7 
2839	23 
2840	42 
2841	35 
2842	11 
2843	40 
2844	3 
2845	11 
2846	11 
2847	11 
2848	30 
2849	8 
2850	3 
2851	36 
2852	14 
2853	8 
2854	11 
2855	3 
2856	3 
2857	30 
2858	17 
2859	40 
2860	3 
2861	40 
2862	22 
2863	42 
2864	11 
2865	11 
2866	30 
2867	11 
2868	8 
2869	40 
2870	45 
2871	44 
2872	13 
2873	1 
2874	12 
2875	11 
2876	44 
2877	23 
2878	11 
2879	42 
2880	44 
2881	22 
2882	1 
2883	11 
2884	35 
2885	30 
2886	40 
2887	8 
2888	23 
2889	42 
2890	17 
2891	5 
2892	38 
2893	17 
2894	3 
2895	35 
2896	30 
2897	43 
2898	23 
2899	8 
2900	44 
2901	34 
2902	30 
2903	40 
2904	11 
2905	42 
2906	30 
2907	23 
2908	19 
2909	30 
2910	8 
2911	22 
2912	36 
2913	34 
2914	44 
2915	20 
2916	20 
2917	29 
2918	8 
2919	1 
2920	11 
2921	44 
2922	42 
2923	8 
2924	44 
2925	3 
2926	3 
2927	23 
2928	30 
2929	35 
2930	5 
2931	38 
2932	8 
2933	3 
2934	40 
2935	45 
2936	8 
2937	44 
2938	5 
2939	1 
2940	30 
2941	12 
2942	8 
2943	8 
2944	36 
2945	1 
2946	3 
2947	1 
2948	44 
2949	5 
2950	11 
2951	36 
2952	3 
2953	36 
2954	21 
2955	10 
2956	30 
2957	8 
2958	42 
2959	12 
2960	44 
2961	1 
2962	36 
2963	30 
2964	20 
2965	42 
2966	23 
2967	19 
2968	42 
2969	30 
2970	8 
2971	3 
2972	10 
2973	30 
2974	42 
2975	42 
2976	5 
2977	44 
2978	1 
2979	30 
2980	8 
2981	11 
2982	36 
2983	23 
2984	22 
2985	5 
2986	2 
2987	40 
2988	8 
2989	8 
2990	11 
2991	11 
2992	42 
2993	3 
2994	14 
2995	11 
2996	23 
2997	43 
2998	42 
2999	44 
3000	11 
3001	44 
3002	44 
3003	22 
3004	22 
3005	42 
3006	1 
3007	19 
3008	3 
3009	11 
3010	46 
3011	1 
3012	8 
3013	11 
3014	30 
3015	8 
3016	40 
3017	40 
3018	11 
3019	45 
3020	8 
3021	44 
3022	11 
3023	14 
3024	6 
3025	40 
3026	30 
3027	44 
3028	30 
3029	6 
3030	1 
3031	42 
3032	11 
3033	5 
3034	23 
3035	40 
3036	8 
3037	44 
3038	8 
3039	1 
3040	42 
3041	11 
3042	44 
3043	22 
3044	1 
3045	3 
3046	32 
3047	7 
3048	40 
3049	17 
3050	8 
3051	14 
3052	36 
3053	3 
3054	11 
3055	44 
3056	1 
3057	11 
3058	40 
3059	17 
3060	22 
3061	10 
3062	44 
3063	11 
3064	40 
3065	8 
3066	30 
3067	42 
3068	8 
3069	35 
3070	11 
3071	36 
3072	3 
3073	44 
3074	1 
3075	42 
3076	35 
3077	15 
3078	11 
3079	16 
3080	45 
3081	8 
3082	8 
3083	11 
3084	12 
3085	13 
3086	8 
3087	36 
3088	42 
3089	8 
3090	30 
3091	11 
3092	1 
3093	42 
3094	42 
3095	5 
3096	45 
3097	12 
3098	45 
3099	3 
3100	11 
3101	44 
3102	11 
3103	22 
3104	44 
3105	8 
3106	8 
3107	44 
3108	35 
3109	11 
3110	32 
3111	23 
3112	43 
3113	35 
3114	8 
3115	45 
3116	19 
3117	5 
3118	22 
3119	42 
3120	1 
3121	1 
3122	42 
3123	3 
3124	11 
3125	5 
3126	42 
3127	17 
3128	11 
3129	11 
3130	1 
3131	11 
3132	8 
3133	40 
3134	40 
3135	23 
3136	13 
3137	11 
3138	12 
3139	1 
3140	8 
3141	36 
3142	11 
3143	21 
3144	3 
3145	3 
3146	8 
3147	42 
3148	8 
3149	12 
3150	1 
3151	44 
3152	22 
3153	30 
3154	40 
3155	19 
3156	11 
3157	8 
3158	11 
3159	3 
3160	3 
3161	30 
3162	40 
3163	3 
3164	44 
3165	28 
3166	22 
3167	11 
3168	8 
3169	5 
3170	8 
3171	40 
3172	22 
3173	44 
3174	8 
3175	3 
3176	36 
3177	3 
3178	1 
3179	45 
3180	10 
3181	23 
3182	1 
3183	42 
3184	11 
3185	1 
3186	35 
3187	11 
3188	1 
3189	36 
3190	17 
3191	36 
3192	23 
3193	23 
3194	11 
3195	44 
3196	3 
3197	1 
3198	3 
3199	11 
3200	30 
3201	3 
3202	23 
3203	23 
3204	5 
3205	21 
3206	23 
3207	12 
3208	8 
3209	35 
3210	30 
3211	44 
3212	44 
3213	14 
3214	36 
3215	12 
3216	35 
3217	11 
3218	44 
3219	30 
3220	8 
3221	3 
3222	36 
3223	44 
3224	3 
3225	35 
3226	21 
3227	40 
3228	11 
3229	8 
3230	8 
3231	45 
3232	3 
3233	30 
3234	23 
3235	8 
3236	40 
3237	8 
3238	46 
3239	8 
3240	3 
3241	45 
3242	1 
3243	42 
3244	13 
3245	40 
3246	13 
3247	16 
3248	11 
3249	1 
3250	44 
3251	39 
3252	22 
3253	36 
3254	1 
3255	6 
3256	46 
3257	11 
3258	30 
3259	1 
3260	35 
3261	3 
3262	8 
3263	1 
3264	11 
3265	35 
3266	44 
3267	35 
3268	45 
3269	42 
3270	11 
3271	36 
3272	35 
3273	8 
3274	4 
3275	22 
3276	45 
3277	44 
3278	22 
3279	14 
3280	21 
3281	6 
3282	3 
3283	36 
3284	44 
3285	44 
3286	44 
3287	3 
3288	8 
3289	36 
3290	11 
3291	17 
3292	3 
3293	44 
3294	12 
3295	15 
3296	11 
3297	22 
3298	11 
3299	40 
3300	40 
3301	36 
3302	30 
3303	36 
3304	32 
3305	40 
3306	36 
3307	23 
3308	17 
3309	8 
3310	44 
3311	11 
3312	44 
3313	6 
3314	3 
3315	11 
3316	1 
3317	11 
3318	11 
3319	1 
3320	1 
3321	43 
3322	44 
3323	30 
3324	30 
3325	40 
3326	1 
3327	8 
3328	13 
3329	8 
3330	23 
3331	36 
3332	1 
3333	21 
3334	42 
3335	1 
3336	17 
3337	8 
3338	36 
3339	36 
3340	40 
3341	6 
3342	36 
3343	35 
3344	4 
3345	35 
3346	35 
3347	23 
3348	23 
3349	5 
3350	1 
3351	42 
3352	11 
3353	11 
3354	23 
3355	1 
3356	1 
3357	15 
3358	30 
3359	44 
3360	11 
3361	22 
3362	11 
3363	11 
3364	8 
3365	30 
3366	23 
3367	22 
3368	44 
3369	11 
3370	46 
3371	8 
3372	5 
3373	1 
3374	22 
3375	44 
3376	1 
3377	42 
3378	8 
3379	1 
3380	35 
3381	36 
3382	8 
3383	22 
3384	22 
3385	40 
3386	22 
3387	11 
3388	42 
3389	6 
3390	36 
3391	36 
3392	36 
3393	42 
3394	42 
3395	23 
3396	11 
3397	2 
3398	17 
3399	11 
3400	8 
3401	22 
3402	35 
3403	1 
3404	17 
3405	8 
3406	36 
3407	22 
3408	8 
3409	23 
3410	36 
3411	42 
3412	46 
3413	3 
3414	42 
3415	1 
3416	11 
3417	30 
3418	40 
3419	20 
3420	40 
3421	8 
3422	11 
3423	44 
3424	23 
3425	3 
3426	8 
3427	44 
3428	42 
3429	11 
3430	11 
3431	17 
3432	44 
3433	23 
3434	35 
3435	6 
3436	40 
3437	44 
3438	30 
3439	30 
3440	10 
3441	11 
3442	21 
3443	36 
3444	21 
3445	11 
3446	40 
3447	42 
3448	3 
3449	42 
3450	40 
3451	40 
3452	12 
3453	16 
3454	23 
3455	30 
3456	8 
3457	39 
3458	44 
3459	12 
3460	6 
3461	11 
3462	8 
3463	14 
3464	44 
3465	1 
3466	11 
3467	44 
3468	42 
3469	3 
3470	8 
3471	22 
3472	15 
3473	30 
3474	6 
3475	38 
3476	42 
3477	8 
3478	23 
3479	36 
3480	44 
3481	44 
3482	40 
3483	36 
3484	30 
3485	5 
3486	38 
3487	42 
3488	36 
3489	17 
3490	3 
3491	3 
3492	36 
3493	30 
3494	1 
3495	42 
3496	10 
3497	7 
3498	11 
3499	36 
3500	14 
3501	17 
3502	21 
3503	40 
3504	12 
3505	44 
3506	1 
3507	36 
3508	16 
3509	36 
3510	36 
3511	13 
3512	16 
3513	40 
3514	23 
3515	23 
3516	36 
3517	36 
3518	44 
3519	42 
3520	40 
3521	12 
3522	11 
3523	44 
3524	3 
3525	38 
3526	3 
3527	40 
3528	18 
3529	1 
3530	40 
3531	44 
3532	2 
3533	1 
3534	20 
3535	8 
3536	11 
3537	5 
3538	23 
3539	21 
3540	40 
3541	28 
3542	36 
3543	1 
3544	36 
3545	44 
3546	44 
3547	1 
3548	44 
3549	36 
3550	13 
3551	40 
3552	20 
3553	34 
3554	40 
3555	3 
3556	42 
3557	35 
3558	11 
3559	12 
3560	7 
3561	4 
3562	36 
3563	23 
3564	36 
3565	8 
3566	8 
3567	3 
3568	44 
3569	42 
3570	30 
3571	30 
3572	23 
3573	23 
3574	6 
3575	1 
3576	40 
3577	17 
3578	11 
3579	44 
3580	40 
3581	44 
3582	11 
3583	30 
3584	42 
3585	40 
3586	11 
3587	12 
3588	16 
3589	8 
3590	17 
3591	3 
3592	44 
3593	44 
3594	36 
3595	3 
3596	42 
3597	12 
3598	42 
3599	11 
3600	12 
3601	44 
3602	42 
3603	8 
3604	44 
3605	11 
3606	11 
3607	3 
3608	2 
3609	44 
3610	44 
3611	35 
3612	36 
3613	3 
3614	44 
3615	3 
3616	1 
3617	22 
3618	42 
3619	22 
3620	44 
3621	36 
3622	23 
3623	30 
3624	45 
3625	35 
3626	12 
3627	11 
3628	30 
3629	23 
3630	6 
3631	22 
3632	34 
3633	11 
3634	40 
3635	35 
3636	3 
3637	3 
3638	11 
3639	34 
3640	40 
3641	42 
3642	21 
3643	42 
3644	32 
3645	22 
3646	1 
3647	11 
3648	30 
3649	11 
3650	23 
3651	36 
3652	8 
3653	46 
3654	11 
3655	22 
3656	21 
3657	17 
3658	30 
3659	44 
3660	15 
3661	35 
3662	30 
3663	17 
3664	3 
3665	35 
3666	46 
3667	11 
3668	17 
3669	23 
3670	3 
3671	35 
3672	1 
3673	11 
3674	30 
3675	3 
3676	44 
3677	40 
3678	1 
3679	2 
3680	11 
3681	22 
3682	13 
3683	42 
3684	5 
3685	5 
3686	46 
3687	44 
3688	2 
3689	17 
3690	8 
3691	36 
3692	21 
3693	3 
3694	42 
3695	11 
3696	36 
3697	3 
3698	42 
3699	10 
3700	23 
3701	39 
3702	34 
3703	11 
3704	8 
3705	1 
3706	40 
3707	16 
3708	3 
3709	35 
3710	32 
3711	19 
3712	3 
3713	42 
3714	6 
3715	44 
3716	11 
3717	3 
3718	17 
3719	23 
3720	35 
3721	35 
3722	3 
3723	8 
3724	8 
3725	35 
3726	22 
3727	30 
3728	36 
3729	30 
3730	1 
3731	8 
3732	5 
3733	35 
3734	14 
3735	44 
3736	40 
3737	30 
3738	36 
3739	1 
3740	43 
3741	30 
3742	42 
3743	11 
3744	8 
3745	14 
3746	44 
3747	45 
3748	42 
3749	3 
3750	17 
3751	40 
3752	11 
3753	8 
3754	11 
3755	15 
3756	42 
3757	8 
3758	8 
3759	44 
3760	1 
3761	35 
3762	36 
3763	8 
3764	30 
3765	10 
3766	23 
3767	1 
3768	1 
3769	40 
3770	1 
3771	40 
3772	42 
3773	8 
3774	3 
3775	40 
3776	8 
3777	40 
3778	44 
3779	1 
3780	4 
3781	46 
3782	35 
3783	36 
3784	1 
3785	13 
3786	36 
3787	1 
3788	11 
3789	1 
3790	3 
3791	4 
3792	5 
3793	3 
3794	42 
3795	16 
3796	36 
3797	5 
3798	17 
3799	4 
3800	1 
3801	1 
3802	40 
3803	2 
3804	30 
3805	44 
3806	44 
3807	20 
3808	11 
3809	1 
3810	11 
3811	17 
3812	35 
3813	12 
3814	36 
3815	12 
3816	44 
3817	5 
3818	36 
3819	23 
3820	36 
3821	44 
3822	46 
3823	11 
3824	1 
3825	5 
3826	35 
3827	36 
3828	18 
3829	42 
3830	39 
3831	3 
3832	1 
3833	40 
3834	16 
3835	30 
3836	40 
3837	15 
3838	8 
3839	11 
3840	8 
3841	36 
3842	18 
3843	22 
3844	17 
3845	5 
3846	11 
3847	44 
3848	40 
3849	34 
3850	30 
3851	8 
3852	22 
3853	12 
3854	30 
3855	45 
3856	4 
3857	23 
3858	42 
3859	45 
3860	44 
3861	44 
3862	17 
3863	44 
3864	6 
3865	1 
3866	8 
3867	11 
3868	2 
3869	23 
3870	14 
3871	3 
3872	3 
3873	28 
3874	11 
3875	1 
3876	1 
3877	3 
3878	45 
3879	36 
3880	8 
3881	11 
3882	11 
3883	42 
3884	23 
3885	45 
3886	23 
3887	12 
3888	3 
3889	11 
3890	8 
3891	3 
3892	40 
3893	11 
3894	44 
3895	44 
3896	35 
3897	42 
3898	42 
3899	15 
3900	11 
3901	5 
3902	30 
3903	30 
3904	44 
3905	19 
3906	40 
3907	30 
3908	42 
3909	6 
3910	22 
3911	11 
3912	22 
3913	35 
3914	3 
3915	17 
3916	1 
3917	35 
3918	36 
3919	35 
3920	11 
3921	42 
3922	35 
3923	45 
3924	28 
3925	42 
3926	3 
3927	1 
3928	6 
3929	12 
3930	42 
3931	44 
3932	11 
3933	30 
3934	22 
3935	23 
3936	8 
3937	8 
3938	44 
3939	35 
3940	42 
3941	11 
3942	23 
3943	35 
3944	11 
3945	8 
3946	30 
3947	21 
3948	1 
3949	35 
3950	44 
3951	35 
3952	22 
3953	23 
3954	35 
3955	36 
3956	45 
3957	45 
3958	42 
3959	44 
3960	36 
3961	5 
3962	44 
3963	3 
3964	45 
3965	23 
3966	30 
3967	8 
3968	40 
3969	8 
3970	30 
3971	11 
3972	1 
3973	8 
3974	3 
3975	12 
3976	8 
3977	22 
3978	22 
3979	22 
3980	8 
3981	20 
3982	3 
3983	40 
3984	21 
3985	1 
3986	8 
3987	17 
3988	44 
3989	36 
3990	8 
3991	8 
3992	17 
3993	23 
3994	38 
3995	40 
3996	44 
3997	40 
3998	1 
3999	44 
4000	16 
4001	21 
4002	11 
4003	1 
4004	35 
4005	30 
4006	3 
4007	14 
4008	11 
4009	16 
4010	6 
4011	14 
4012	39 
4013	42 
4014	44 
4015	35 
4016	14 
4017	1 
4018	44 
4019	42 
4020	36 
4021	22 
4022	34 
4023	34 
4024	43 
4025	30 
4026	44 
4027	36 
4028	32 
4029	44 
4030	45 
4031	42 
4032	30 
4033	42 
4034	40 
4035	36 
4036	11 
4037	8 
4038	28 
4039	42 
4040	30 
4041	3 
4042	40 
4043	1 
4044	42 
4045	8 
4046	22 
4047	35 
4048	2 
4049	45 
4050	11 
4051	2 
4052	19 
4053	8 
4054	40 
4055	42 
4056	40 
4057	40 
4058	44 
4059	5 
4060	8 
4061	36 
4062	23 
4063	30 
4064	3 
4065	2 
4066	16 
4067	11 
4068	44 
4069	40 
4070	35 
4071	23 
4072	1 
4073	11 
4074	1 
4075	1 
4076	30 
4077	8 
4078	44 
4079	13 
4080	8 
4081	2 
4082	42 
4083	44 
4084	12 
4085	15 
4086	11 
4087	40 
4088	1 
4089	42 
4090	1 
4091	42 
4092	40 
4093	23 
4094	17 
4095	42 
4096	40 
4097	16 
4098	11 
4099	44 
4100	30 
4101	42 
4102	3 
4103	1 
4104	22 
4105	8 
4106	3 
4107	40 
4108	3 
4109	8 
4110	23 
4111	36 
4112	1 
4113	3 
4114	11 
4115	8 
4116	36 
4117	44 
4118	1 
4119	42 
4120	8 
4121	1 
4122	23 
4123	11 
4124	1 
4125	18 
4126	40 
4127	34 
4128	1 
4129	8 
4130	45 
4131	36 
4132	36 
4133	3 
4134	8 
4135	8 
4136	44 
4137	30 
4138	30 
4139	6 
4140	45 
4141	30 
4142	30 
4143	1 
4144	16 
4145	30 
4146	36 
4147	45 
4148	42 
4149	3 
4150	11 
4151	11 
4152	17 
4153	13 
4154	23 
4155	40 
4156	8 
4157	15 
4158	45 
4159	30 
4160	30 
4161	43 
4162	8 
4163	21 
4164	30 
4165	22 
4166	15 
4167	36 
4168	40 
4169	1 
4170	32 
4171	3 
4172	30 
4173	1 
4174	6 
4175	22 
4176	8 
4177	11 
4178	42 
4179	1 
4180	22 
4181	3 
4182	3 
4183	3 
4184	22 
4185	22 
4186	13 
4187	42 
4188	12 
4189	40 
4190	3 
4191	44 
4192	40 
4193	8 
4194	44 
4195	36 
4196	1 
4197	11 
4198	11 
4199	42 
4200	8 
4201	35 
4202	45 
4203	46 
4204	1 
4205	10 
4206	42 
4207	42 
4208	23 
4209	22 
4210	30 
4211	15 
4212	3 
4213	21 
4214	17 
4215	3 
4216	3 
4217	43 
4218	3 
4219	36 
4220	40 
4221	35 
4222	22 
4223	40 
4224	42 
4225	6 
4226	23 
4227	35 
4228	42 
4229	30 
4230	13 
4231	8 
4232	44 
4233	42 
4234	44 
4235	40 
4236	11 
4237	23 
4238	40 
4239	23 
4240	23 
4241	44 
4242	8 
4243	44 
4244	5 
4245	42 
4246	11 
4247	1 
4248	30 
4249	11 
4250	35 
4251	11 
4252	36 
4253	11 
4254	42 
4255	40 
4256	36 
4257	45 
4258	11 
4259	8 
4260	3 
4261	36 
4262	11 
4263	3 
4264	44 
4265	8 
4266	23 
4267	8 
4268	23 
4269	8 
4270	30 
4271	11 
4272	22 
4273	22 
4274	1 
4275	35 
4276	22 
4277	11 
4278	11 
4279	35 
4280	45 
4281	17 
4282	8 
4283	11 
4284	8 
4285	23 
4286	30 
4287	45 
4288	3 
4289	11 
4290	3 
4291	11 
4292	5 
4293	35 
4294	36 
4295	44 
4296	8 
4297	3 
4298	8 
4299	11 
4300	2 
4301	46 
4302	44 
4303	3 
4304	36 
4305	1 
4306	1 
4307	44 
4308	44 
4309	42 
4310	11 
4311	11 
4312	35 
4313	35 
4314	39 
4315	22 
4316	3 
4317	44 
4318	11 
4319	30 
4320	36 
4321	11 
4322	22 
4323	11 
4324	8 
4325	40 
4326	23 
4327	32 
4328	44 
4329	44 
4330	45 
4331	3 
4332	3 
4333	35 
4334	42 
4335	35 
4336	40 
4337	10 
4338	42 
4339	1 
4340	23 
4341	1 
4342	44 
4343	34 
4344	12 
4345	44 
4346	3 
4347	21 
4348	22 
4349	3 
4350	36 
4351	30 
4352	1 
4353	44 
4354	42 
4355	23 
4356	42 
4357	22 
4358	1 
4359	23 
4360	1 
4361	12 
4362	35 
4363	45 
4364	13 
4365	42 
4366	8 
4367	21 
4368	12 
4369	23 
4370	42 
4371	44 
4372	3 
4373	3 
4374	14 
4375	3 
4376	44 
4377	11 
4378	23 
4379	21 
4380	19 
4381	30 
4382	1 
4383	42 
4384	42 
4385	44 
4386	45 
4387	44 
4388	42 
4389	22 
4390	45 
4391	1 
4392	10 
4393	36 
4394	8 
4395	11 
4396	8 
4397	44 
4398	1 
4399	12 
4400	6 
4401	36 
4402	21 
4403	8 
4404	44 
4405	8 
4406	35 
4407	15 
4408	8 
4409	44 
4410	30 
4411	35 
4412	22 
4413	44 
4414	1 
4415	30 
4416	1 
4417	44 
4418	45 
4419	11 
4420	42 
4421	22 
4422	44 
4423	1 
4424	3 
4425	3 
4426	42 
4427	5 
4428	22 
4429	44 
4430	42 
4431	13 
4432	42 
4433	23 
4434	44 
4435	11 
4436	11 
4437	11 
4438	30 
4439	1 
4440	3 
4441	11 
4442	11 
4443	42 
4444	3 
4445	11 
4446	45 
4447	35 
4448	32 
4449	42 
4450	8 
4451	44 
4452	11 
4453	3 
4454	1 
4455	44 
4456	22 
4457	40 
4458	6 
4459	8 
4460	8 
4461	6 
4462	8 
4463	3 
4464	30 
4465	44 
4466	11 
4467	42 
4468	40 
4469	44 
4470	3 
4471	3 
4472	12 
4473	38 
4474	36 
4475	22 
4476	36 
4477	40 
4478	11 
4479	44 
4480	1 
4481	44 
4482	30 
4483	12 
4484	11 
4485	1 
4486	23 
4487	22 
4488	1 
4489	36 
4490	23 
4491	11 
4492	44 
4493	8 
4494	22 
4495	11 
4496	3 
4497	8 
4498	36 
4499	30 
4500	42 
4501	19 
4502	40 
4503	35 
4504	3 
4505	22 
4506	3 
4507	23 
4508	3 
4509	11 
4510	1 
4511	40 
4512	12 
4513	1 
4514	42 
4515	1 
4516	3 
4517	11 
4518	30 
4519	36 
4520	6 
4521	40 
4522	44 
4523	6 
4524	15 
4525	40 
4526	42 
4527	8 
4528	11 
4529	1 
4530	3 
4531	21 
4532	11 
4533	8 
4534	8 
4535	42 
4536	42 
4537	3 
4538	42 
4539	30 
4540	14 
4541	40 
4542	14 
4543	44 
4544	8 
4545	36 
4546	11 
4547	23 
4548	42 
4549	36 
4550	22 
4551	45 
4552	44 
4553	1 
4554	12 
4555	1 
4556	40 
4557	8 
4558	1 
4559	36 
4560	40 
4561	23 
4562	21 
4563	30 
4564	40 
4565	3 
4566	8 
4567	36 
4568	11 
4569	22 
4570	43 
4571	14 
4572	21 
4573	30 
4574	1 
4575	12 
4576	22 
4577	23 
4578	12 
4579	30 
4580	30 
4581	44 
4582	1 
4583	5 
4584	35 
4585	23 
4586	44 
4587	30 
4588	22 
4589	35 
4590	42 
4591	36 
4592	1 
4593	11 
4594	36 
4595	3 
4596	11 
4597	22 
4598	42 
4599	30 
4600	8 
4601	44 
4602	42 
4603	13 
4604	8 
4605	23 
4606	11 
4607	43 
4608	44 
4609	17 
4610	1 
4611	23 
4612	43 
4613	3 
4614	45 
4615	12 
4616	13 
4617	1 
4618	8 
4619	10 
4620	8 
4621	44 
4622	44 
4623	5 
4624	42 
4625	8 
4626	8 
4627	42 
4628	5 
4629	44 
4630	8 
4631	8 
4632	40 
4633	8 
4634	42 
4635	44 
4636	1 
4637	42 
4638	36 
4639	23 
4640	36 
4641	3 
4642	36 
4643	11 
4644	44 
4645	42 
4646	8 
4647	11 
4648	11 
4649	30 
4650	30 
4651	8 
4652	46 
4653	1 
4654	11 
4655	36 
4656	12 
4657	23 
4658	30 
4659	14 
4660	22 
4661	10 
4662	11 
4663	30 
4664	6 
4665	36 
4666	40 
4667	11 
4668	23 
4669	22 
4670	44 
4671	1 
4672	40 
4673	35 
4674	44 
4675	11 
4676	12 
4677	1 
4678	1 
4679	44 
4680	1 
4681	42 
4682	8 
4683	36 
4684	42 
4685	1 
4686	1 
4687	1 
4688	3 
4689	8 
4690	8 
4691	1 
4692	11 
4693	44 
4694	46 
4695	3 
4696	36 
4697	11 
4698	3 
4699	3 
4700	12 
4701	11 
4702	3 
4703	3 
4704	44 
4705	1 
4706	8 
4707	3 
4708	44 
4709	40 
4710	30 
4711	8 
4712	36 
4713	30 
4714	40 
4715	23 
4716	36 
4717	36 
4718	44 
4719	30 
4720	44 
4721	30 
4722	1 
4723	36 
4724	44 
4725	3 
4726	8 
4727	22 
4728	1 
4729	16 
4730	36 
4731	11 
4732	45 
4733	44 
4734	30 
4735	44 
4736	8 
4737	11 
4738	42 
4739	1 
4740	1 
4741	11 
4742	1 
4743	11 
4744	44 
4745	22 
4746	30 
4747	36 
4748	5 
4749	12 
4750	44 
4751	1 
4752	36 
4753	42 
4754	3 
4755	1 
4756	8 
4757	44 
4758	42 
4759	44 
4760	8 
4761	5 
4762	42 
4763	8 
4764	35 
4765	12 
4766	8 
4767	23 
4768	36 
4769	44 
4770	35 
4771	11 
4772	1 
4773	44 
4774	17 
4775	36 
4776	13 
4777	1 
4778	8 
4779	6 
4780	45 
4781	30 
4782	44 
4783	5 
4784	8 
4785	22 
4786	22 
4787	23 
4788	1 
4789	45 
4790	17 
4791	1 
4792	8 
4793	3 
4794	42 
4795	45 
4796	40 
4797	8 
4798	11 
4799	44 
4800	14 
4801	42 
4802	17 
4803	8 
4804	44 
4805	35 
4806	40 
4807	40 
4808	36 
4809	8 
4810	46 
4811	36 
4812	3 
4813	1 
4814	3 
4815	36 
4816	23 
4817	8 
4818	30 
4819	40 
4820	23 
4821	30 
4822	11 
4823	8 
4824	42 
4825	44 
4826	12 
4827	22 
4828	36 
4829	6 
4830	40 
4831	40 
4832	11 
4833	22 
4834	35 
4835	36 
4836	22 
4837	42 
4838	36 
4839	36 
4840	35 
4841	8 
4842	11 
4843	6 
4844	5 
4845	11 
4846	1 
4847	44 
4848	17 
4849	44 
4850	11 
4851	44 
4852	3 
4853	22 
4854	44 
4855	8 
4856	40 
4857	23 
4858	42 
4859	23 
4860	1 
4861	30 
4862	35 
4863	11 
4864	23 
4865	1 
4866	30 
4867	40 
4868	11 
4869	12 
4870	40 
4871	11 
4872	40 
4873	3 
4874	30 
4875	44 
4876	44 
4877	42 
4878	35 
4879	1 
4880	3 
4881	42 
4882	44 
4883	44 
4884	30 
4885	40 
4886	44 
4887	5 
4888	11 
4889	36 
4890	11 
4891	1 
4892	11 
4893	1 
4894	17 
4895	44 
4896	23 
4897	40 
4898	44 
4899	12 
4900	1 
4901	30 
4902	30 
4903	12 
4904	23 
4905	40 
4906	3 
4907	22 
4908	22 
4909	42 
4910	1 
4911	11 
4912	42 
4913	11 
4914	3 
4915	11 
4916	36 
4917	3 
4918	8 
4919	40 
4920	22 
4921	30 
4922	45 
4923	8 
4924	44 
4925	12 
4926	36 
4927	30 
4928	11 
4929	40 
4930	42 
4931	36 
4932	42 
4933	1 
4934	1 
4935	42 
4936	3 
4937	3 
4938	8 
4939	42 
4940	11 
4941	8 
4942	42 
4943	3 
4944	1 
4945	30 
4946	8 
4947	3 
4948	40 
4949	30 
4950	11 
4951	44 
4952	44 
4953	42 
4954	1 
4955	35 
4956	22 
4957	8 
4958	30 
4959	8 
4960	42 
4961	11 
4962	11 
4963	11 
4964	23 
4965	8 
4966	8 
4967	30 
4968	30 
4969	3 
4970	36 
4971	36 
4972	30 
4973	40 
4974	42 
4975	1 
4976	8 
4977	36 
4978	44 
4979	40 
4980	44 
4981	11 
4982	1 
4983	40 
4984	11 
4985	8 
4986	8 
4987	1 
4988	44 
4989	3 
4990	1 
4991	11 
4992	3 
4993	42 
4994	44 
4995	11 
4996	11 
4997	8 
4998	42 
4999	44 
5000	44 
