1	7 
2	4 
3	26 
4	7 
5	2 
6	30 
7	7 
8	35 
9	4 
10	10 
11	6 
12	34 
13	14 
14	35 
15	28 
16	2 
17	28 
18	13 
19	29 
20	28 
21	33 
22	32 
23	14 
24	24 
25	30 
26	14 
27	37 
28	9 
29	32 
30	18 
31	32 
32	31 
33	20 
34	20 
35	33 
36	14 
37	16 
38	11 
39	16 
40	4 
41	16 
42	22 
43	40 
44	11 
45	36 
46	3 
47	10 
48	21 
49	38 
50	37 
51	3 
52	22 
53	17 
54	13 
55	16 
56	22 
57	10 
58	12 
59	5 
60	26 
61	33 
62	2 
63	39 
64	12 
65	7 
66	33 
67	1 
68	32 
69	34 
70	32 
71	22 
72	6 
73	36 
74	8 
75	10 
76	2 
77	27 
78	35 
79	22 
80	30 
81	17 
82	6 
83	7 
84	38 
85	24 
86	24 
87	18 
88	38 
89	2 
90	23 
91	5 
92	25 
93	24 
94	36 
95	29 
96	13 
97	13 
98	25 
99	27 
100	18 
101	24 
102	7 
103	18 
104	29 
105	8 
106	36 
107	7 
108	34 
109	36 
110	28 
111	40 
112	33 
113	4 
114	40 
115	17 
116	39 
117	9 
118	19 
119	18 
120	29 
121	10 
122	40 
123	32 
124	22 
125	30 
126	3 
127	8 
128	40 
129	20 
130	17 
131	21 
132	18 
133	36 
134	21 
135	24 
136	24 
137	36 
138	35 
139	17 
140	33 
141	13 
142	12 
143	30 
144	28 
145	16 
146	13 
147	39 
148	22 
149	21 
150	12 
151	11 
152	31 
153	40 
154	3 
155	20 
156	26 
157	30 
158	39 
159	26 
160	14 
161	36 
162	16 
163	35 
164	37 
165	2 
166	20 
167	40 
168	18 
169	40 
170	34 
171	33 
172	7 
173	32 
174	22 
175	13 
176	3 
177	24 
178	34 
179	38 
180	11 
181	20 
182	1 
183	14 
184	32 
185	12 
186	12 
187	6 
188	16 
189	36 
190	5 
191	26 
192	16 
193	33 
194	27 
195	28 
196	13 
197	25 
198	3 
199	5 
200	26 
201	12 
202	35 
203	28 
204	9 
205	30 
206	20 
207	19 
208	15 
209	4 
210	16 
211	34 
212	4 
213	31 
214	2 
215	34 
216	17 
217	17 
218	4 
219	10 
220	37 
221	22 
222	28 
223	16 
224	3 
225	36 
226	28 
227	8 
228	29 
229	17 
230	2 
231	19 
232	18 
233	30 
234	22 
235	37 
236	23 
237	20 
238	30 
239	5 
240	31 
241	24 
242	35 
243	6 
244	18 
245	40 
246	17 
247	23 
248	11 
249	34 
250	20 
251	14 
252	16 
253	19 
254	9 
255	40 
256	5 
257	10 
258	7 
259	19 
260	21 
261	31 
262	2 
263	6 
264	32 
265	37 
266	18 
267	6 
268	37 
269	25 
270	14 
271	20 
272	36 
273	40 
274	13 
275	10 
276	7 
277	20 
278	40 
279	28 
280	29 
281	37 
282	39 
283	6 
284	20 
285	28 
286	36 
287	16 
288	14 
289	4 
290	34 
291	30 
292	40 
293	12 
294	22 
295	7 
296	17 
297	40 
298	34 
299	33 
300	23 
301	19 
302	29 
303	15 
304	7 
305	37 
306	9 
307	30 
308	29 
309	22 
310	32 
311	25 
312	6 
313	29 
314	13 
315	6 
316	35 
317	10 
318	20 
319	35 
320	7 
321	27 
322	18 
323	39 
324	26 
325	13 
326	12 
327	33 
328	19 
329	20 
330	38 
331	24 
332	16 
333	18 
334	7 
335	19 
336	25 
337	39 
338	16 
339	2 
340	36 
341	7 
342	6 
343	22 
344	16 
345	30 
346	34 
347	28 
348	31 
349	5 
350	36 
351	31 
352	19 
353	10 
354	11 
355	20 
356	12 
357	35 
358	25 
359	39 
360	34 
361	12 
362	39 
363	40 
364	6 
365	10 
366	16 
367	19 
368	33 
369	14 
370	28 
371	24 
372	20 
373	23 
374	40 
375	2 
376	17 
377	28 
378	14 
379	16 
380	6 
381	6 
382	35 
383	22 
384	7 
385	13 
386	17 
387	34 
388	10 
389	10 
390	22 
391	24 
392	18 
393	5 
394	22 
395	27 
396	23 
397	25 
398	14 
399	10 
400	3 
401	5 
402	28 
403	30 
404	35 
405	22 
406	28 
407	34 
408	24 
409	33 
410	7 
411	28 
412	11 
413	16 
414	25 
415	17 
416	39 
417	7 
418	20 
419	3 
420	9 
421	18 
422	23 
423	30 
424	25 
425	35 
426	7 
427	23 
428	32 
429	39 
430	36 
431	16 
432	39 
433	21 
434	13 
435	30 
436	38 
437	15 
438	24 
439	5 
440	32 
441	5 
442	12 
443	28 
444	40 
445	32 
446	1 
447	16 
448	2 
449	1 
450	23 
451	19 
452	40 
453	18 
454	32 
455	9 
456	31 
457	32 
458	19 
459	32 
460	35 
461	4 
462	36 
463	10 
464	3 
465	35 
466	32 
467	22 
468	3 
469	19 
470	20 
471	26 
472	22 
473	19 
474	20 
475	17 
476	28 
477	17 
478	7 
479	24 
480	33 
481	38 
482	28 
483	3 
484	16 
485	19 
486	38 
487	30 
488	40 
489	14 
490	11 
491	10 
492	27 
493	16 
494	6 
495	34 
496	3 
497	35 
498	36 
499	31 
500	24 
501	15 
502	37 
503	31 
504	20 
505	11 
506	28 
507	3 
508	33 
509	7 
510	36 
511	6 
512	39 
513	18 
514	6 
515	2 
516	27 
517	31 
518	6 
519	7 
520	11 
521	17 
522	4 
523	18 
524	19 
525	17 
526	37 
527	3 
528	9 
529	8 
530	18 
531	36 
532	31 
533	39 
534	25 
535	12 
536	37 
537	9 
538	18 
539	5 
540	7 
541	31 
542	2 
543	9 
544	20 
545	14 
546	34 
547	14 
548	15 
549	32 
550	39 
551	21 
552	32 
553	38 
554	6 
555	30 
556	9 
557	14 
558	2 
559	3 
560	36 
561	22 
562	21 
563	27 
564	29 
565	40 
566	34 
567	35 
568	29 
569	39 
570	7 
571	39 
572	18 
573	13 
574	20 
575	24 
576	18 
577	21 
578	35 
579	6 
580	25 
581	35 
582	25 
583	20 
584	25 
585	18 
586	26 
587	29 
588	2 
589	23 
590	3 
591	4 
592	1 
593	34 
594	40 
595	30 
596	29 
597	7 
598	10 
599	32 
600	34 
601	26 
602	2 
603	14 
604	13 
605	39 
606	36 
607	33 
608	26 
609	18 
610	29 
611	3 
612	31 
613	20 
614	3 
615	39 
616	31 
617	37 
618	8 
619	17 
620	29 
621	16 
622	19 
623	29 
624	3 
625	38 
626	18 
627	21 
628	26 
629	9 
630	33 
631	28 
632	24 
633	18 
634	28 
635	40 
636	29 
637	16 
638	25 
639	28 
640	7 
641	1 
642	20 
643	29 
644	18 
645	36 
646	5 
647	22 
648	23 
649	7 
650	5 
651	18 
652	19 
653	16 
654	30 
655	13 
656	29 
657	16 
658	39 
659	26 
660	31 
661	8 
662	39 
663	24 
664	1 
665	37 
666	35 
667	36 
668	35 
669	26 
670	31 
671	1 
672	29 
673	35 
674	37 
675	38 
676	30 
677	37 
678	32 
679	12 
680	3 
681	22 
682	14 
683	5 
684	3 
685	37 
686	18 
687	1 
688	2 
689	39 
690	40 
691	29 
692	39 
693	4 
694	32 
695	11 
696	35 
697	38 
698	32 
699	4 
700	9 
701	11 
702	8 
703	12 
704	36 
705	22 
706	21 
707	20 
708	20 
709	30 
710	17 
711	6 
712	36 
713	30 
714	17 
715	37 
716	40 
717	34 
718	28 
719	1 
720	10 
721	6 
722	21 
723	28 
724	21 
725	27 
726	20 
727	3 
728	39 
729	2 
730	21 
731	24 
732	30 
733	40 
734	3 
735	7 
736	35 
737	16 
738	22 
739	22 
740	4 
741	23 
742	1 
743	16 
744	31 
745	18 
746	2 
747	8 
748	29 
749	6 
750	1 
751	37 
752	18 
753	34 
754	12 
755	40 
756	2 
757	33 
758	21 
759	29 
760	20 
761	7 
762	34 
763	24 
764	29 
765	40 
766	5 
767	33 
768	22 
769	12 
770	38 
771	7 
772	15 
773	40 
774	21 
775	21 
776	7 
777	8 
778	31 
779	28 
780	13 
781	10 
782	28 
783	22 
784	12 
785	34 
786	7 
787	6 
788	31 
789	16 
790	27 
791	23 
792	19 
793	6 
794	12 
795	24 
796	36 
797	32 
798	29 
799	33 
800	29 
801	22 
802	9 
803	37 
804	31 
805	28 
806	15 
807	19 
808	17 
809	27 
810	2 
811	19 
812	7 
813	15 
814	22 
815	3 
816	37 
817	36 
818	27 
819	19 
820	35 
821	33 
822	11 
823	34 
824	32 
825	8 
826	18 
827	7 
828	32 
829	11 
830	19 
831	4 
832	16 
833	40 
834	24 
835	3 
836	27 
837	9 
838	6 
839	15 
840	23 
841	2 
842	20 
843	27 
844	39 
845	2 
846	31 
847	37 
848	23 
849	30 
850	11 
851	7 
852	39 
853	29 
854	27 
855	15 
856	4 
857	18 
858	20 
859	30 
860	28 
861	10 
862	20 
863	1 
864	20 
865	23 
866	3 
867	2 
868	40 
869	2 
870	26 
871	18 
872	39 
873	7 
874	28 
875	30 
876	2 
877	25 
878	35 
879	1 
880	22 
881	15 
882	3 
883	37 
884	10 
885	32 
886	15 
887	29 
888	7 
889	15 
890	28 
891	34 
892	6 
893	27 
894	8 
895	35 
896	8 
897	23 
898	14 
899	12 
900	15 
901	25 
902	27 
903	22 
904	40 
905	30 
906	34 
907	40 
908	12 
909	11 
910	35 
911	13 
912	20 
913	39 
914	10 
915	26 
916	17 
917	11 
918	21 
919	7 
920	32 
921	28 
922	21 
923	31 
924	37 
925	3 
926	9 
927	17 
928	24 
929	17 
930	24 
931	40 
932	24 
933	15 
934	20 
935	17 
936	7 
937	21 
938	20 
939	15 
940	28 
941	29 
942	22 
943	32 
944	39 
945	10 
946	25 
947	8 
948	3 
949	1 
950	23 
951	31 
952	35 
953	10 
954	14 
955	6 
956	31 
957	10 
958	14 
959	29 
960	19 
961	36 
962	13 
963	31 
964	14 
965	35 
966	17 
967	29 
968	6 
969	31 
970	25 
971	24 
972	9 
973	28 
974	40 
975	10 
976	16 
977	30 
978	16 
979	1 
980	14 
981	12 
982	25 
983	27 
984	12 
985	4 
986	17 
987	33 
988	28 
989	34 
990	17 
991	15 
992	27 
993	24 
994	40 
995	15 
996	36 
997	4 
998	27 
999	32 
1000	38 
1001	3 
1002	30 
1003	30 
1004	36 
1005	21 
1006	21 
1007	10 
1008	2 
1009	23 
1010	33 
1011	22 
1012	9 
1013	34 
1014	17 
1015	36 
1016	33 
1017	16 
1018	27 
1019	20 
1020	19 
1021	3 
1022	7 
1023	35 
1024	29 
1025	32 
1026	13 
1027	6 
1028	7 
1029	34 
1030	28 
1031	24 
1032	5 
1033	7 
1034	12 
1035	36 
1036	28 
1037	21 
1038	39 
1039	10 
1040	3 
1041	24 
1042	25 
1043	9 
1044	8 
1045	16 
1046	36 
1047	4 
1048	14 
1049	35 
1050	20 
1051	15 
1052	39 
1053	12 
1054	11 
1055	13 
1056	20 
1057	35 
1058	19 
1059	38 
1060	4 
1061	36 
1062	22 
1063	21 
1064	21 
1065	25 
1066	16 
1067	31 
1068	29 
1069	7 
1070	26 
1071	12 
1072	40 
1073	21 
1074	18 
1075	27 
1076	28 
1077	10 
1078	12 
1079	39 
1080	16 
1081	10 
1082	20 
1083	24 
1084	2 
1085	28 
1086	40 
1087	19 
1088	20 
1089	11 
1090	34 
1091	28 
1092	39 
1093	11 
1094	6 
1095	40 
1096	35 
1097	19 
1098	31 
1099	14 
1100	25 
1101	9 
1102	36 
1103	7 
1104	8 
1105	36 
1106	4 
1107	10 
1108	2 
1109	4 
1110	8 
1111	25 
1112	31 
1113	14 
1114	25 
1115	22 
1116	37 
1117	11 
1118	13 
1119	31 
1120	36 
1121	7 
1122	10 
1123	27 
1124	8 
1125	14 
1126	23 
1127	24 
1128	39 
1129	4 
1130	31 
1131	25 
1132	39 
1133	15 
1134	21 
1135	29 
1136	14 
1137	35 
1138	20 
1139	17 
1140	22 
1141	40 
1142	38 
1143	31 
1144	32 
1145	28 
1146	2 
1147	30 
1148	20 
1149	12 
1150	21 
1151	16 
1152	38 
1153	6 
1154	6 
1155	33 
1156	28 
1157	9 
1158	40 
1159	37 
1160	25 
1161	20 
1162	34 
1163	40 
1164	10 
1165	38 
1166	40 
1167	8 
1168	28 
1169	35 
1170	26 
1171	18 
1172	15 
1173	3 
1174	28 
1175	29 
1176	35 
1177	27 
1178	5 
1179	13 
1180	35 
1181	28 
1182	8 
1183	1 
1184	7 
1185	37 
1186	14 
1187	36 
1188	12 
1189	33 
1190	5 
1191	18 
1192	4 
1193	6 
1194	12 
1195	26 
1196	10 
1197	36 
1198	7 
1199	17 
1200	24 
1201	18 
1202	22 
1203	5 
1204	15 
1205	6 
1206	6 
1207	16 
1208	16 
1209	27 
1210	1 
1211	29 
1212	14 
1213	28 
1214	14 
1215	32 
1216	10 
1217	33 
1218	5 
1219	4 
1220	33 
1221	29 
1222	38 
1223	17 
1224	30 
1225	35 
1226	8 
1227	26 
1228	18 
1229	8 
1230	2 
1231	16 
1232	40 
1233	28 
1234	37 
1235	10 
1236	2 
1237	40 
1238	32 
1239	2 
1240	14 
1241	13 
1242	3 
1243	7 
1244	14 
1245	35 
1246	1 
1247	26 
1248	33 
1249	16 
1250	24 
1251	39 
1252	25 
1253	22 
1254	25 
1255	21 
1256	39 
1257	16 
1258	24 
1259	31 
1260	2 
1261	35 
1262	19 
1263	3 
1264	40 
1265	14 
1266	30 
1267	35 
1268	13 
1269	36 
1270	7 
1271	7 
1272	28 
1273	1 
1274	19 
1275	20 
1276	8 
1277	18 
1278	34 
1279	29 
1280	25 
1281	22 
1282	22 
1283	14 
1284	12 
1285	7 
1286	40 
1287	9 
1288	14 
1289	18 
1290	14 
1291	23 
1292	9 
1293	9 
1294	13 
1295	33 
1296	24 
1297	16 
1298	18 
1299	36 
1300	33 
1301	10 
1302	13 
1303	40 
1304	34 
1305	6 
1306	15 
1307	5 
1308	35 
1309	36 
1310	20 
1311	28 
1312	26 
1313	22 
1314	36 
1315	13 
1316	10 
1317	25 
1318	19 
1319	36 
1320	9 
1321	20 
1322	32 
1323	10 
1324	14 
1325	16 
1326	13 
1327	36 
1328	33 
1329	33 
1330	23 
1331	36 
1332	31 
1333	29 
1334	35 
1335	35 
1336	22 
1337	29 
1338	8 
1339	36 
1340	12 
1341	4 
1342	23 
1343	10 
1344	25 
1345	13 
1346	26 
1347	32 
1348	38 
1349	36 
1350	38 
1351	40 
1352	36 
1353	14 
1354	16 
1355	14 
1356	2 
1357	20 
1358	35 
1359	14 
1360	2 
1361	26 
1362	7 
1363	40 
1364	29 
1365	19 
1366	16 
1367	29 
1368	33 
1369	34 
1370	40 
1371	10 
1372	25 
1373	11 
1374	21 
1375	12 
1376	1 
1377	7 
1378	40 
1379	22 
1380	17 
1381	36 
1382	10 
1383	20 
1384	27 
1385	34 
1386	7 
1387	38 
1388	26 
1389	21 
1390	2 
1391	37 
1392	26 
1393	34 
1394	13 
1395	30 
1396	3 
1397	5 
1398	35 
1399	29 
1400	30 
1401	39 
1402	17 
1403	29 
1404	16 
1405	33 
1406	4 
1407	15 
1408	27 
1409	31 
1410	2 
1411	21 
1412	38 
1413	8 
1414	17 
1415	30 
1416	17 
1417	4 
1418	3 
1419	32 
1420	1 
1421	27 
1422	28 
1423	12 
1424	6 
1425	19 
1426	23 
1427	2 
1428	13 
1429	11 
1430	29 
1431	21 
1432	15 
1433	19 
1434	37 
1435	27 
1436	22 
1437	37 
1438	35 
1439	18 
1440	17 
1441	29 
1442	25 
1443	33 
1444	25 
1445	20 
1446	20 
1447	7 
1448	15 
1449	22 
1450	23 
1451	4 
1452	35 
1453	40 
1454	32 
1455	28 
1456	23 
1457	4 
1458	9 
1459	20 
1460	33 
1461	14 
1462	14 
1463	26 
1464	22 
1465	33 
1466	31 
1467	26 
1468	18 
1469	15 
1470	31 
1471	4 
1472	28 
1473	30 
1474	32 
1475	31 
1476	35 
1477	28 
1478	28 
1479	36 
1480	27 
1481	17 
1482	16 
1483	35 
1484	2 
1485	5 
1486	5 
1487	18 
1488	35 
1489	22 
1490	6 
1491	29 
1492	36 
1493	26 
1494	10 
1495	21 
1496	30 
1497	31 
1498	14 
1499	32 
1500	16 
1501	4 
1502	29 
1503	31 
1504	3 
1505	16 
1506	24 
1507	12 
1508	37 
1509	32 
1510	4 
1511	21 
1512	22 
1513	21 
1514	2 
1515	29 
1516	4 
1517	20 
1518	25 
1519	11 
1520	11 
1521	32 
1522	16 
1523	6 
1524	16 
1525	8 
1526	35 
1527	36 
1528	10 
1529	35 
1530	34 
1531	34 
1532	20 
1533	7 
1534	15 
1535	26 
1536	16 
1537	32 
1538	10 
1539	2 
1540	31 
1541	14 
1542	18 
1543	40 
1544	16 
1545	3 
1546	6 
1547	33 
1548	27 
1549	17 
1550	28 
1551	27 
1552	8 
1553	23 
1554	7 
1555	34 
1556	40 
1557	40 
1558	8 
1559	38 
1560	9 
1561	32 
1562	7 
1563	2 
1564	9 
1565	15 
1566	23 
1567	23 
1568	30 
1569	10 
1570	28 
1571	32 
1572	33 
1573	40 
1574	18 
1575	25 
1576	10 
1577	39 
1578	11 
1579	4 
1580	23 
1581	37 
1582	9 
1583	13 
1584	8 
1585	7 
1586	21 
1587	1 
1588	5 
1589	3 
1590	30 
1591	18 
1592	9 
1593	26 
1594	39 
1595	31 
1596	37 
1597	16 
1598	39 
1599	35 
1600	39 
1601	32 
1602	40 
1603	14 
1604	5 
1605	35 
1606	15 
1607	2 
1608	10 
1609	29 
1610	12 
1611	15 
1612	30 
1613	33 
1614	23 
1615	16 
1616	37 
1617	33 
1618	24 
1619	18 
1620	35 
1621	32 
1622	34 
1623	4 
1624	3 
1625	37 
1626	5 
1627	27 
1628	3 
1629	36 
1630	39 
1631	3 
1632	33 
1633	7 
1634	32 
1635	31 
1636	31 
1637	40 
1638	9 
1639	28 
1640	27 
1641	40 
1642	6 
1643	15 
1644	23 
1645	8 
1646	10 
1647	4 
1648	38 
1649	21 
1650	3 
1651	10 
1652	40 
1653	16 
1654	8 
1655	3 
1656	18 
1657	32 
1658	30 
1659	19 
1660	16 
1661	34 
1662	1 
1663	5 
1664	1 
1665	19 
1666	22 
1667	6 
1668	14 
1669	20 
1670	36 
1671	37 
1672	33 
1673	31 
1674	28 
1675	10 
1676	36 
1677	33 
1678	23 
1679	34 
1680	33 
1681	28 
1682	5 
1683	22 
1684	16 
1685	2 
1686	5 
1687	13 
1688	23 
1689	2 
1690	6 
1691	2 
1692	16 
1693	31 
1694	15 
1695	40 
1696	31 
1697	39 
1698	33 
1699	38 
1700	14 
1701	26 
1702	8 
1703	10 
1704	30 
1705	15 
1706	22 
1707	5 
1708	40 
1709	3 
1710	26 
1711	31 
1712	1 
1713	13 
1714	18 
1715	25 
1716	20 
1717	12 
1718	9 
1719	36 
1720	13 
1721	35 
1722	31 
1723	15 
1724	13 
1725	33 
1726	5 
1727	35 
1728	8 
1729	29 
1730	34 
1731	40 
1732	20 
1733	20 
1734	28 
1735	39 
1736	22 
1737	7 
1738	29 
1739	24 
1740	20 
1741	33 
1742	37 
1743	13 
1744	37 
1745	10 
1746	36 
1747	14 
1748	18 
1749	8 
1750	10 
1751	36 
1752	12 
1753	31 
1754	22 
1755	35 
1756	6 
1757	4 
1758	32 
1759	24 
1760	12 
1761	14 
1762	8 
1763	36 
1764	16 
1765	28 
1766	14 
1767	32 
1768	1 
1769	38 
1770	8 
1771	39 
1772	6 
1773	36 
1774	21 
1775	15 
1776	31 
1777	8 
1778	1 
1779	30 
1780	27 
1781	38 
1782	24 
1783	23 
1784	17 
1785	21 
1786	31 
1787	29 
1788	20 
1789	9 
1790	15 
1791	13 
1792	35 
1793	31 
1794	24 
1795	13 
1796	28 
1797	35 
1798	5 
1799	26 
1800	37 
1801	1 
1802	28 
1803	32 
1804	1 
1805	31 
1806	26 
1807	20 
1808	28 
1809	12 
1810	14 
1811	26 
1812	40 
1813	38 
1814	4 
1815	10 
1816	12 
1817	12 
1818	22 
1819	28 
1820	33 
1821	9 
1822	5 
1823	13 
1824	27 
1825	10 
1826	14 
1827	18 
1828	13 
1829	19 
1830	27 
1831	33 
1832	35 
1833	32 
1834	9 
1835	22 
1836	12 
1837	16 
1838	37 
1839	7 
1840	28 
1841	7 
1842	20 
1843	14 
1844	7 
1845	15 
1846	25 
1847	4 
1848	9 
1849	3 
1850	24 
1851	6 
1852	22 
1853	32 
1854	35 
1855	1 
1856	24 
1857	33 
1858	10 
1859	30 
1860	35 
1861	20 
1862	11 
1863	2 
1864	6 
1865	35 
1866	3 
1867	18 
1868	35 
1869	38 
1870	15 
1871	8 
1872	40 
1873	20 
1874	31 
1875	40 
1876	5 
1877	8 
1878	23 
1879	8 
1880	26 
1881	23 
1882	24 
1883	8 
1884	20 
1885	16 
1886	36 
1887	26 
1888	23 
1889	7 
1890	35 
1891	40 
1892	11 
1893	10 
1894	33 
1895	30 
1896	38 
1897	35 
1898	23 
1899	19 
1900	31 
1901	40 
1902	31 
1903	21 
1904	5 
1905	16 
1906	10 
1907	8 
1908	28 
1909	14 
1910	36 
1911	37 
1912	38 
1913	2 
1914	27 
1915	5 
1916	36 
1917	21 
1918	35 
1919	22 
1920	40 
1921	33 
1922	27 
1923	23 
1924	8 
1925	17 
1926	34 
1927	17 
1928	16 
1929	16 
1930	10 
1931	35 
1932	20 
1933	8 
1934	17 
1935	1 
1936	18 
1937	18 
1938	8 
1939	22 
1940	4 
1941	25 
1942	6 
1943	5 
1944	17 
1945	11 
1946	24 
1947	14 
1948	28 
1949	34 
1950	6 
1951	24 
1952	20 
1953	22 
1954	23 
1955	13 
1956	34 
1957	11 
1958	22 
1959	10 
1960	16 
1961	17 
1962	33 
1963	27 
1964	33 
1965	4 
1966	17 
1967	5 
1968	25 
1969	17 
1970	20 
1971	15 
1972	16 
1973	34 
1974	28 
1975	18 
1976	8 
1977	33 
1978	40 
1979	8 
1980	13 
1981	27 
1982	10 
1983	10 
1984	38 
1985	38 
1986	32 
1987	7 
1988	9 
1989	14 
1990	12 
1991	9 
1992	21 
1993	7 
1994	32 
1995	38 
1996	16 
1997	21 
1998	36 
1999	22 
2000	30 
2001	15 
2002	14 
2003	9 
2004	10 
2005	40 
2006	30 
2007	37 
2008	16 
2009	23 
2010	22 
2011	34 
2012	40 
2013	20 
2014	12 
2015	12 
2016	8 
2017	19 
2018	8 
2019	5 
2020	37 
2021	16 
2022	5 
2023	27 
2024	8 
2025	33 
2026	16 
2027	5 
2028	25 
2029	22 
2030	24 
2031	17 
2032	4 
2033	31 
2034	20 
2035	34 
2036	9 
2037	5 
2038	38 
2039	34 
2040	2 
2041	23 
2042	33 
2043	20 
2044	14 
2045	33 
2046	28 
2047	2 
2048	21 
2049	10 
2050	28 
2051	22 
2052	29 
2053	4 
2054	14 
2055	1 
2056	36 
2057	4 
2058	4 
2059	20 
2060	12 
2061	24 
2062	3 
2063	4 
2064	27 
2065	30 
2066	27 
2067	22 
2068	38 
2069	39 
2070	30 
2071	29 
2072	35 
2073	8 
2074	39 
2075	36 
2076	6 
2077	2 
2078	25 
2079	23 
2080	26 
2081	3 
2082	37 
2083	38 
2084	22 
2085	6 
2086	23 
2087	31 
2088	5 
2089	39 
2090	33 
2091	35 
2092	13 
2093	4 
2094	14 
2095	40 
2096	27 
2097	22 
2098	36 
2099	13 
2100	30 
2101	16 
2102	32 
2103	1 
2104	16 
2105	15 
2106	31 
2107	8 
2108	17 
2109	32 
2110	30 
2111	10 
2112	14 
2113	9 
2114	21 
2115	35 
2116	27 
2117	37 
2118	12 
2119	36 
2120	12 
2121	7 
2122	30 
2123	29 
2124	27 
2125	40 
2126	14 
2127	39 
2128	1 
2129	32 
2130	35 
2131	30 
2132	1 
2133	34 
2134	10 
2135	40 
2136	6 
2137	2 
2138	19 
2139	5 
2140	20 
2141	21 
2142	16 
2143	7 
2144	39 
2145	16 
2146	7 
2147	32 
2148	35 
2149	35 
2150	33 
2151	27 
2152	32 
2153	37 
2154	21 
2155	6 
2156	27 
2157	8 
2158	40 
2159	14 
2160	25 
2161	4 
2162	3 
2163	35 
2164	10 
2165	1 
2166	10 
2167	3 
2168	36 
2169	21 
2170	28 
2171	14 
2172	29 
2173	2 
2174	25 
2175	10 
2176	35 
2177	7 
2178	21 
2179	40 
2180	13 
2181	35 
2182	35 
2183	29 
2184	31 
2185	2 
2186	16 
2187	30 
2188	16 
2189	5 
2190	25 
2191	4 
2192	24 
2193	24 
2194	37 
2195	14 
2196	29 
2197	10 
2198	35 
2199	7 
2200	7 
2201	26 
2202	38 
2203	35 
2204	35 
2205	6 
2206	9 
2207	31 
2208	3 
2209	24 
2210	25 
2211	1 
2212	22 
2213	10 
2214	26 
2215	33 
2216	39 
2217	34 
2218	3 
2219	22 
2220	6 
2221	10 
2222	32 
2223	20 
2224	19 
2225	20 
2226	13 
2227	16 
2228	8 
2229	8 
2230	8 
2231	31 
2232	17 
2233	7 
2234	27 
2235	36 
2236	1 
2237	25 
2238	8 
2239	33 
2240	11 
2241	19 
2242	7 
2243	6 
2244	26 
2245	28 
2246	2 
2247	28 
2248	36 
2249	37 
2250	8 
2251	18 
2252	38 
2253	24 
2254	32 
2255	7 
2256	38 
2257	31 
2258	22 
2259	32 
2260	8 
2261	19 
2262	35 
2263	24 
2264	36 
2265	1 
2266	4 
2267	37 
2268	34 
2269	36 
2270	6 
2271	30 
2272	5 
2273	20 
2274	39 
2275	2 
2276	11 
2277	8 
2278	9 
2279	25 
2280	18 
2281	10 
2282	21 
2283	40 
2284	27 
2285	31 
2286	25 
2287	12 
2288	28 
2289	31 
2290	32 
2291	16 
2292	6 
2293	27 
2294	21 
2295	7 
2296	15 
2297	18 
2298	32 
2299	3 
2300	4 
2301	24 
2302	33 
2303	20 
2304	19 
2305	22 
2306	20 
2307	31 
2308	3 
2309	38 
2310	17 
2311	31 
2312	18 
2313	14 
2314	40 
2315	4 
2316	11 
2317	13 
2318	18 
2319	22 
2320	36 
2321	25 
2322	31 
2323	32 
2324	26 
2325	2 
2326	20 
2327	20 
2328	10 
2329	7 
2330	24 
2331	40 
2332	8 
2333	21 
2334	36 
2335	22 
2336	3 
2337	40 
2338	27 
2339	6 
2340	15 
2341	3 
2342	21 
2343	24 
2344	7 
2345	32 
2346	34 
2347	7 
2348	5 
2349	16 
2350	38 
2351	7 
2352	5 
2353	12 
2354	39 
2355	4 
2356	35 
2357	30 
2358	36 
2359	7 
2360	39 
2361	3 
2362	22 
2363	32 
2364	12 
2365	1 
2366	36 
2367	24 
2368	7 
2369	8 
2370	37 
2371	23 
2372	1 
2373	8 
2374	32 
2375	18 
2376	16 
2377	20 
2378	10 
2379	35 
2380	40 
2381	22 
2382	35 
2383	34 
2384	16 
2385	9 
2386	39 
2387	9 
2388	32 
2389	16 
2390	22 
2391	34 
2392	10 
2393	20 
2394	31 
2395	9 
2396	16 
2397	35 
2398	33 
2399	32 
2400	5 
2401	32 
2402	20 
2403	1 
2404	37 
2405	18 
2406	5 
2407	33 
2408	35 
2409	28 
2410	13 
2411	4 
2412	7 
2413	31 
2414	18 
2415	20 
2416	17 
2417	22 
2418	29 
2419	15 
2420	5 
2421	6 
2422	16 
2423	36 
2424	2 
2425	24 
2426	17 
2427	20 
2428	19 
2429	18 
2430	32 
2431	31 
2432	29 
2433	14 
2434	31 
2435	5 
2436	23 
2437	28 
2438	31 
2439	11 
2440	2 
2441	10 
2442	19 
2443	27 
2444	7 
2445	35 
2446	27 
2447	36 
2448	2 
2449	25 
2450	39 
2451	31 
2452	38 
2453	11 
2454	29 
2455	31 
2456	3 
2457	5 
2458	13 
2459	7 
2460	14 
2461	22 
2462	2 
2463	11 
2464	32 
2465	29 
2466	40 
2467	29 
2468	35 
2469	28 
2470	16 
2471	30 
2472	18 
2473	25 
2474	37 
2475	39 
2476	7 
2477	26 
2478	21 
2479	29 
2480	11 
2481	10 
2482	6 
2483	20 
2484	16 
2485	22 
2486	38 
2487	29 
2488	9 
2489	35 
2490	7 
2491	39 
2492	35 
2493	9 
2494	15 
2495	1 
2496	2 
2497	15 
2498	16 
2499	16 
2500	21 
2501	25 
2502	35 
2503	21 
2504	1 
2505	27 
2506	3 
2507	33 
2508	24 
2509	4 
2510	12 
2511	37 
2512	39 
2513	21 
2514	36 
2515	20 
2516	18 
2517	25 
2518	29 
2519	3 
2520	14 
2521	20 
2522	17 
2523	2 
2524	27 
2525	26 
2526	16 
2527	9 
2528	5 
2529	35 
2530	10 
2531	20 
2532	18 
2533	40 
2534	40 
2535	1 
2536	28 
2537	2 
2538	8 
2539	16 
2540	31 
2541	11 
2542	6 
2543	10 
2544	33 
2545	39 
2546	29 
2547	29 
2548	37 
2549	22 
2550	25 
2551	10 
2552	27 
2553	28 
2554	16 
2555	6 
2556	38 
2557	24 
2558	11 
2559	3 
2560	27 
2561	25 
2562	31 
2563	40 
2564	33 
2565	8 
2566	21 
2567	35 
2568	12 
2569	2 
2570	13 
2571	15 
2572	24 
2573	35 
2574	21 
2575	1 
2576	8 
2577	25 
2578	6 
2579	8 
2580	27 
2581	7 
2582	34 
2583	17 
2584	21 
2585	32 
2586	3 
2587	26 
2588	17 
2589	8 
2590	34 
2591	21 
2592	11 
2593	20 
2594	28 
2595	5 
2596	29 
2597	30 
2598	17 
2599	38 
2600	7 
2601	15 
2602	9 
2603	26 
2604	11 
2605	20 
2606	29 
2607	5 
2608	22 
2609	7 
2610	40 
2611	13 
2612	37 
2613	8 
2614	21 
2615	28 
2616	1 
2617	40 
2618	3 
2619	28 
2620	7 
2621	32 
2622	20 
2623	10 
2624	23 
2625	6 
2626	6 
2627	4 
2628	17 
2629	26 
2630	39 
2631	3 
2632	36 
2633	32 
2634	39 
2635	39 
2636	10 
2637	31 
2638	3 
2639	36 
2640	23 
2641	16 
2642	22 
2643	15 
2644	31 
2645	39 
2646	32 
2647	16 
2648	4 
2649	31 
2650	25 
2651	9 
2652	19 
2653	27 
2654	38 
2655	25 
2656	18 
2657	7 
2658	2 
2659	32 
2660	19 
2661	24 
2662	2 
2663	36 
2664	4 
2665	26 
2666	18 
2667	16 
2668	29 
2669	17 
2670	15 
2671	2 
2672	4 
2673	26 
2674	24 
2675	30 
2676	20 
2677	24 
2678	31 
2679	25 
2680	1 
2681	3 
2682	36 
2683	22 
2684	19 
2685	6 
2686	10 
2687	10 
2688	40 
2689	30 
2690	21 
2691	16 
2692	24 
2693	1 
2694	3 
2695	31 
2696	17 
2697	9 
2698	5 
2699	4 
2700	14 
2701	2 
2702	17 
2703	38 
2704	4 
2705	3 
2706	30 
2707	15 
2708	34 
2709	22 
2710	14 
2711	12 
2712	20 
2713	31 
2714	15 
2715	18 
2716	38 
2717	13 
2718	28 
2719	13 
2720	29 
2721	32 
2722	20 
2723	7 
2724	14 
2725	26 
2726	4 
2727	40 
2728	34 
2729	10 
2730	30 
2731	7 
2732	11 
2733	19 
2734	26 
2735	18 
2736	26 
2737	10 
2738	19 
2739	7 
2740	8 
2741	19 
2742	16 
2743	3 
2744	33 
2745	40 
2746	15 
2747	29 
2748	22 
2749	35 
2750	9 
2751	6 
2752	24 
2753	36 
2754	14 
2755	40 
2756	19 
2757	22 
2758	26 
2759	30 
2760	14 
2761	32 
2762	22 
2763	21 
2764	24 
2765	40 
2766	24 
2767	13 
2768	23 
2769	20 
2770	32 
2771	7 
2772	30 
2773	3 
2774	10 
2775	28 
2776	3 
2777	13 
2778	13 
2779	27 
2780	29 
2781	32 
2782	1 
2783	20 
2784	24 
2785	22 
2786	19 
2787	33 
2788	25 
2789	20 
2790	15 
2791	10 
2792	28 
2793	1 
2794	10 
2795	28 
2796	1 
2797	20 
2798	5 
2799	35 
2800	38 
2801	13 
2802	17 
2803	18 
2804	14 
2805	4 
2806	23 
2807	16 
2808	4 
2809	26 
2810	10 
2811	8 
2812	34 
2813	17 
2814	4 
2815	5 
2816	28 
2817	34 
2818	10 
2819	10 
2820	7 
2821	6 
2822	15 
2823	23 
2824	13 
2825	17 
2826	27 
2827	29 
2828	28 
2829	17 
2830	35 
2831	6 
2832	26 
2833	33 
2834	37 
2835	21 
2836	22 
2837	26 
2838	30 
2839	23 
2840	30 
2841	3 
2842	35 
2843	32 
2844	30 
2845	11 
2846	36 
2847	33 
2848	7 
2849	28 
2850	36 
2851	25 
2852	22 
2853	27 
2854	32 
2855	21 
2856	32 
2857	9 
2858	2 
2859	26 
2860	5 
2861	23 
2862	26 
2863	28 
2864	31 
2865	29 
2866	15 
2867	36 
2868	18 
2869	6 
2870	35 
2871	16 
2872	36 
2873	2 
2874	30 
2875	14 
2876	1 
2877	21 
2878	17 
2879	23 
2880	8 
2881	34 
2882	40 
2883	39 
2884	35 
2885	13 
2886	9 
2887	4 
2888	28 
2889	2 
2890	38 
2891	15 
2892	5 
2893	21 
2894	7 
2895	22 
2896	5 
2897	14 
2898	31 
2899	28 
2900	38 
2901	31 
2902	22 
2903	3 
2904	7 
2905	34 
2906	13 
2907	30 
2908	13 
2909	31 
2910	7 
2911	13 
2912	20 
2913	29 
2914	28 
2915	27 
2916	23 
2917	25 
2918	10 
2919	34 
2920	38 
2921	2 
2922	11 
2923	37 
2924	11 
2925	18 
2926	21 
2927	24 
2928	19 
2929	24 
2930	6 
2931	10 
2932	3 
2933	18 
2934	17 
2935	24 
2936	22 
2937	7 
2938	35 
2939	10 
2940	11 
2941	27 
2942	28 
2943	6 
2944	2 
2945	36 
2946	22 
2947	35 
2948	35 
2949	10 
2950	23 
2951	12 
2952	32 
2953	34 
2954	21 
2955	2 
2956	4 
2957	30 
2958	18 
2959	18 
2960	23 
2961	31 
2962	35 
2963	26 
2964	4 
2965	34 
2966	1 
2967	29 
2968	37 
2969	34 
2970	31 
2971	13 
2972	38 
2973	5 
2974	21 
2975	40 
2976	29 
2977	40 
2978	38 
2979	5 
2980	39 
2981	29 
2982	6 
2983	22 
2984	25 
2985	23 
2986	7 
2987	28 
2988	10 
2989	18 
2990	7 
2991	7 
2992	32 
2993	22 
2994	26 
2995	3 
2996	36 
2997	39 
2998	40 
2999	29 
3000	14 
3001	36 
3002	5 
3003	7 
3004	6 
3005	14 
3006	18 
3007	32 
3008	1 
3009	39 
3010	7 
3011	16 
3012	24 
3013	21 
3014	34 
3015	10 
3016	20 
3017	1 
3018	1 
3019	26 
3020	40 
3021	24 
3022	11 
3023	5 
3024	35 
3025	10 
3026	13 
3027	3 
3028	22 
3029	20 
3030	23 
3031	20 
3032	39 
3033	25 
3034	31 
3035	8 
3036	12 
3037	38 
3038	26 
3039	13 
3040	20 
3041	3 
3042	24 
3043	13 
3044	17 
3045	10 
3046	8 
3047	23 
3048	6 
3049	34 
3050	25 
3051	29 
3052	16 
3053	21 
3054	13 
3055	25 
3056	12 
3057	1 
3058	17 
3059	12 
3060	13 
3061	7 
3062	31 
3063	23 
3064	39 
3065	25 
3066	24 
3067	10 
3068	18 
3069	32 
3070	11 
3071	32 
3072	4 
3073	39 
3074	21 
3075	14 
3076	17 
3077	6 
3078	29 
3079	34 
3080	27 
3081	14 
3082	7 
3083	40 
3084	16 
3085	33 
3086	33 
3087	27 
3088	10 
3089	30 
3090	35 
3091	28 
3092	7 
3093	5 
3094	40 
3095	40 
3096	33 
3097	20 
3098	35 
3099	14 
3100	3 
3101	5 
3102	13 
3103	10 
3104	19 
3105	40 
3106	40 
3107	8 
3108	24 
3109	28 
3110	14 
3111	15 
3112	17 
3113	14 
3114	36 
3115	28 
3116	1 
3117	1 
3118	40 
3119	40 
3120	24 
3121	16 
3122	12 
3123	10 
3124	7 
3125	20 
3126	25 
3127	11 
3128	13 
3129	12 
3130	23 
3131	13 
3132	10 
3133	40 
3134	36 
3135	18 
3136	2 
3137	15 
3138	33 
3139	31 
3140	18 
3141	4 
3142	4 
3143	37 
3144	29 
3145	13 
3146	29 
3147	27 
3148	32 
3149	5 
3150	31 
3151	28 
3152	26 
3153	31 
3154	18 
3155	25 
3156	26 
3157	7 
3158	10 
3159	30 
3160	9 
3161	16 
3162	28 
3163	26 
3164	32 
3165	37 
3166	30 
3167	17 
3168	5 
3169	34 
3170	12 
3171	4 
3172	6 
3173	16 
3174	22 
3175	37 
3176	8 
3177	36 
3178	7 
3179	31 
3180	20 
3181	24 
3182	36 
3183	36 
3184	37 
3185	11 
3186	22 
3187	3 
3188	12 
3189	10 
3190	11 
3191	29 
3192	22 
3193	7 
3194	26 
3195	6 
3196	22 
3197	19 
3198	23 
3199	12 
3200	2 
3201	21 
3202	1 
3203	7 
3204	13 
3205	28 
3206	11 
3207	16 
3208	18 
3209	9 
3210	40 
3211	31 
3212	28 
3213	17 
3214	20 
3215	32 
3216	36 
3217	18 
3218	37 
3219	16 
3220	21 
3221	33 
3222	36 
3223	14 
3224	40 
3225	1 
3226	40 
3227	18 
3228	3 
3229	19 
3230	4 
3231	6 
3232	22 
3233	18 
3234	15 
3235	31 
3236	38 
3237	40 
3238	26 
3239	7 
3240	8 
3241	10 
3242	15 
3243	31 
3244	9 
3245	16 
3246	15 
3247	29 
3248	8 
3249	16 
3250	24 
3251	30 
3252	26 
3253	5 
3254	35 
3255	18 
3256	11 
3257	34 
3258	21 
3259	28 
3260	11 
3261	4 
3262	23 
3263	17 
3264	38 
3265	40 
3266	13 
3267	10 
3268	29 
3269	31 
3270	31 
3271	34 
3272	32 
3273	5 
3274	36 
3275	3 
3276	25 
3277	28 
3278	36 
3279	40 
3280	8 
3281	23 
3282	33 
3283	4 
3284	27 
3285	1 
3286	32 
3287	6 
3288	10 
3289	28 
3290	31 
3291	16 
3292	21 
3293	32 
3294	7 
3295	15 
3296	22 
3297	7 
3298	19 
3299	9 
3300	15 
3301	32 
3302	28 
3303	12 
3304	10 
3305	28 
3306	21 
3307	36 
3308	16 
3309	7 
3310	14 
3311	12 
3312	33 
3313	39 
3314	11 
3315	15 
3316	16 
3317	35 
3318	21 
3319	28 
3320	28 
3321	15 
3322	7 
3323	35 
3324	6 
3325	4 
3326	24 
3327	19 
3328	36 
3329	28 
3330	22 
3331	28 
3332	12 
3333	20 
3334	23 
3335	26 
3336	22 
3337	34 
3338	14 
3339	28 
3340	9 
3341	19 
3342	31 
3343	26 
3344	3 
3345	25 
3346	39 
3347	19 
3348	25 
3349	16 
3350	29 
3351	19 
3352	16 
3353	28 
3354	21 
3355	10 
3356	33 
3357	9 
3358	36 
3359	15 
3360	3 
3361	13 
3362	14 
3363	39 
3364	3 
3365	10 
3366	8 
3367	2 
3368	30 
3369	6 
3370	26 
3371	17 
3372	35 
3373	20 
3374	22 
3375	14 
3376	14 
3377	32 
3378	15 
3379	22 
3380	28 
3381	17 
3382	20 
3383	11 
3384	39 
3385	4 
3386	4 
3387	33 
3388	6 
3389	22 
3390	13 
3391	35 
3392	31 
3393	33 
3394	16 
3395	36 
3396	28 
3397	29 
3398	31 
3399	21 
3400	20 
3401	36 
3402	37 
3403	18 
3404	10 
3405	24 
3406	9 
3407	13 
3408	11 
3409	10 
3410	40 
3411	4 
3412	12 
3413	9 
3414	3 
3415	17 
3416	31 
3417	24 
3418	39 
3419	3 
3420	10 
3421	10 
3422	6 
3423	15 
3424	30 
3425	27 
3426	24 
3427	4 
3428	7 
3429	15 
3430	32 
3431	8 
3432	26 
3433	26 
3434	4 
3435	1 
3436	21 
3437	15 
3438	17 
3439	29 
3440	31 
3441	38 
3442	38 
3443	12 
3444	2 
3445	28 
3446	2 
3447	13 
3448	37 
3449	24 
3450	38 
3451	39 
3452	4 
3453	32 
3454	31 
3455	3 
3456	33 
3457	37 
3458	3 
3459	17 
3460	36 
3461	33 
3462	9 
3463	6 
3464	33 
3465	3 
3466	14 
3467	12 
3468	6 
3469	18 
3470	29 
3471	38 
3472	6 
3473	35 
3474	19 
3475	35 
3476	13 
3477	33 
3478	21 
3479	15 
3480	6 
3481	37 
3482	23 
3483	24 
3484	18 
3485	21 
3486	38 
3487	20 
3488	10 
3489	14 
3490	32 
3491	13 
3492	22 
3493	36 
3494	15 
3495	36 
3496	40 
3497	35 
3498	7 
3499	36 
3500	12 
3501	10 
3502	21 
3503	3 
3504	6 
3505	16 
3506	20 
3507	5 
3508	7 
3509	3 
3510	24 
3511	29 
3512	8 
3513	2 
3514	2 
3515	10 
3516	33 
3517	16 
3518	35 
3519	30 
3520	2 
3521	29 
3522	4 
3523	7 
3524	29 
3525	37 
3526	20 
3527	26 
3528	13 
3529	12 
3530	7 
3531	20 
3532	28 
3533	3 
3534	38 
3535	24 
3536	34 
3537	36 
3538	14 
3539	14 
3540	23 
3541	21 
3542	6 
3543	37 
3544	35 
3545	6 
3546	7 
3547	26 
3548	24 
3549	10 
3550	38 
3551	31 
3552	16 
3553	3 
3554	4 
3555	6 
3556	31 
3557	8 
3558	7 
3559	3 
3560	15 
3561	10 
3562	32 
3563	26 
3564	14 
3565	26 
3566	28 
3567	31 
3568	17 
3569	22 
3570	17 
3571	7 
3572	37 
3573	24 
3574	2 
3575	35 
3576	7 
3577	10 
3578	4 
3579	16 
3580	6 
3581	14 
3582	30 
3583	38 
3584	10 
3585	21 
3586	3 
3587	1 
3588	9 
3589	26 
3590	17 
3591	5 
3592	2 
3593	4 
3594	28 
3595	8 
3596	7 
3597	4 
3598	9 
3599	11 
3600	37 
3601	26 
3602	5 
3603	8 
3604	38 
3605	27 
3606	10 
3607	14 
3608	9 
3609	22 
3610	2 
3611	38 
3612	37 
3613	20 
3614	18 
3615	25 
3616	11 
3617	10 
3618	34 
3619	31 
3620	21 
3621	31 
3622	26 
3623	10 
3624	27 
3625	38 
3626	3 
3627	32 
3628	20 
3629	21 
3630	32 
3631	22 
3632	5 
3633	21 
3634	16 
3635	15 
3636	3 
3637	10 
3638	25 
3639	5 
3640	7 
3641	35 
3642	37 
3643	26 
3644	16 
3645	7 
3646	27 
3647	7 
3648	6 
3649	21 
3650	8 
3651	19 
3652	39 
3653	37 
3654	11 
3655	26 
3656	17 
3657	3 
3658	4 
3659	37 
3660	35 
3661	19 
3662	25 
3663	21 
3664	29 
3665	27 
3666	9 
3667	31 
3668	18 
3669	13 
3670	3 
3671	18 
3672	4 
3673	6 
3674	5 
3675	14 
3676	4 
3677	40 
3678	11 
3679	39 
3680	38 
3681	2 
3682	26 
3683	18 
3684	36 
3685	21 
3686	28 
3687	2 
3688	22 
3689	12 
3690	15 
3691	1 
3692	20 
3693	28 
3694	2 
3695	11 
3696	1 
3697	10 
3698	2 
3699	30 
3700	23 
3701	6 
3702	4 
3703	37 
3704	13 
3705	4 
3706	32 
3707	10 
3708	16 
3709	8 
3710	15 
3711	1 
3712	12 
3713	38 
3714	16 
3715	32 
3716	10 
3717	5 
3718	25 
3719	22 
3720	37 
3721	16 
3722	14 
3723	19 
3724	5 
3725	25 
3726	21 
3727	8 
3728	38 
3729	36 
3730	2 
3731	21 
3732	8 
3733	32 
3734	21 
3735	40 
3736	22 
3737	26 
3738	36 
3739	27 
3740	4 
3741	32 
3742	2 
3743	20 
3744	35 
3745	11 
3746	37 
3747	36 
3748	39 
3749	10 
3750	4 
3751	13 
3752	6 
3753	30 
3754	2 
3755	25 
3756	35 
3757	17 
3758	22 
3759	3 
3760	10 
3761	28 
3762	15 
3763	4 
3764	40 
3765	18 
3766	10 
3767	6 
3768	36 
3769	31 
3770	20 
3771	19 
3772	12 
3773	29 
3774	3 
3775	37 
3776	31 
3777	35 
3778	34 
3779	30 
3780	24 
3781	11 
3782	20 
3783	30 
3784	22 
3785	21 
3786	9 
3787	33 
3788	8 
3789	7 
3790	17 
3791	40 
3792	16 
3793	29 
3794	30 
3795	25 
3796	14 
3797	33 
3798	23 
3799	33 
3800	3 
3801	37 
3802	28 
3803	19 
3804	26 
3805	3 
3806	1 
3807	35 
3808	23 
3809	22 
3810	38 
3811	34 
3812	22 
3813	6 
3814	6 
3815	35 
3816	25 
3817	6 
3818	3 
3819	33 
3820	38 
3821	33 
3822	16 
3823	25 
3824	18 
3825	38 
3826	26 
3827	2 
3828	35 
3829	26 
3830	32 
3831	30 
3832	14 
3833	39 
3834	14 
3835	12 
3836	25 
3837	5 
3838	6 
3839	22 
3840	2 
3841	40 
3842	35 
3843	23 
3844	18 
3845	40 
3846	10 
3847	31 
3848	35 
3849	27 
3850	3 
3851	22 
3852	29 
3853	22 
3854	35 
3855	13 
3856	25 
3857	31 
3858	23 
3859	11 
3860	9 
3861	29 
3862	40 
3863	5 
3864	13 
3865	2 
3866	15 
3867	16 
3868	40 
3869	28 
3870	24 
3871	31 
3872	30 
3873	11 
3874	36 
3875	40 
3876	14 
3877	24 
3878	9 
3879	16 
3880	20 
3881	5 
3882	24 
3883	3 
3884	9 
3885	7 
3886	14 
3887	18 
3888	19 
3889	40 
3890	38 
3891	9 
3892	38 
3893	27 
3894	5 
3895	29 
3896	36 
3897	36 
3898	19 
3899	20 
3900	7 
3901	30 
3902	14 
3903	14 
3904	14 
3905	36 
3906	31 
3907	22 
3908	32 
3909	25 
3910	35 
3911	14 
3912	5 
3913	26 
3914	7 
3915	38 
3916	33 
3917	23 
3918	34 
3919	6 
3920	19 
3921	3 
3922	34 
3923	6 
3924	20 
3925	35 
3926	37 
3927	36 
3928	11 
3929	7 
3930	5 
3931	16 
3932	6 
3933	25 
3934	28 
3935	36 
3936	21 
3937	36 
3938	10 
3939	20 
3940	40 
3941	12 
3942	31 
3943	32 
3944	25 
3945	7 
3946	10 
3947	39 
3948	21 
3949	28 
3950	26 
3951	21 
3952	27 
3953	6 
3954	32 
3955	16 
3956	12 
3957	19 
3958	39 
3959	40 
3960	10 
3961	2 
3962	24 
3963	37 
3964	7 
3965	9 
3966	32 
3967	35 
3968	1 
3969	9 
3970	35 
3971	14 
3972	8 
3973	20 
3974	2 
3975	4 
3976	31 
3977	30 
3978	28 
3979	39 
3980	17 
3981	14 
3982	26 
3983	6 
3984	2 
3985	29 
3986	22 
3987	16 
3988	38 
3989	35 
3990	16 
3991	21 
3992	29 
3993	2 
3994	24 
3995	34 
3996	8 
3997	31 
3998	2 
3999	26 
4000	39 
4001	7 
4002	1 
4003	28 
4004	25 
4005	24 
4006	17 
4007	33 
4008	20 
4009	36 
4010	21 
4011	14 
4012	3 
4013	40 
4014	6 
4015	26 
4016	13 
4017	33 
4018	11 
4019	26 
4020	32 
4021	16 
4022	39 
4023	23 
4024	7 
4025	36 
4026	35 
4027	33 
4028	37 
4029	2 
4030	36 
4031	26 
4032	14 
4033	20 
4034	35 
4035	21 
4036	39 
4037	14 
4038	13 
4039	5 
4040	36 
4041	39 
4042	6 
4043	13 
4044	16 
4045	20 
4046	3 
4047	10 
4048	5 
4049	10 
4050	36 
4051	36 
4052	25 
4053	18 
4054	9 
4055	13 
4056	1 
4057	18 
4058	21 
4059	19 
4060	11 
4061	15 
4062	36 
4063	40 
4064	32 
4065	16 
4066	27 
4067	30 
4068	21 
4069	15 
4070	20 
4071	21 
4072	11 
4073	3 
4074	19 
4075	4 
4076	12 
4077	36 
4078	24 
4079	7 
4080	4 
4081	6 
4082	40 
4083	20 
4084	28 
4085	23 
4086	28 
4087	28 
4088	36 
4089	12 
4090	17 
4091	35 
4092	17 
4093	17 
4094	20 
4095	28 
4096	32 
4097	16 
4098	14 
4099	3 
4100	24 
4101	11 
4102	15 
4103	11 
4104	11 
4105	35 
4106	16 
4107	10 
4108	26 
4109	17 
4110	27 
4111	31 
4112	2 
4113	37 
4114	15 
4115	8 
4116	40 
4117	16 
4118	28 
4119	4 
4120	18 
4121	37 
4122	39 
4123	6 
4124	2 
4125	20 
4126	32 
4127	40 
4128	7 
4129	25 
4130	19 
4131	26 
4132	18 
4133	19 
4134	14 
4135	11 
4136	8 
4137	29 
4138	15 
4139	27 
4140	40 
4141	6 
4142	26 
4143	36 
4144	28 
4145	31 
4146	11 
4147	5 
4148	30 
4149	4 
4150	21 
4151	11 
4152	16 
4153	29 
4154	12 
4155	21 
4156	26 
4157	33 
4158	29 
4159	2 
4160	6 
4161	6 
4162	2 
4163	29 
4164	7 
4165	16 
4166	8 
4167	7 
4168	20 
4169	28 
4170	9 
4171	5 
4172	8 
4173	26 
4174	37 
4175	8 
4176	15 
4177	17 
4178	31 
4179	24 
4180	40 
4181	26 
4182	8 
4183	40 
4184	12 
4185	40 
4186	16 
4187	3 
4188	36 
4189	8 
4190	34 
4191	20 
4192	26 
4193	24 
4194	28 
4195	16 
4196	28 
4197	9 
4198	39 
4199	15 
4200	40 
4201	14 
4202	22 
4203	36 
4204	18 
4205	6 
4206	19 
4207	20 
4208	21 
4209	2 
4210	22 
4211	37 
4212	3 
4213	19 
4214	6 
4215	11 
4216	16 
4217	11 
4218	9 
4219	25 
4220	20 
4221	6 
4222	36 
4223	31 
4224	25 
4225	28 
4226	27 
4227	20 
4228	20 
4229	4 
4230	17 
4231	28 
4232	28 
4233	8 
4234	24 
4235	8 
4236	32 
4237	9 
4238	26 
4239	36 
4240	1 
4241	20 
4242	31 
4243	10 
4244	2 
4245	30 
4246	22 
4247	26 
4248	6 
4249	31 
4250	10 
4251	17 
4252	3 
4253	38 
4254	14 
4255	30 
4256	13 
4257	4 
4258	18 
4259	26 
4260	32 
4261	32 
4262	6 
4263	4 
4264	38 
4265	24 
4266	2 
4267	32 
4268	17 
4269	37 
4270	3 
4271	28 
4272	33 
4273	34 
4274	30 
4275	17 
4276	7 
4277	2 
4278	4 
4279	29 
4280	22 
4281	18 
4282	15 
4283	26 
4284	29 
4285	31 
4286	18 
4287	15 
4288	38 
4289	7 
4290	3 
4291	35 
4292	27 
4293	39 
4294	17 
4295	22 
4296	37 
4297	32 
4298	19 
4299	12 
4300	26 
4301	29 
4302	5 
4303	7 
4304	17 
4305	19 
4306	2 
4307	39 
4308	34 
4309	8 
4310	3 
4311	35 
4312	28 
4313	15 
4314	27 
4315	7 
4316	1 
4317	17 
4318	18 
4319	20 
4320	4 
4321	2 
4322	18 
4323	14 
4324	29 
4325	2 
4326	26 
4327	13 
4328	1 
4329	33 
4330	29 
4331	21 
4332	4 
4333	2 
4334	10 
4335	40 
4336	22 
4337	3 
4338	23 
4339	35 
4340	5 
4341	4 
4342	13 
4343	31 
4344	20 
4345	6 
4346	1 
4347	27 
4348	26 
4349	31 
4350	10 
4351	25 
4352	28 
4353	22 
4354	39 
4355	30 
4356	36 
4357	26 
4358	1 
4359	20 
4360	18 
4361	29 
4362	18 
4363	35 
4364	23 
4365	6 
4366	14 
4367	3 
4368	31 
4369	14 
4370	15 
4371	6 
4372	16 
4373	26 
4374	10 
4375	24 
4376	17 
4377	8 
4378	10 
4379	33 
4380	23 
4381	18 
4382	24 
4383	11 
4384	29 
4385	10 
4386	12 
4387	7 
4388	28 
4389	4 
4390	19 
4391	39 
4392	20 
4393	2 
4394	11 
4395	11 
4396	17 
4397	14 
4398	30 
4399	3 
4400	38 
4401	6 
4402	22 
4403	34 
4404	33 
4405	9 
4406	32 
4407	8 
4408	15 
4409	38 
4410	36 
4411	33 
4412	13 
4413	11 
4414	5 
4415	38 
4416	36 
4417	12 
4418	16 
4419	6 
4420	8 
4421	26 
4422	33 
4423	40 
4424	31 
4425	31 
4426	27 
4427	38 
4428	16 
4429	34 
4430	20 
4431	26 
4432	2 
4433	40 
4434	4 
4435	29 
4436	9 
4437	20 
4438	14 
4439	32 
4440	35 
4441	39 
4442	12 
4443	2 
4444	20 
4445	40 
4446	33 
4447	37 
4448	36 
4449	16 
4450	32 
4451	1 
4452	6 
4453	22 
4454	3 
4455	8 
4456	1 
4457	36 
4458	17 
4459	10 
4460	37 
4461	3 
4462	6 
4463	22 
4464	4 
4465	3 
4466	27 
4467	16 
4468	2 
4469	28 
4470	8 
4471	7 
4472	24 
4473	16 
4474	24 
4475	10 
4476	13 
4477	24 
4478	14 
4479	15 
4480	34 
4481	26 
4482	29 
4483	36 
4484	14 
4485	13 
4486	28 
4487	14 
4488	26 
4489	6 
4490	4 
4491	20 
4492	4 
4493	26 
4494	12 
4495	35 
4496	28 
4497	7 
4498	19 
4499	40 
4500	1 
4501	36 
4502	10 
4503	40 
4504	18 
4505	14 
4506	14 
4507	38 
4508	33 
4509	7 
4510	31 
4511	1 
4512	40 
4513	14 
4514	23 
4515	26 
4516	39 
4517	3 
4518	13 
4519	21 
4520	12 
4521	28 
4522	13 
4523	24 
4524	20 
4525	40 
4526	4 
4527	22 
4528	17 
4529	2 
4530	2 
4531	32 
4532	9 
4533	8 
4534	25 
4535	16 
4536	12 
4537	31 
4538	15 
4539	25 
4540	3 
4541	27 
4542	38 
4543	26 
4544	13 
4545	35 
4546	16 
4547	24 
4548	21 
4549	35 
4550	39 
4551	22 
4552	3 
4553	10 
4554	23 
4555	21 
4556	21 
4557	18 
4558	20 
4559	17 
4560	33 
4561	11 
4562	12 
4563	21 
4564	35 
4565	18 
4566	2 
4567	40 
4568	37 
4569	28 
4570	39 
4571	17 
4572	18 
4573	28 
4574	35 
4575	3 
4576	24 
4577	20 
4578	30 
4579	10 
4580	17 
4581	3 
4582	23 
4583	37 
4584	21 
4585	3 
4586	21 
4587	27 
4588	15 
4589	4 
4590	25 
4591	8 
4592	24 
4593	3 
4594	14 
4595	22 
4596	40 
4597	18 
4598	8 
4599	5 
4600	12 
4601	5 
4602	35 
4603	13 
4604	16 
4605	3 
4606	37 
4607	8 
4608	36 
4609	23 
4610	14 
4611	17 
4612	36 
4613	17 
4614	24 
4615	20 
4616	11 
4617	10 
4618	7 
4619	18 
4620	35 
4621	12 
4622	24 
4623	28 
4624	26 
4625	34 
4626	28 
4627	40 
4628	8 
4629	12 
4630	8 
4631	14 
4632	4 
4633	35 
4634	18 
4635	34 
4636	25 
4637	27 
4638	27 
4639	36 
4640	27 
4641	16 
4642	13 
4643	25 
4644	7 
4645	23 
4646	10 
4647	16 
4648	2 
4649	7 
4650	28 
4651	25 
4652	9 
4653	40 
4654	23 
4655	21 
4656	15 
4657	6 
4658	38 
4659	11 
4660	26 
4661	7 
4662	33 
4663	17 
4664	19 
4665	3 
4666	17 
4667	31 
4668	31 
4669	35 
4670	23 
4671	18 
4672	12 
4673	14 
4674	35 
4675	35 
4676	40 
4677	21 
4678	34 
4679	31 
4680	13 
4681	6 
4682	23 
4683	2 
4684	4 
4685	36 
4686	19 
4687	29 
4688	30 
4689	6 
4690	7 
4691	10 
4692	33 
4693	7 
4694	27 
4695	21 
4696	26 
4697	37 
4698	4 
4699	18 
4700	35 
4701	13 
4702	23 
4703	2 
4704	30 
4705	31 
4706	20 
4707	36 
4708	33 
4709	20 
4710	40 
4711	20 
4712	35 
4713	2 
4714	4 
4715	19 
4716	30 
4717	26 
4718	2 
4719	19 
4720	36 
4721	20 
4722	6 
4723	1 
4724	28 
4725	22 
4726	19 
4727	20 
4728	14 
4729	6 
4730	36 
4731	6 
4732	7 
4733	28 
4734	1 
4735	35 
4736	16 
4737	4 
4738	38 
4739	35 
4740	2 
4741	38 
4742	14 
4743	10 
4744	33 
4745	14 
4746	22 
4747	8 
4748	31 
4749	10 
4750	34 
4751	33 
4752	29 
4753	27 
4754	11 
4755	26 
4756	14 
4757	10 
4758	12 
4759	23 
4760	24 
4761	18 
4762	27 
4763	23 
4764	23 
4765	5 
4766	23 
4767	15 
4768	4 
4769	26 
4770	36 
4771	6 
4772	4 
4773	19 
4774	1 
4775	13 
4776	35 
4777	14 
4778	23 
4779	20 
4780	14 
4781	26 
4782	26 
4783	8 
4784	2 
4785	2 
4786	19 
4787	14 
4788	33 
4789	9 
4790	32 
4791	14 
4792	32 
4793	21 
4794	32 
4795	10 
4796	22 
4797	9 
4798	28 
4799	30 
4800	24 
4801	40 
4802	18 
4803	36 
4804	7 
4805	3 
4806	1 
4807	19 
4808	37 
4809	20 
4810	6 
4811	34 
4812	10 
4813	5 
4814	9 
4815	31 
4816	20 
4817	40 
4818	38 
4819	8 
4820	16 
4821	34 
4822	35 
4823	16 
4824	13 
4825	1 
4826	11 
4827	33 
4828	33 
4829	21 
4830	15 
4831	28 
4832	9 
4833	23 
4834	22 
4835	38 
4836	17 
4837	17 
4838	35 
4839	20 
4840	36 
4841	9 
4842	28 
4843	22 
4844	3 
4845	1 
4846	28 
4847	40 
4848	16 
4849	25 
4850	10 
4851	23 
4852	3 
4853	40 
4854	19 
4855	8 
4856	25 
4857	11 
4858	24 
4859	40 
4860	25 
4861	2 
4862	19 
4863	26 
4864	35 
4865	26 
4866	28 
4867	26 
4868	3 
4869	26 
4870	31 
4871	29 
4872	5 
4873	10 
4874	29 
4875	16 
4876	3 
4877	11 
4878	38 
4879	14 
4880	6 
4881	1 
4882	36 
4883	21 
4884	17 
4885	25 
4886	38 
4887	19 
4888	35 
4889	22 
4890	18 
4891	29 
4892	28 
4893	24 
4894	14 
4895	36 
4896	6 
4897	18 
4898	21 
4899	40 
4900	2 
4901	16 
4902	37 
4903	38 
4904	13 
4905	26 
4906	38 
4907	35 
4908	4 
4909	8 
4910	16 
4911	38 
4912	22 
4913	17 
4914	7 
4915	31 
4916	39 
4917	3 
4918	21 
4919	19 
4920	4 
4921	15 
4922	28 
4923	31 
4924	33 
4925	18 
4926	2 
4927	32 
4928	32 
4929	8 
4930	15 
4931	31 
4932	8 
4933	31 
4934	33 
4935	35 
4936	3 
4937	36 
4938	14 
4939	23 
4940	20 
4941	25 
4942	8 
4943	20 
4944	2 
4945	33 
4946	14 
4947	35 
4948	33 
4949	16 
4950	36 
4951	35 
4952	6 
4953	35 
4954	17 
4955	4 
4956	10 
4957	7 
4958	22 
4959	20 
4960	14 
4961	18 
4962	3 
4963	10 
4964	4 
4965	22 
4966	20 
4967	20 
4968	6 
4969	28 
4970	20 
4971	31 
4972	2 
4973	20 
4974	2 
4975	36 
4976	31 
4977	20 
4978	35 
4979	22 
4980	31 
4981	10 
4982	40 
4983	7 
4984	7 
4985	35 
4986	20 
4987	35 
4988	35 
4989	31 
4990	35 
4991	35 
4992	36 
4993	7 
4994	10 
4995	10 
4996	10 
4997	20 
4998	20 
4999	35 
5000	35 
