1	24 
2	50 
3	41 
4	21 
5	84 
6	27 
7	10 
8	23 
9	64 
10	21 
11	18 
12	55 
13	7 
14	58 
15	100 
16	18 
17	88 
18	30 
19	74 
20	19 
21	64 
22	85 
23	35 
24	8 
25	69 
26	46 
27	49 
28	43 
29	62 
30	4 
31	45 
32	44 
33	84 
34	50 
35	45 
36	34 
37	93 
38	17 
39	96 
40	24 
41	43 
42	16 
43	32 
44	38 
45	33 
46	64 
47	13 
48	78 
49	56 
50	51 
51	70 
52	70 
53	87 
54	88 
55	102 
56	40 
57	14 
58	17 
59	45 
60	14 
61	91 
62	63 
63	22 
64	76 
65	14 
66	5 
67	26 
68	6 
69	72 
70	9 
71	102 
72	81 
73	2 
74	3 
75	40 
76	69 
77	14 
78	89 
79	80 
80	69 
81	38 
82	3 
83	90 
84	17 
85	60 
86	56 
87	102 
88	16 
89	89 
90	51 
91	104 
92	30 
93	71 
94	71 
95	78 
96	19 
97	102 
98	45 
99	56 
100	32 
101	23 
102	102 
103	25 
104	14 
105	23 
106	60 
107	46 
108	28 
109	53 
110	81 
111	57 
112	98 
113	58 
114	61 
115	66 
116	49 
117	87 
118	71 
119	53 
120	64 
121	27 
122	30 
123	38 
124	33 
125	44 
126	60 
127	49 
128	47 
129	90 
130	7 
131	29 
132	71 
133	53 
134	104 
135	61 
136	56 
137	32 
138	90 
139	23 
140	39 
141	71 
142	61 
143	23 
144	53 
145	55 
146	21 
147	1 
148	45 
149	46 
150	18 
151	82 
152	57 
153	39 
154	104 
155	100 
156	91 
157	53 
158	67 
159	100 
160	104 
161	56 
162	44 
163	16 
164	29 
165	32 
166	28 
167	104 
168	88 
169	82 
170	37 
171	85 
172	62 
173	66 
174	87 
175	68 
176	17 
177	15 
178	80 
179	13 
180	64 
181	79 
182	60 
183	3 
184	80 
185	98 
186	78 
187	17 
188	19 
189	26 
190	31 
191	50 
192	88 
193	12 
194	31 
195	30 
196	14 
197	102 
198	52 
199	56 
200	13 
201	34 
202	75 
203	20 
204	38 
205	51 
206	62 
207	81 
208	102 
209	28 
210	53 
211	103 
212	61 
213	50 
214	31 
215	41 
216	41 
217	51 
218	15 
219	54 
220	21 
221	45 
222	79 
223	57 
224	7 
225	2 
226	42 
227	99 
228	8 
229	50 
230	45 
231	85 
232	13 
233	78 
234	21 
235	17 
236	95 
237	26 
238	84 
239	59 
240	41 
241	31 
242	101 
243	83 
244	38 
245	62 
246	73 
247	7 
248	8 
249	1 
250	60 
251	7 
252	15 
253	99 
254	92 
255	6 
256	49 
257	1 
258	103 
259	87 
260	59 
261	64 
262	31 
263	78 
264	83 
265	87 
266	82 
267	21 
268	60 
269	13 
270	4 
271	80 
272	54 
273	69 
274	41 
275	102 
276	38 
277	75 
278	5 
279	95 
280	6 
281	3 
282	54 
283	84 
284	45 
285	66 
286	64 
287	28 
288	75 
289	102 
290	92 
291	77 
292	46 
293	70 
294	78 
295	17 
296	101 
297	72 
298	46 
299	15 
300	36 
301	97 
302	44 
303	77 
304	85 
305	55 
306	85 
307	83 
308	13 
309	5 
310	9 
311	57 
312	17 
313	10 
314	17 
315	70 
316	51 
317	69 
318	56 
319	85 
320	55 
321	61 
322	61 
323	31 
324	6 
325	35 
326	58 
327	40 
328	55 
329	85 
330	49 
331	104 
332	46 
333	82 
334	59 
335	53 
336	88 
337	71 
338	83 
339	69 
340	103 
341	75 
342	32 
343	39 
344	62 
345	17 
346	11 
347	37 
348	66 
349	80 
350	64 
351	103 
352	19 
353	17 
354	82 
355	80 
356	4 
357	39 
358	27 
359	16 
360	57 
361	13 
362	38 
363	7 
364	23 
365	98 
366	97 
367	75 
368	30 
369	19 
370	21 
371	79 
372	60 
373	26 
374	103 
375	59 
376	80 
377	87 
378	88 
379	6 
380	52 
381	11 
382	92 
383	37 
384	21 
385	16 
386	38 
387	3 
388	66 
389	15 
390	97 
391	28 
392	95 
393	89 
394	27 
395	24 
396	48 
397	43 
398	91 
399	1 
400	78 
401	37 
402	60 
403	13 
404	38 
405	16 
406	8 
407	103 
408	33 
409	29 
410	90 
411	42 
412	92 
413	93 
414	5 
415	48 
416	38 
417	28 
418	102 
419	49 
420	61 
421	18 
422	29 
423	66 
424	31 
425	55 
426	23 
427	36 
428	38 
429	92 
430	99 
431	90 
432	90 
433	15 
434	99 
435	68 
436	46 
437	30 
438	46 
439	76 
440	92 
441	103 
442	2 
443	78 
444	80 
445	79 
446	92 
447	68 
448	49 
449	75 
450	31 
451	40 
452	19 
453	94 
454	57 
455	41 
456	5 
457	40 
458	31 
459	20 
460	99 
461	31 
462	19 
463	68 
464	15 
465	10 
466	10 
467	38 
468	60 
469	62 
470	4 
471	14 
472	61 
473	80 
474	69 
475	86 
476	77 
477	37 
478	48 
479	82 
480	21 
481	81 
482	24 
483	19 
484	32 
485	37 
486	61 
487	33 
488	52 
489	39 
490	46 
491	64 
492	94 
493	66 
494	59 
495	64 
496	67 
497	36 
498	34 
499	34 
500	45 
501	33 
502	101 
503	93 
504	15 
505	45 
506	90 
507	92 
508	31 
509	64 
510	46 
511	6 
512	58 
513	56 
514	29 
515	74 
516	11 
517	46 
518	33 
519	94 
520	82 
521	14 
522	80 
523	17 
524	83 
525	103 
526	15 
527	89 
528	66 
529	14 
530	54 
531	89 
532	73 
533	57 
534	5 
535	9 
536	19 
537	47 
538	53 
539	103 
540	19 
541	55 
542	78 
543	102 
544	58 
545	60 
546	96 
547	103 
548	89 
549	26 
550	44 
551	11 
552	52 
553	71 
554	35 
555	49 
556	54 
557	45 
558	14 
559	80 
560	102 
561	69 
562	39 
563	71 
564	104 
565	27 
566	9 
567	74 
568	15 
569	72 
570	50 
571	15 
572	3 
573	64 
574	72 
575	43 
576	19 
577	71 
578	38 
579	84 
580	102 
581	15 
582	21 
583	49 
584	13 
585	58 
586	102 
587	63 
588	67 
589	39 
590	59 
591	97 
592	50 
593	83 
594	84 
595	57 
596	37 
597	63 
598	66 
599	81 
600	62 
601	64 
602	90 
603	57 
604	46 
605	4 
606	46 
607	18 
608	88 
609	84 
610	23 
611	12 
612	103 
613	45 
614	34 
615	67 
616	50 
617	54 
618	56 
619	90 
620	44 
621	16 
622	56 
623	7 
624	5 
625	71 
626	103 
627	84 
628	71 
629	75 
630	16 
631	83 
632	60 
633	93 
634	69 
635	13 
636	19 
637	75 
638	1 
639	53 
640	12 
641	81 
642	63 
643	11 
644	60 
645	58 
646	40 
647	71 
648	24 
649	90 
650	98 
651	21 
652	39 
653	6 
654	16 
655	32 
656	1 
657	65 
658	48 
659	13 
660	18 
661	13 
662	46 
663	66 
664	85 
665	59 
666	88 
667	63 
668	15 
669	79 
670	43 
671	52 
672	83 
673	103 
674	55 
675	61 
676	45 
677	80 
678	99 
679	80 
680	46 
681	12 
682	49 
683	21 
684	44 
685	56 
686	17 
687	54 
688	27 
689	103 
690	97 
691	70 
692	10 
693	102 
694	15 
695	74 
696	50 
697	59 
698	16 
699	46 
700	97 
701	13 
702	65 
703	23 
704	51 
705	44 
706	87 
707	103 
708	38 
709	43 
710	10 
711	78 
712	88 
713	49 
714	29 
715	30 
716	69 
717	55 
718	76 
719	8 
720	17 
721	32 
722	44 
723	3 
724	66 
725	67 
726	5 
727	3 
728	13 
729	30 
730	85 
731	43 
732	72 
733	54 
734	51 
735	87 
736	52 
737	40 
738	82 
739	14 
740	13 
741	20 
742	90 
743	83 
744	82 
745	49 
746	79 
747	83 
748	17 
749	60 
750	37 
751	17 
752	42 
753	28 
754	103 
755	29 
756	68 
757	6 
758	34 
759	1 
760	19 
761	21 
762	6 
763	42 
764	83 
765	52 
766	98 
767	29 
768	6 
769	74 
770	38 
771	41 
772	104 
773	99 
774	30 
775	62 
776	9 
777	83 
778	14 
779	103 
780	41 
781	72 
782	91 
783	13 
784	92 
785	68 
786	21 
787	78 
788	69 
789	11 
790	19 
791	76 
792	89 
793	43 
794	35 
795	72 
796	21 
797	71 
798	2 
799	103 
800	91 
801	43 
802	102 
803	29 
804	94 
805	45 
806	71 
807	79 
808	41 
809	31 
810	18 
811	58 
812	20 
813	57 
814	79 
815	69 
816	20 
817	93 
818	76 
819	60 
820	45 
821	28 
822	52 
823	103 
824	39 
825	97 
826	80 
827	67 
828	71 
829	43 
830	89 
831	58 
832	87 
833	34 
834	15 
835	43 
836	12 
837	28 
838	60 
839	50 
840	66 
841	61 
842	46 
843	89 
844	80 
845	81 
846	30 
847	17 
848	9 
849	69 
850	20 
851	44 
852	34 
853	31 
854	88 
855	85 
856	72 
857	45 
858	85 
859	62 
860	59 
861	19 
862	86 
863	57 
864	96 
865	61 
866	35 
867	45 
868	35 
869	6 
870	4 
871	36 
872	92 
873	73 
874	25 
875	17 
876	6 
877	41 
878	47 
879	37 
880	73 
881	43 
882	52 
883	47 
884	69 
885	39 
886	67 
887	57 
888	33 
889	14 
890	90 
891	99 
892	28 
893	85 
894	93 
895	61 
896	15 
897	102 
898	72 
899	101 
900	63 
901	12 
902	6 
903	16 
904	63 
905	36 
906	91 
907	100 
908	104 
909	52 
910	71 
911	56 
912	87 
913	6 
914	95 
915	60 
916	4 
917	5 
918	49 
919	46 
920	76 
921	58 
922	46 
923	16 
924	30 
925	62 
926	41 
927	49 
928	45 
929	90 
930	102 
931	13 
932	38 
933	61 
934	61 
935	58 
936	82 
937	12 
938	97 
939	55 
940	74 
941	76 
942	56 
943	46 
944	84 
945	101 
946	2 
947	96 
948	101 
949	49 
950	84 
951	62 
952	39 
953	41 
954	79 
955	52 
956	86 
957	72 
958	72 
959	15 
960	66 
961	21 
962	53 
963	12 
964	14 
965	65 
966	44 
967	53 
968	80 
969	80 
970	98 
971	30 
972	89 
973	35 
974	11 
975	44 
976	70 
977	81 
978	69 
979	59 
980	14 
981	16 
982	15 
983	35 
984	53 
985	61 
986	31 
987	104 
988	65 
989	61 
990	101 
991	86 
992	11 
993	43 
994	98 
995	22 
996	92 
997	33 
998	58 
999	60 
1000	25 
1001	24 
1002	99 
1003	46 
1004	99 
1005	101 
1006	95 
1007	59 
1008	70 
1009	84 
1010	81 
1011	55 
1012	55 
1013	45 
1014	61 
1015	47 
1016	103 
1017	71 
1018	34 
1019	94 
1020	103 
1021	83 
1022	61 
1023	51 
1024	49 
1025	97 
1026	83 
1027	45 
1028	14 
1029	50 
1030	14 
1031	84 
1032	14 
1033	54 
1034	9 
1035	21 
1036	82 
1037	104 
1038	31 
1039	104 
1040	60 
1041	85 
1042	44 
1043	68 
1044	59 
1045	88 
1046	13 
1047	45 
1048	26 
1049	102 
1050	75 
1051	48 
1052	5 
1053	61 
1054	85 
1055	7 
1056	66 
1057	63 
1058	55 
1059	9 
1060	69 
1061	35 
1062	33 
1063	17 
1064	11 
1065	75 
1066	84 
1067	57 
1068	6 
1069	46 
1070	39 
1071	33 
1072	7 
1073	83 
1074	58 
1075	26 
1076	21 
1077	73 
1078	66 
1079	21 
1080	59 
1081	72 
1082	13 
1083	55 
1084	61 
1085	21 
1086	45 
1087	59 
1088	79 
1089	59 
1090	91 
1091	11 
1092	11 
1093	55 
1094	48 
1095	65 
1096	57 
1097	46 
1098	100 
1099	101 
1100	62 
1101	100 
1102	6 
1103	53 
1104	90 
1105	94 
1106	45 
1107	98 
1108	76 
1109	33 
1110	104 
1111	79 
1112	54 
1113	47 
1114	31 
1115	12 
1116	32 
1117	14 
1118	19 
1119	32 
1120	80 
1121	102 
1122	65 
1123	76 
1124	83 
1125	93 
1126	83 
1127	69 
1128	78 
1129	82 
1130	8 
1131	5 
1132	61 
1133	103 
1134	57 
1135	43 
1136	50 
1137	58 
1138	55 
1139	51 
1140	85 
1141	54 
1142	25 
1143	6 
1144	56 
1145	20 
1146	67 
1147	27 
1148	31 
1149	85 
1150	58 
1151	76 
1152	86 
1153	72 
1154	60 
1155	46 
1156	55 
1157	89 
1158	16 
1159	6 
1160	34 
1161	17 
1162	94 
1163	48 
1164	101 
1165	38 
1166	52 
1167	87 
1168	20 
1169	10 
1170	76 
1171	31 
1172	60 
1173	84 
1174	12 
1175	30 
1176	1 
1177	19 
1178	30 
1179	101 
1180	104 
1181	72 
1182	64 
1183	43 
1184	53 
1185	68 
1186	59 
1187	76 
1188	85 
1189	36 
1190	23 
1191	11 
1192	103 
1193	59 
1194	5 
1195	95 
1196	32 
1197	88 
1198	17 
1199	84 
1200	97 
1201	70 
1202	75 
1203	30 
1204	14 
1205	5 
1206	80 
1207	18 
1208	65 
1209	34 
1210	96 
1211	48 
1212	55 
1213	51 
1214	93 
1215	100 
1216	4 
1217	65 
1218	51 
1219	61 
1220	57 
1221	85 
1222	88 
1223	27 
1224	71 
1225	90 
1226	12 
1227	63 
1228	6 
1229	55 
1230	13 
1231	38 
1232	95 
1233	94 
1234	35 
1235	93 
1236	98 
1237	76 
1238	45 
1239	91 
1240	99 
1241	54 
1242	53 
1243	95 
1244	38 
1245	66 
1246	77 
1247	55 
1248	90 
1249	34 
1250	95 
1251	83 
1252	33 
1253	58 
1254	31 
1255	32 
1256	41 
1257	48 
1258	52 
1259	103 
1260	66 
1261	7 
1262	45 
1263	74 
1264	21 
1265	45 
1266	82 
1267	59 
1268	5 
1269	62 
1270	9 
1271	43 
1272	15 
1273	56 
1274	30 
1275	60 
1276	49 
1277	4 
1278	19 
1279	2 
1280	85 
1281	34 
1282	34 
1283	28 
1284	77 
1285	2 
1286	78 
1287	93 
1288	25 
1289	92 
1290	102 
1291	57 
1292	85 
1293	11 
1294	52 
1295	84 
1296	15 
1297	41 
1298	36 
1299	88 
1300	30 
1301	37 
1302	101 
1303	12 
1304	102 
1305	103 
1306	102 
1307	50 
1308	18 
1309	90 
1310	68 
1311	37 
1312	25 
1313	15 
1314	56 
1315	79 
1316	55 
1317	17 
1318	60 
1319	59 
1320	62 
1321	1 
1322	36 
1323	2 
1324	81 
1325	35 
1326	83 
1327	11 
1328	76 
1329	61 
1330	42 
1331	91 
1332	38 
1333	38 
1334	30 
1335	3 
1336	82 
1337	93 
1338	102 
1339	72 
1340	23 
1341	93 
1342	20 
1343	89 
1344	75 
1345	103 
1346	15 
1347	56 
1348	102 
1349	79 
1350	99 
1351	21 
1352	90 
1353	82 
1354	24 
1355	7 
1356	14 
1357	45 
1358	17 
1359	50 
1360	74 
1361	41 
1362	32 
1363	71 
1364	30 
1365	39 
1366	82 
1367	18 
1368	65 
1369	19 
1370	102 
1371	63 
1372	61 
1373	49 
1374	90 
1375	71 
1376	43 
1377	11 
1378	77 
1379	52 
1380	9 
1381	100 
1382	30 
1383	31 
1384	9 
1385	103 
1386	56 
1387	85 
1388	15 
1389	82 
1390	38 
1391	46 
1392	48 
1393	85 
1394	104 
1395	90 
1396	84 
1397	85 
1398	56 
1399	79 
1400	45 
1401	66 
1402	56 
1403	21 
1404	53 
1405	19 
1406	34 
1407	87 
1408	100 
1409	17 
1410	53 
1411	88 
1412	88 
1413	90 
1414	104 
1415	41 
1416	14 
1417	70 
1418	14 
1419	69 
1420	22 
1421	34 
1422	28 
1423	53 
1424	84 
1425	15 
1426	18 
1427	9 
1428	82 
1429	71 
1430	14 
1431	7 
1432	45 
1433	18 
1434	72 
1435	76 
1436	16 
1437	102 
1438	98 
1439	53 
1440	86 
1441	76 
1442	58 
1443	57 
1444	63 
1445	102 
1446	80 
1447	22 
1448	18 
1449	19 
1450	24 
1451	102 
1452	96 
1453	47 
1454	47 
1455	18 
1456	13 
1457	77 
1458	45 
1459	8 
1460	10 
1461	19 
1462	28 
1463	85 
1464	51 
1465	91 
1466	25 
1467	81 
1468	17 
1469	83 
1470	30 
1471	75 
1472	16 
1473	33 
1474	77 
1475	38 
1476	98 
1477	40 
1478	95 
1479	17 
1480	50 
1481	65 
1482	64 
1483	67 
1484	34 
1485	37 
1486	30 
1487	38 
1488	80 
1489	79 
1490	23 
1491	20 
1492	40 
1493	9 
1494	29 
1495	68 
1496	71 
1497	30 
1498	28 
1499	88 
1500	26 
1501	1 
1502	34 
1503	9 
1504	75 
1505	102 
1506	70 
1507	24 
1508	7 
1509	37 
1510	101 
1511	53 
1512	33 
1513	66 
1514	39 
1515	85 
1516	49 
1517	5 
1518	72 
1519	72 
1520	97 
1521	84 
1522	91 
1523	94 
1524	53 
1525	71 
1526	60 
1527	32 
1528	13 
1529	18 
1530	54 
1531	16 
1532	81 
1533	32 
1534	71 
1535	46 
1536	46 
1537	74 
1538	26 
1539	51 
1540	73 
1541	62 
1542	49 
1543	98 
1544	61 
1545	82 
1546	100 
1547	17 
1548	36 
1549	85 
1550	102 
1551	38 
1552	57 
1553	96 
1554	73 
1555	84 
1556	74 
1557	72 
1558	45 
1559	13 
1560	11 
1561	29 
1562	41 
1563	16 
1564	23 
1565	20 
1566	14 
1567	78 
1568	56 
1569	75 
1570	44 
1571	101 
1572	20 
1573	75 
1574	9 
1575	33 
1576	17 
1577	33 
1578	56 
1579	103 
1580	98 
1581	15 
1582	30 
1583	30 
1584	94 
1585	35 
1586	24 
1587	82 
1588	13 
1589	95 
1590	81 
1591	56 
1592	60 
1593	89 
1594	32 
1595	44 
1596	59 
1597	29 
1598	50 
1599	50 
1600	58 
1601	43 
1602	25 
1603	101 
1604	20 
1605	74 
1606	15 
1607	69 
1608	51 
1609	34 
1610	2 
1611	75 
1612	48 
1613	59 
1614	35 
1615	80 
1616	38 
1617	44 
1618	86 
1619	53 
1620	55 
1621	49 
1622	95 
1623	15 
1624	17 
1625	61 
1626	31 
1627	2 
1628	32 
1629	39 
1630	63 
1631	12 
1632	52 
1633	49 
1634	15 
1635	102 
1636	52 
1637	53 
1638	89 
1639	83 
1640	80 
1641	32 
1642	71 
1643	13 
1644	91 
1645	100 
1646	18 
1647	16 
1648	12 
1649	70 
1650	39 
1651	34 
1652	82 
1653	74 
1654	41 
1655	42 
1656	103 
1657	63 
1658	9 
1659	21 
1660	23 
1661	31 
1662	74 
1663	103 
1664	66 
1665	93 
1666	96 
1667	92 
1668	47 
1669	2 
1670	9 
1671	19 
1672	81 
1673	54 
1674	44 
1675	27 
1676	102 
1677	66 
1678	45 
1679	90 
1680	69 
1681	20 
1682	96 
1683	6 
1684	31 
1685	86 
1686	69 
1687	36 
1688	34 
1689	76 
1690	102 
1691	83 
1692	40 
1693	67 
1694	76 
1695	6 
1696	60 
1697	31 
1698	29 
1699	81 
1700	55 
1701	85 
1702	27 
1703	102 
1704	35 
1705	91 
1706	48 
1707	74 
1708	15 
1709	69 
1710	70 
1711	41 
1712	70 
1713	2 
1714	84 
1715	90 
1716	89 
1717	48 
1718	17 
1719	6 
1720	25 
1721	85 
1722	43 
1723	103 
1724	65 
1725	40 
1726	60 
1727	18 
1728	36 
1729	80 
1730	83 
1731	86 
1732	56 
1733	90 
1734	49 
1735	1 
1736	28 
1737	34 
1738	55 
1739	30 
1740	67 
1741	77 
1742	88 
1743	20 
1744	72 
1745	37 
1746	71 
1747	35 
1748	39 
1749	4 
1750	50 
1751	4 
1752	104 
1753	18 
1754	2 
1755	22 
1756	56 
1757	102 
1758	51 
1759	3 
1760	60 
1761	38 
1762	32 
1763	74 
1764	101 
1765	11 
1766	30 
1767	52 
1768	68 
1769	51 
1770	31 
1771	63 
1772	49 
1773	85 
1774	50 
1775	65 
1776	55 
1777	63 
1778	58 
1779	75 
1780	38 
1781	84 
1782	92 
1783	28 
1784	98 
1785	51 
1786	7 
1787	49 
1788	73 
1789	87 
1790	34 
1791	35 
1792	14 
1793	32 
1794	82 
1795	50 
1796	10 
1797	43 
1798	68 
1799	14 
1800	28 
1801	20 
1802	82 
1803	57 
1804	73 
1805	33 
1806	64 
1807	51 
1808	7 
1809	16 
1810	18 
1811	85 
1812	104 
1813	71 
1814	26 
1815	55 
1816	79 
1817	33 
1818	3 
1819	53 
1820	92 
1821	56 
1822	7 
1823	46 
1824	103 
1825	8 
1826	15 
1827	103 
1828	102 
1829	16 
1830	75 
1831	84 
1832	56 
1833	46 
1834	55 
1835	19 
1836	94 
1837	17 
1838	25 
1839	57 
1840	39 
1841	65 
1842	28 
1843	55 
1844	26 
1845	60 
1846	18 
1847	21 
1848	30 
1849	44 
1850	98 
1851	81 
1852	85 
1853	11 
1854	81 
1855	16 
1856	19 
1857	22 
1858	48 
1859	38 
1860	55 
1861	84 
1862	15 
1863	22 
1864	67 
1865	25 
1866	70 
1867	29 
1868	98 
1869	56 
1870	39 
1871	103 
1872	14 
1873	45 
1874	14 
1875	17 
1876	47 
1877	102 
1878	54 
1879	10 
1880	15 
1881	31 
1882	43 
1883	68 
1884	76 
1885	101 
1886	72 
1887	60 
1888	100 
1889	97 
1890	38 
1891	74 
1892	32 
1893	19 
1894	49 
1895	49 
1896	86 
1897	21 
1898	94 
1899	33 
1900	104 
1901	41 
1902	5 
1903	79 
1904	78 
1905	31 
1906	83 
1907	24 
1908	101 
1909	44 
1910	61 
1911	62 
1912	50 
1913	59 
1914	85 
1915	52 
1916	75 
1917	13 
1918	31 
1919	65 
1920	37 
1921	101 
1922	72 
1923	62 
1924	6 
1925	50 
1926	43 
1927	88 
1928	47 
1929	49 
1930	22 
1931	5 
1932	84 
1933	77 
1934	23 
1935	24 
1936	46 
1937	63 
1938	12 
1939	45 
1940	52 
1941	46 
1942	41 
1943	58 
1944	86 
1945	58 
1946	81 
1947	99 
1948	25 
1949	22 
1950	37 
1951	41 
1952	43 
1953	42 
1954	53 
1955	84 
1956	49 
1957	17 
1958	95 
1959	46 
1960	62 
1961	86 
1962	56 
1963	77 
1964	80 
1965	19 
1966	31 
1967	88 
1968	61 
1969	30 
1970	89 
1971	80 
1972	67 
1973	50 
1974	83 
1975	45 
1976	69 
1977	43 
1978	64 
1979	15 
1980	69 
1981	57 
1982	59 
1983	21 
1984	85 
1985	104 
1986	65 
1987	84 
1988	47 
1989	33 
1990	80 
1991	50 
1992	33 
1993	101 
1994	48 
1995	39 
1996	104 
1997	85 
1998	31 
1999	34 
2000	22 
2001	12 
2002	23 
2003	26 
2004	34 
2005	76 
2006	54 
2007	64 
2008	85 
2009	75 
2010	95 
2011	42 
2012	104 
2013	56 
2014	76 
2015	69 
2016	46 
2017	86 
2018	18 
2019	84 
2020	84 
2021	50 
2022	67 
2023	87 
2024	82 
2025	76 
2026	2 
2027	54 
2028	55 
2029	97 
2030	63 
2031	38 
2032	68 
2033	53 
2034	78 
2035	49 
2036	82 
2037	35 
2038	62 
2039	50 
2040	33 
2041	29 
2042	85 
2043	14 
2044	69 
2045	23 
2046	71 
2047	43 
2048	41 
2049	34 
2050	11 
2051	67 
2052	70 
2053	14 
2054	28 
2055	19 
2056	32 
2057	47 
2058	82 
2059	76 
2060	41 
2061	63 
2062	51 
2063	40 
2064	100 
2065	18 
2066	88 
2067	64 
2068	77 
2069	51 
2070	26 
2071	87 
2072	25 
2073	75 
2074	27 
2075	21 
2076	9 
2077	16 
2078	2 
2079	22 
2080	3 
2081	94 
2082	64 
2083	38 
2084	70 
2085	84 
2086	53 
2087	34 
2088	1 
2089	82 
2090	74 
2091	41 
2092	75 
2093	35 
2094	2 
2095	34 
2096	1 
2097	28 
2098	18 
2099	16 
2100	89 
2101	8 
2102	37 
2103	4 
2104	34 
2105	36 
2106	24 
2107	38 
2108	61 
2109	61 
2110	35 
2111	39 
2112	3 
2113	102 
2114	6 
2115	90 
2116	81 
2117	37 
2118	89 
2119	99 
2120	78 
2121	76 
2122	27 
2123	90 
2124	3 
2125	50 
2126	34 
2127	74 
2128	84 
2129	77 
2130	12 
2131	42 
2132	81 
2133	57 
2134	87 
2135	21 
2136	30 
2137	90 
2138	75 
2139	31 
2140	65 
2141	71 
2142	99 
2143	18 
2144	80 
2145	80 
2146	40 
2147	7 
2148	50 
2149	101 
2150	88 
2151	51 
2152	71 
2153	100 
2154	38 
2155	28 
2156	76 
2157	44 
2158	59 
2159	86 
2160	1 
2161	89 
2162	48 
2163	57 
2164	93 
2165	78 
2166	95 
2167	41 
2168	45 
2169	60 
2170	15 
2171	41 
2172	60 
2173	42 
2174	89 
2175	96 
2176	93 
2177	58 
2178	64 
2179	57 
2180	45 
2181	29 
2182	21 
2183	73 
2184	80 
2185	52 
2186	66 
2187	39 
2188	94 
2189	72 
2190	66 
2191	44 
2192	72 
2193	94 
2194	77 
2195	48 
2196	84 
2197	32 
2198	53 
2199	70 
2200	55 
2201	96 
2202	39 
2203	4 
2204	96 
2205	88 
2206	64 
2207	30 
2208	84 
2209	46 
2210	40 
2211	58 
2212	23 
2213	14 
2214	71 
2215	13 
2216	9 
2217	88 
2218	84 
2219	28 
2220	31 
2221	69 
2222	11 
2223	31 
2224	55 
2225	1 
2226	96 
2227	53 
2228	52 
2229	104 
2230	72 
2231	10 
2232	58 
2233	26 
2234	6 
2235	69 
2236	41 
2237	88 
2238	61 
2239	73 
2240	19 
2241	68 
2242	38 
2243	76 
2244	71 
2245	27 
2246	80 
2247	93 
2248	55 
2249	98 
2250	36 
2251	13 
2252	14 
2253	41 
2254	35 
2255	74 
2256	43 
2257	24 
2258	94 
2259	45 
2260	3 
2261	37 
2262	34 
2263	64 
2264	26 
2265	17 
2266	33 
2267	4 
2268	45 
2269	31 
2270	10 
2271	11 
2272	80 
2273	71 
2274	3 
2275	71 
2276	19 
2277	58 
2278	77 
2279	5 
2280	15 
2281	2 
2282	56 
2283	68 
2284	103 
2285	46 
2286	23 
2287	45 
2288	50 
2289	15 
2290	58 
2291	33 
2292	50 
2293	55 
2294	81 
2295	62 
2296	98 
2297	85 
2298	45 
2299	49 
2300	41 
2301	23 
2302	30 
2303	63 
2304	71 
2305	90 
2306	88 
2307	15 
2308	21 
2309	31 
2310	61 
2311	56 
2312	101 
2313	20 
2314	8 
2315	26 
2316	83 
2317	37 
2318	14 
2319	4 
2320	45 
2321	42 
2322	40 
2323	49 
2324	57 
2325	24 
2326	21 
2327	60 
2328	98 
2329	65 
2330	77 
2331	56 
2332	50 
2333	93 
2334	14 
2335	66 
2336	11 
2337	88 
2338	25 
2339	35 
2340	10 
2341	70 
2342	47 
2343	64 
2344	78 
2345	33 
2346	84 
2347	21 
2348	27 
2349	51 
2350	82 
2351	92 
2352	38 
2353	60 
2354	61 
2355	44 
2356	55 
2357	67 
2358	94 
2359	7 
2360	62 
2361	104 
2362	48 
2363	41 
2364	87 
2365	35 
2366	10 
2367	7 
2368	104 
2369	97 
2370	81 
2371	6 
2372	85 
2373	47 
2374	80 
2375	7 
2376	66 
2377	79 
2378	44 
2379	45 
2380	7 
2381	3 
2382	6 
2383	51 
2384	77 
2385	30 
2386	46 
2387	43 
2388	45 
2389	52 
2390	88 
2391	69 
2392	83 
2393	53 
2394	15 
2395	99 
2396	34 
2397	65 
2398	13 
2399	53 
2400	18 
2401	63 
2402	16 
2403	29 
2404	85 
2405	45 
2406	15 
2407	34 
2408	75 
2409	53 
2410	16 
2411	56 
2412	33 
2413	10 
2414	15 
2415	86 
2416	79 
2417	76 
2418	58 
2419	84 
2420	87 
2421	5 
2422	15 
2423	64 
2424	35 
2425	26 
2426	11 
2427	17 
2428	42 
2429	13 
2430	53 
2431	28 
2432	85 
2433	14 
2434	80 
2435	101 
2436	31 
2437	15 
2438	70 
2439	71 
2440	83 
2441	85 
2442	76 
2443	103 
2444	17 
2445	91 
2446	51 
2447	54 
2448	38 
2449	42 
2450	21 
2451	5 
2452	45 
2453	97 
2454	36 
2455	31 
2456	74 
2457	83 
2458	83 
2459	63 
2460	56 
2461	85 
2462	103 
2463	5 
2464	34 
2465	84 
2466	45 
2467	68 
2468	19 
2469	63 
2470	84 
2471	18 
2472	38 
2473	8 
2474	13 
2475	72 
2476	56 
2477	57 
2478	67 
2479	16 
2480	45 
2481	92 
2482	88 
2483	81 
2484	102 
2485	26 
2486	60 
2487	81 
2488	17 
2489	35 
2490	19 
2491	26 
2492	49 
2493	50 
2494	30 
2495	62 
2496	103 
2497	42 
2498	104 
2499	44 
2500	63 
2501	46 
2502	97 
2503	11 
2504	78 
2505	83 
2506	59 
2507	72 
2508	9 
2509	63 
2510	97 
2511	74 
2512	65 
2513	11 
2514	38 
2515	47 
2516	59 
2517	34 
2518	38 
2519	99 
2520	36 
2521	90 
2522	4 
2523	75 
2524	69 
2525	71 
2526	39 
2527	72 
2528	43 
2529	82 
2530	72 
2531	95 
2532	10 
2533	84 
2534	84 
2535	93 
2536	79 
2537	88 
2538	30 
2539	43 
2540	84 
2541	82 
2542	76 
2543	73 
2544	1 
2545	4 
2546	95 
2547	46 
2548	19 
2549	47 
2550	15 
2551	46 
2552	28 
2553	54 
2554	23 
2555	22 
2556	38 
2557	66 
2558	73 
2559	96 
2560	34 
2561	45 
2562	76 
2563	97 
2564	50 
2565	91 
2566	66 
2567	71 
2568	57 
2569	34 
2570	39 
2571	72 
2572	94 
2573	54 
2574	64 
2575	19 
2576	69 
2577	54 
2578	36 
2579	20 
2580	97 
2581	84 
2582	52 
2583	25 
2584	44 
2585	67 
2586	72 
2587	34 
2588	36 
2589	82 
2590	49 
2591	28 
2592	41 
2593	59 
2594	22 
2595	47 
2596	88 
2597	8 
2598	53 
2599	48 
2600	10 
2601	44 
2602	67 
2603	69 
2604	28 
2605	84 
2606	3 
2607	13 
2608	32 
2609	26 
2610	57 
2611	5 
2612	104 
2613	15 
2614	100 
2615	13 
2616	30 
2617	43 
2618	79 
2619	81 
2620	13 
2621	1 
2622	95 
2623	41 
2624	19 
2625	38 
2626	34 
2627	19 
2628	89 
2629	97 
2630	45 
2631	37 
2632	84 
2633	1 
2634	88 
2635	71 
2636	17 
2637	9 
2638	61 
2639	9 
2640	76 
2641	73 
2642	13 
2643	99 
2644	61 
2645	72 
2646	56 
2647	38 
2648	7 
2649	75 
2650	73 
2651	75 
2652	49 
2653	101 
2654	21 
2655	73 
2656	59 
2657	3 
2658	73 
2659	30 
2660	10 
2661	61 
2662	38 
2663	16 
2664	73 
2665	49 
2666	2 
2667	42 
2668	64 
2669	16 
2670	95 
2671	32 
2672	49 
2673	49 
2674	37 
2675	59 
2676	7 
2677	35 
2678	73 
2679	45 
2680	70 
2681	79 
2682	2 
2683	28 
2684	82 
2685	89 
2686	97 
2687	15 
2688	101 
2689	45 
2690	40 
2691	27 
2692	63 
2693	43 
2694	5 
2695	74 
2696	4 
2697	10 
2698	16 
2699	97 
2700	90 
2701	50 
2702	15 
2703	38 
2704	48 
2705	64 
2706	81 
2707	55 
2708	2 
2709	93 
2710	24 
2711	37 
2712	31 
2713	69 
2714	85 
2715	40 
2716	3 
2717	93 
2718	28 
2719	56 
2720	42 
2721	50 
2722	44 
2723	23 
2724	56 
2725	76 
2726	57 
2727	21 
2728	23 
2729	32 
2730	38 
2731	8 
2732	2 
2733	51 
2734	67 
2735	34 
2736	9 
2737	51 
2738	73 
2739	17 
2740	81 
2741	80 
2742	32 
2743	72 
2744	3 
2745	65 
2746	82 
2747	17 
2748	96 
2749	98 
2750	80 
2751	85 
2752	79 
2753	86 
2754	87 
2755	52 
2756	53 
2757	12 
2758	8 
2759	81 
2760	90 
2761	59 
2762	58 
2763	21 
2764	37 
2765	84 
2766	103 
2767	55 
2768	47 
2769	97 
2770	7 
2771	5 
2772	29 
2773	19 
2774	38 
2775	92 
2776	60 
2777	60 
2778	67 
2779	30 
2780	27 
2781	63 
2782	28 
2783	49 
2784	8 
2785	29 
2786	87 
2787	85 
2788	66 
2789	29 
2790	82 
2791	8 
2792	88 
2793	99 
2794	59 
2795	68 
2796	13 
2797	64 
2798	102 
2799	71 
2800	85 
2801	62 
2802	88 
2803	79 
2804	21 
2805	58 
2806	17 
2807	55 
2808	21 
2809	1 
2810	58 
2811	83 
2812	4 
2813	17 
2814	78 
2815	95 
2816	22 
2817	17 
2818	76 
2819	26 
2820	79 
2821	79 
2822	85 
2823	40 
2824	31 
2825	74 
2826	72 
2827	55 
2828	75 
2829	21 
2830	56 
2831	17 
2832	2 
2833	46 
2834	47 
2835	60 
2836	104 
2837	104 
2838	50 
2839	17 
2840	89 
2841	34 
2842	48 
2843	71 
2844	46 
2845	36 
2846	2 
2847	21 
2848	19 
2849	45 
2850	98 
2851	66 
2852	66 
2853	21 
2854	41 
2855	4 
2856	16 
2857	55 
2858	45 
2859	36 
2860	43 
2861	79 
2862	31 
2863	16 
2864	23 
2865	49 
2866	45 
2867	63 
2868	60 
2869	46 
2870	45 
2871	67 
2872	102 
2873	65 
2874	53 
2875	18 
2876	79 
2877	92 
2878	58 
2879	84 
2880	59 
2881	15 
2882	51 
2883	61 
2884	27 
2885	92 
2886	11 
2887	53 
2888	90 
2889	95 
2890	41 
2891	74 
2892	55 
2893	76 
2894	32 
2895	16 
2896	62 
2897	91 
2898	25 
2899	100 
2900	58 
2901	44 
2902	67 
2903	45 
2904	31 
2905	48 
2906	3 
2907	103 
2908	11 
2909	30 
2910	70 
2911	31 
2912	80 
2913	30 
2914	86 
2915	19 
2916	45 
2917	31 
2918	30 
2919	43 
2920	5 
2921	13 
2922	101 
2923	100 
2924	83 
2925	66 
2926	72 
2927	41 
2928	93 
2929	102 
2930	37 
2931	32 
2932	48 
2933	50 
2934	88 
2935	53 
2936	28 
2937	74 
2938	30 
2939	59 
2940	67 
2941	34 
2942	70 
2943	98 
2944	1 
2945	81 
2946	15 
2947	77 
2948	85 
2949	43 
2950	64 
2951	77 
2952	16 
2953	63 
2954	47 
2955	19 
2956	103 
2957	36 
2958	30 
2959	75 
2960	39 
2961	79 
2962	53 
2963	68 
2964	19 
2965	102 
2966	41 
2967	15 
2968	72 
2969	63 
2970	21 
2971	11 
2972	89 
2973	50 
2974	94 
2975	96 
2976	46 
2977	34 
2978	57 
2979	30 
2980	31 
2981	22 
2982	11 
2983	7 
2984	89 
2985	64 
2986	88 
2987	8 
2988	53 
2989	14 
2990	5 
2991	19 
2992	54 
2993	41 
2994	80 
2995	75 
2996	90 
2997	8 
2998	74 
2999	45 
3000	69 
3001	46 
3002	49 
3003	75 
3004	69 
3005	72 
3006	56 
3007	38 
3008	59 
3009	25 
3010	5 
3011	30 
3012	95 
3013	11 
3014	32 
3015	28 
3016	66 
3017	13 
3018	34 
3019	33 
3020	86 
3021	71 
3022	63 
3023	49 
3024	100 
3025	88 
3026	69 
3027	40 
3028	71 
3029	98 
3030	86 
3031	23 
3032	8 
3033	19 
3034	56 
3035	79 
3036	98 
3037	61 
3038	20 
3039	80 
3040	95 
3041	45 
3042	47 
3043	93 
3044	2 
3045	13 
3046	64 
3047	10 
3048	61 
3049	24 
3050	4 
3051	64 
3052	85 
3053	74 
3054	53 
3055	58 
3056	82 
3057	11 
3058	85 
3059	21 
3060	34 
3061	62 
3062	15 
3063	84 
3064	64 
3065	49 
3066	6 
3067	56 
3068	82 
3069	21 
3070	9 
3071	96 
3072	13 
3073	42 
3074	31 
3075	97 
3076	84 
3077	77 
3078	17 
3079	95 
3080	92 
3081	80 
3082	80 
3083	21 
3084	88 
3085	74 
3086	7 
3087	44 
3088	52 
3089	13 
3090	93 
3091	92 
3092	42 
3093	61 
3094	44 
3095	64 
3096	91 
3097	24 
3098	21 
3099	8 
3100	60 
3101	84 
3102	8 
3103	56 
3104	97 
3105	13 
3106	15 
3107	49 
3108	53 
3109	70 
3110	54 
3111	58 
3112	19 
3113	21 
3114	82 
3115	95 
3116	64 
3117	61 
3118	86 
3119	68 
3120	87 
3121	64 
3122	3 
3123	94 
3124	45 
3125	55 
3126	24 
3127	102 
3128	6 
3129	11 
3130	22 
3131	9 
3132	95 
3133	96 
3134	81 
3135	79 
3136	52 
3137	9 
3138	100 
3139	96 
3140	82 
3141	92 
3142	5 
3143	48 
3144	34 
3145	82 
3146	13 
3147	38 
3148	57 
3149	90 
3150	53 
3151	30 
3152	22 
3153	79 
3154	67 
3155	67 
3156	48 
3157	18 
3158	11 
3159	57 
3160	74 
3161	54 
3162	69 
3163	68 
3164	61 
3165	21 
3166	19 
3167	69 
3168	35 
3169	77 
3170	35 
3171	17 
3172	45 
3173	2 
3174	47 
3175	50 
3176	4 
3177	36 
3178	7 
3179	44 
3180	15 
3181	18 
3182	61 
3183	78 
3184	78 
3185	13 
3186	89 
3187	45 
3188	60 
3189	83 
3190	87 
3191	46 
3192	13 
3193	63 
3194	17 
3195	74 
3196	87 
3197	101 
3198	83 
3199	88 
3200	13 
3201	99 
3202	12 
3203	24 
3204	75 
3205	100 
3206	19 
3207	66 
3208	80 
3209	81 
3210	32 
3211	61 
3212	5 
3213	8 
3214	9 
3215	31 
3216	11 
3217	67 
3218	14 
3219	60 
3220	78 
3221	84 
3222	58 
3223	35 
3224	10 
3225	69 
3226	70 
3227	76 
3228	22 
3229	66 
3230	101 
3231	53 
3232	16 
3233	30 
3234	45 
3235	53 
3236	44 
3237	40 
3238	80 
3239	78 
3240	77 
3241	17 
3242	81 
3243	25 
3244	66 
3245	31 
3246	102 
3247	86 
3248	103 
3249	47 
3250	15 
3251	61 
3252	2 
3253	84 
3254	23 
3255	80 
3256	79 
3257	52 
3258	43 
3259	100 
3260	27 
3261	27 
3262	35 
3263	90 
3264	46 
3265	82 
3266	82 
3267	86 
3268	25 
3269	57 
3270	98 
3271	27 
3272	46 
3273	14 
3274	79 
3275	55 
3276	89 
3277	72 
3278	83 
3279	56 
3280	38 
3281	96 
3282	6 
3283	63 
3284	96 
3285	21 
3286	26 
3287	104 
3288	43 
3289	44 
3290	25 
3291	15 
3292	84 
3293	17 
3294	64 
3295	4 
3296	33 
3297	16 
3298	8 
3299	43 
3300	8 
3301	42 
3302	29 
3303	43 
3304	41 
3305	73 
3306	10 
3307	6 
3308	45 
3309	56 
3310	61 
3311	71 
3312	3 
3313	8 
3314	46 
3315	83 
3316	69 
3317	21 
3318	71 
3319	10 
3320	58 
3321	41 
3322	70 
3323	53 
3324	72 
3325	4 
3326	19 
3327	49 
3328	21 
3329	69 
3330	36 
3331	58 
3332	103 
3333	9 
3334	18 
3335	89 
3336	77 
3337	3 
3338	79 
3339	12 
3340	10 
3341	68 
3342	8 
3343	7 
3344	66 
3345	30 
3346	66 
3347	35 
3348	73 
3349	88 
3350	13 
3351	5 
3352	51 
3353	86 
3354	85 
3355	14 
3356	102 
3357	21 
3358	69 
3359	80 
3360	73 
3361	81 
3362	84 
3363	14 
3364	77 
3365	86 
3366	71 
3367	49 
3368	16 
3369	50 
3370	31 
3371	58 
3372	11 
3373	19 
3374	33 
3375	80 
3376	4 
3377	97 
3378	50 
3379	58 
3380	30 
3381	15 
3382	21 
3383	20 
3384	69 
3385	37 
3386	80 
3387	18 
3388	66 
3389	91 
3390	5 
3391	60 
3392	30 
3393	87 
3394	93 
3395	13 
3396	51 
3397	45 
3398	98 
3399	98 
3400	41 
3401	91 
3402	36 
3403	1 
3404	63 
3405	31 
3406	14 
3407	83 
3408	4 
3409	66 
3410	81 
3411	97 
3412	56 
3413	22 
3414	59 
3415	55 
3416	67 
3417	90 
3418	98 
3419	84 
3420	43 
3421	42 
3422	88 
3423	62 
3424	57 
3425	38 
3426	41 
3427	17 
3428	21 
3429	61 
3430	74 
3431	85 
3432	26 
3433	35 
3434	50 
3435	63 
3436	38 
3437	20 
3438	66 
3439	53 
3440	91 
3441	6 
3442	4 
3443	91 
3444	81 
3445	89 
3446	55 
3447	1 
3448	5 
3449	58 
3450	87 
3451	38 
3452	53 
3453	3 
3454	31 
3455	55 
3456	42 
3457	71 
3458	57 
3459	90 
3460	89 
3461	68 
3462	35 
3463	72 
3464	98 
3465	59 
3466	30 
3467	22 
3468	28 
3469	3 
3470	21 
3471	89 
3472	67 
3473	12 
3474	6 
3475	61 
3476	98 
3477	68 
3478	7 
3479	58 
3480	16 
3481	64 
3482	17 
3483	28 
3484	61 
3485	5 
3486	55 
3487	69 
3488	99 
3489	43 
3490	7 
3491	65 
3492	76 
3493	83 
3494	33 
3495	21 
3496	38 
3497	28 
3498	85 
3499	87 
3500	104 
3501	60 
3502	63 
3503	59 
3504	21 
3505	32 
3506	92 
3507	56 
3508	12 
3509	34 
3510	92 
3511	83 
3512	49 
3513	26 
3514	15 
3515	41 
3516	23 
3517	48 
3518	44 
3519	52 
3520	48 
3521	80 
3522	18 
3523	64 
3524	56 
3525	80 
3526	56 
3527	55 
3528	98 
3529	54 
3530	20 
3531	27 
3532	12 
3533	90 
3534	102 
3535	13 
3536	11 
3537	38 
3538	42 
3539	43 
3540	9 
3541	18 
3542	56 
3543	22 
3544	45 
3545	68 
3546	15 
3547	84 
3548	30 
3549	7 
3550	43 
3551	64 
3552	22 
3553	91 
3554	97 
3555	53 
3556	45 
3557	2 
3558	56 
3559	52 
3560	11 
3561	82 
3562	62 
3563	102 
3564	3 
3565	55 
3566	30 
3567	101 
3568	53 
3569	28 
3570	52 
3571	73 
3572	44 
3573	85 
3574	19 
3575	88 
3576	89 
3577	89 
3578	59 
3579	76 
3580	46 
3581	8 
3582	17 
3583	104 
3584	51 
3585	76 
3586	43 
3587	1 
3588	90 
3589	44 
3590	31 
3591	33 
3592	46 
3593	104 
3594	57 
3595	101 
3596	11 
3597	101 
3598	76 
3599	35 
3600	103 
3601	8 
3602	66 
3603	1 
3604	60 
3605	92 
3606	5 
3607	11 
3608	80 
3609	21 
3610	84 
3611	76 
3612	7 
3613	92 
3614	96 
3615	51 
3616	48 
3617	102 
3618	3 
3619	7 
3620	64 
3621	34 
3622	56 
3623	10 
3624	91 
3625	54 
3626	44 
3627	38 
3628	84 
3629	77 
3630	49 
3631	8 
3632	104 
3633	6 
3634	59 
3635	19 
3636	53 
3637	16 
3638	8 
3639	19 
3640	63 
3641	18 
3642	17 
3643	78 
3644	46 
3645	95 
3646	84 
3647	63 
3648	66 
3649	53 
3650	93 
3651	21 
3652	33 
3653	58 
3654	98 
3655	66 
3656	19 
3657	11 
3658	22 
3659	67 
3660	78 
3661	31 
3662	89 
3663	4 
3664	47 
3665	80 
3666	83 
3667	90 
3668	6 
3669	61 
3670	30 
3671	2 
3672	84 
3673	50 
3674	59 
3675	22 
3676	43 
3677	28 
3678	64 
3679	9 
3680	16 
3681	41 
3682	21 
3683	66 
3684	2 
3685	86 
3686	85 
3687	78 
3688	91 
3689	104 
3690	78 
3691	55 
3692	55 
3693	66 
3694	2 
3695	49 
3696	32 
3697	2 
3698	7 
3699	43 
3700	53 
3701	101 
3702	52 
3703	65 
3704	6 
3705	18 
3706	56 
3707	55 
3708	102 
3709	102 
3710	15 
3711	77 
3712	67 
3713	64 
3714	90 
3715	4 
3716	55 
3717	41 
3718	90 
3719	85 
3720	19 
3721	47 
3722	30 
3723	56 
3724	72 
3725	83 
3726	1 
3727	71 
3728	63 
3729	72 
3730	53 
3731	74 
3732	68 
3733	51 
3734	61 
3735	7 
3736	75 
3737	55 
3738	8 
3739	83 
3740	28 
3741	58 
3742	68 
3743	90 
3744	23 
3745	53 
3746	98 
3747	85 
3748	69 
3749	59 
3750	2 
3751	8 
3752	18 
3753	35 
3754	47 
3755	11 
3756	9 
3757	69 
3758	60 
3759	34 
3760	12 
3761	104 
3762	45 
3763	58 
3764	104 
3765	30 
3766	75 
3767	66 
3768	41 
3769	84 
3770	3 
3771	82 
3772	83 
3773	92 
3774	21 
3775	4 
3776	76 
3777	61 
3778	30 
3779	31 
3780	79 
3781	72 
3782	44 
3783	71 
3784	80 
3785	5 
3786	14 
3787	103 
3788	71 
3789	90 
3790	91 
3791	50 
3792	14 
3793	41 
3794	89 
3795	98 
3796	61 
3797	102 
3798	41 
3799	5 
3800	31 
3801	78 
3802	47 
3803	35 
3804	16 
3805	46 
3806	75 
3807	85 
3808	32 
3809	79 
3810	92 
3811	32 
3812	92 
3813	51 
3814	43 
3815	72 
3816	55 
3817	53 
3818	9 
3819	56 
3820	34 
3821	19 
3822	34 
3823	90 
3824	2 
3825	85 
3826	19 
3827	81 
3828	41 
3829	61 
3830	15 
3831	48 
3832	35 
3833	61 
3834	18 
3835	62 
3836	13 
3837	46 
3838	13 
3839	14 
3840	21 
3841	89 
3842	41 
3843	78 
3844	21 
3845	10 
3846	63 
3847	53 
3848	91 
3849	26 
3850	89 
3851	103 
3852	92 
3853	33 
3854	80 
3855	15 
3856	30 
3857	104 
3858	71 
3859	93 
3860	5 
3861	34 
3862	8 
3863	19 
3864	53 
3865	46 
3866	71 
3867	58 
3868	28 
3869	48 
3870	28 
3871	37 
3872	64 
3873	88 
3874	90 
3875	41 
3876	95 
3877	101 
3878	33 
3879	44 
3880	98 
3881	74 
3882	9 
3883	69 
3884	61 
3885	13 
3886	21 
3887	59 
3888	46 
3889	16 
3890	15 
3891	41 
3892	13 
3893	11 
3894	41 
3895	17 
3896	91 
3897	79 
3898	61 
3899	38 
3900	89 
3901	90 
3902	61 
3903	54 
3904	64 
3905	15 
3906	69 
3907	3 
3908	21 
3909	79 
3910	62 
3911	92 
3912	31 
3913	89 
3914	21 
3915	67 
3916	51 
3917	32 
3918	47 
3919	52 
3920	14 
3921	72 
3922	53 
3923	10 
3924	33 
3925	21 
3926	2 
3927	38 
3928	104 
3929	49 
3930	14 
3931	85 
3932	82 
3933	6 
3934	63 
3935	44 
3936	49 
3937	61 
3938	55 
3939	16 
3940	60 
3941	39 
3942	13 
3943	49 
3944	56 
3945	91 
3946	103 
3947	67 
3948	55 
3949	1 
3950	75 
3951	53 
3952	61 
3953	58 
3954	66 
3955	46 
3956	47 
3957	101 
3958	98 
3959	16 
3960	80 
3961	64 
3962	13 
3963	85 
3964	49 
3965	76 
3966	15 
3967	52 
3968	64 
3969	35 
3970	68 
3971	50 
3972	97 
3973	69 
3974	93 
3975	45 
3976	11 
3977	53 
3978	92 
3979	84 
3980	85 
3981	93 
3982	102 
3983	16 
3984	16 
3985	44 
3986	28 
3987	21 
3988	58 
3989	34 
3990	66 
3991	15 
3992	95 
3993	90 
3994	17 
3995	19 
3996	47 
3997	30 
3998	56 
3999	58 
4000	72 
4001	85 
4002	14 
4003	35 
4004	46 
4005	6 
4006	34 
4007	71 
4008	74 
4009	30 
4010	59 
4011	37 
4012	15 
4013	75 
4014	74 
4015	39 
4016	84 
4017	97 
4018	14 
4019	51 
4020	57 
4021	68 
4022	85 
4023	41 
4024	64 
4025	7 
4026	84 
4027	91 
4028	74 
4029	53 
4030	31 
4031	55 
4032	30 
4033	75 
4034	88 
4035	50 
4036	39 
4037	2 
4038	58 
4039	98 
4040	93 
4041	44 
4042	17 
4043	45 
4044	15 
4045	50 
4046	31 
4047	47 
4048	78 
4049	34 
4050	34 
4051	44 
4052	75 
4053	81 
4054	4 
4055	102 
4056	30 
4057	21 
4058	93 
4059	69 
4060	63 
4061	68 
4062	82 
4063	56 
4064	8 
4065	38 
4066	82 
4067	37 
4068	75 
4069	47 
4070	97 
4071	69 
4072	34 
4073	19 
4074	21 
4075	60 
4076	7 
4077	14 
4078	13 
4079	89 
4080	33 
4081	30 
4082	3 
4083	89 
4084	58 
4085	90 
4086	80 
4087	58 
4088	39 
4089	64 
4090	53 
4091	53 
4092	101 
4093	56 
4094	56 
4095	76 
4096	88 
4097	85 
4098	45 
4099	93 
4100	80 
4101	5 
4102	52 
4103	6 
4104	33 
4105	80 
4106	75 
4107	16 
4108	91 
4109	19 
4110	75 
4111	32 
4112	83 
4113	44 
4114	79 
4115	3 
4116	57 
4117	34 
4118	103 
4119	7 
4120	48 
4121	64 
4122	38 
4123	78 
4124	72 
4125	66 
4126	53 
4127	69 
4128	80 
4129	14 
4130	91 
4131	61 
4132	104 
4133	53 
4134	97 
4135	11 
4136	80 
4137	72 
4138	61 
4139	50 
4140	59 
4141	16 
4142	71 
4143	39 
4144	71 
4145	14 
4146	71 
4147	81 
4148	30 
4149	18 
4150	56 
4151	51 
4152	88 
4153	49 
4154	63 
4155	45 
4156	38 
4157	21 
4158	53 
4159	17 
4160	64 
4161	79 
4162	44 
4163	17 
4164	80 
4165	13 
4166	84 
4167	90 
4168	61 
4169	34 
4170	46 
4171	43 
4172	49 
4173	18 
4174	58 
4175	38 
4176	7 
4177	57 
4178	8 
4179	46 
4180	71 
4181	93 
4182	21 
4183	44 
4184	60 
4185	17 
4186	66 
4187	43 
4188	71 
4189	84 
4190	30 
4191	57 
4192	79 
4193	30 
4194	50 
4195	31 
4196	21 
4197	38 
4198	52 
4199	74 
4200	53 
4201	92 
4202	28 
4203	3 
4204	31 
4205	90 
4206	83 
4207	21 
4208	55 
4209	16 
4210	58 
4211	8 
4212	59 
4213	41 
4214	72 
4215	46 
4216	18 
4217	92 
4218	64 
4219	63 
4220	17 
4221	32 
4222	28 
4223	45 
4224	18 
4225	38 
4226	88 
4227	33 
4228	72 
4229	85 
4230	90 
4231	6 
4232	38 
4233	49 
4234	89 
4235	45 
4236	49 
4237	85 
4238	75 
4239	34 
4240	53 
4241	92 
4242	56 
4243	51 
4244	33 
4245	88 
4246	15 
4247	67 
4248	47 
4249	66 
4250	71 
4251	74 
4252	104 
4253	89 
4254	31 
4255	76 
4256	53 
4257	9 
4258	38 
4259	71 
4260	83 
4261	74 
4262	53 
4263	2 
4264	15 
4265	5 
4266	50 
4267	69 
4268	46 
4269	102 
4270	63 
4271	6 
4272	2 
4273	74 
4274	32 
4275	83 
4276	85 
4277	66 
4278	92 
4279	43 
4280	82 
4281	85 
4282	5 
4283	46 
4284	11 
4285	89 
4286	74 
4287	45 
4288	49 
4289	50 
4290	5 
4291	75 
4292	89 
4293	56 
4294	88 
4295	21 
4296	56 
4297	75 
4298	19 
4299	2 
4300	44 
4301	50 
4302	66 
4303	55 
4304	92 
4305	51 
4306	83 
4307	101 
4308	57 
4309	28 
4310	44 
4311	30 
4312	57 
4313	46 
4314	84 
4315	34 
4316	64 
4317	35 
4318	55 
4319	19 
4320	69 
4321	89 
4322	58 
4323	60 
4324	41 
4325	2 
4326	92 
4327	69 
4328	58 
4329	84 
4330	31 
4331	82 
4332	28 
4333	92 
4334	15 
4335	92 
4336	21 
4337	80 
4338	90 
4339	80 
4340	79 
4341	32 
4342	101 
4343	60 
4344	71 
4345	84 
4346	88 
4347	79 
4348	30 
4349	72 
4350	66 
4351	56 
4352	101 
4353	19 
4354	15 
4355	52 
4356	43 
4357	52 
4358	28 
4359	34 
4360	16 
4361	34 
4362	44 
4363	33 
4364	103 
4365	19 
4366	72 
4367	18 
4368	53 
4369	13 
4370	66 
4371	21 
4372	55 
4373	85 
4374	81 
4375	63 
4376	7 
4377	14 
4378	38 
4379	60 
4380	35 
4381	15 
4382	82 
4383	11 
4384	53 
4385	16 
4386	16 
4387	17 
4388	15 
4389	50 
4390	21 
4391	38 
4392	33 
4393	71 
4394	41 
4395	50 
4396	71 
4397	103 
4398	72 
4399	59 
4400	64 
4401	30 
4402	59 
4403	55 
4404	15 
4405	31 
4406	16 
4407	34 
4408	6 
4409	57 
4410	84 
4411	50 
4412	2 
4413	102 
4414	46 
4415	63 
4416	33 
4417	50 
4418	49 
4419	19 
4420	89 
4421	76 
4422	53 
4423	44 
4424	69 
4425	80 
4426	15 
4427	46 
4428	103 
4429	5 
4430	85 
4431	75 
4432	60 
4433	88 
4434	66 
4435	11 
4436	38 
4437	104 
4438	21 
4439	14 
4440	7 
4441	83 
4442	41 
4443	75 
4444	80 
4445	30 
4446	30 
4447	7 
4448	72 
4449	53 
4450	55 
4451	57 
4452	103 
4453	59 
4454	88 
4455	89 
4456	61 
4457	90 
4458	64 
4459	56 
4460	16 
4461	60 
4462	7 
4463	60 
4464	41 
4465	82 
4466	30 
4467	71 
4468	50 
4469	74 
4470	32 
4471	45 
4472	80 
4473	35 
4474	14 
4475	2 
4476	83 
4477	33 
4478	31 
4479	38 
4480	82 
4481	34 
4482	15 
4483	58 
4484	83 
4485	84 
4486	16 
4487	15 
4488	102 
4489	43 
4490	89 
4491	41 
4492	79 
4493	31 
4494	33 
4495	18 
4496	53 
4497	76 
4498	53 
4499	102 
4500	43 
4501	79 
4502	66 
4503	30 
4504	58 
4505	35 
4506	43 
4507	83 
4508	14 
4509	60 
4510	13 
4511	32 
4512	11 
4513	13 
4514	82 
4515	30 
4516	71 
4517	43 
4518	83 
4519	60 
4520	90 
4521	5 
4522	79 
4523	31 
4524	45 
4525	103 
4526	84 
4527	89 
4528	55 
4529	2 
4530	104 
4531	58 
4532	58 
4533	103 
4534	82 
4535	21 
4536	57 
4537	89 
4538	2 
4539	50 
4540	38 
4541	57 
4542	53 
4543	5 
4544	53 
4545	31 
4546	21 
4547	43 
4548	56 
4549	82 
4550	57 
4551	63 
4552	82 
4553	85 
4554	55 
4555	45 
4556	7 
4557	63 
4558	69 
4559	103 
4560	13 
4561	41 
4562	85 
4563	17 
4564	80 
4565	43 
4566	14 
4567	43 
4568	45 
4569	83 
4570	79 
4571	30 
4572	13 
4573	13 
4574	38 
4575	15 
4576	11 
4577	55 
4578	56 
4579	85 
4580	50 
4581	60 
4582	66 
4583	41 
4584	19 
4585	17 
4586	41 
4587	53 
4588	13 
4589	85 
4590	45 
4591	21 
4592	34 
4593	50 
4594	30 
4595	84 
4596	34 
4597	53 
4598	69 
4599	103 
4600	34 
4601	14 
4602	58 
4603	83 
4604	85 
4605	14 
4606	31 
4607	38 
4608	64 
4609	31 
4610	83 
4611	69 
4612	60 
4613	59 
4614	15 
4615	69 
4616	80 
4617	57 
4618	60 
4619	46 
4620	88 
4621	49 
4622	46 
4623	71 
4624	58 
4625	88 
4626	45 
4627	16 
4628	46 
4629	46 
4630	63 
4631	30 
4632	55 
4633	50 
4634	90 
4635	88 
4636	34 
4637	60 
4638	72 
4639	38 
4640	34 
4641	15 
4642	45 
4643	103 
4644	45 
4645	14 
4646	14 
4647	17 
4648	71 
4649	85 
4650	14 
4651	31 
4652	38 
4653	83 
4654	79 
4655	13 
4656	44 
4657	80 
4658	63 
4659	71 
4660	38 
4661	72 
4662	41 
4663	55 
4664	85 
4665	55 
4666	88 
4667	57 
4668	30 
4669	72 
4670	58 
4671	19 
4672	46 
4673	13 
4674	21 
4675	38 
4676	83 
4677	90 
4678	56 
4679	84 
4680	69 
4681	89 
4682	64 
4683	41 
4684	63 
4685	64 
4686	85 
4687	72 
4688	15 
4689	31 
4690	72 
4691	71 
4692	57 
4693	66 
4694	19 
4695	43 
4696	60 
4697	19 
4698	83 
4699	21 
4700	90 
4701	19 
4702	102 
4703	71 
4704	69 
4705	88 
4706	61 
4707	56 
4708	56 
4709	46 
4710	66 
4711	83 
4712	56 
4713	55 
4714	45 
4715	38 
4716	38 
4717	19 
4718	56 
4719	58 
4720	102 
4721	80 
4722	84 
4723	41 
4724	64 
4725	80 
4726	41 
4727	69 
4728	38 
4729	85 
4730	19 
4731	61 
4732	90 
4733	15 
4734	21 
4735	50 
4736	80 
4737	30 
4738	46 
4739	80 
4740	15 
4741	16 
4742	31 
4743	45 
4744	34 
4745	88 
4746	66 
4747	45 
4748	15 
4749	60 
4750	53 
4751	13 
4752	14 
4753	53 
4754	15 
4755	90 
4756	46 
4757	71 
4758	102 
4759	41 
4760	15 
4761	56 
4762	103 
4763	90 
4764	50 
4765	64 
4766	15 
4767	84 
4768	34 
4769	21 
4770	71 
4771	56 
4772	49 
4773	61 
4774	66 
4775	69 
4776	71 
4777	56 
4778	61 
4779	64 
4780	30 
4781	19 
4782	50 
4783	58 
4784	102 
4785	53 
4786	53 
4787	16 
4788	30 
4789	64 
4790	43 
4791	80 
4792	45 
4793	30 
4794	50 
4795	102 
4796	56 
4797	102 
4798	38 
4799	88 
4800	49 
4801	80 
4802	53 
4803	55 
4804	15 
4805	50 
4806	13 
4807	16 
4808	45 
4809	31 
4810	19 
4811	21 
4812	38 
4813	13 
4814	66 
4815	43 
4816	55 
4817	45 
4818	56 
4819	41 
4820	58 
4821	80 
4822	83 
4823	46 
4824	13 
4825	90 
4826	55 
4827	13 
4828	66 
4829	14 
4830	56 
4831	66 
4832	19 
4833	66 
4834	55 
4835	53 
4836	58 
4837	90 
4838	56 
4839	53 
4840	84 
4841	50 
4842	60 
4843	21 
4844	53 
4845	49 
4846	30 
4847	61 
4848	69 
4849	38 
4850	55 
4851	38 
4852	17 
4853	41 
4854	17 
4855	30 
4856	30 
4857	15 
4858	80 
4859	19 
4860	21 
4861	41 
4862	85 
4863	90 
4864	41 
4865	50 
4866	80 
4867	90 
4868	46 
4869	14 
4870	50 
4871	13 
4872	13 
4873	21 
4874	85 
4875	53 
4876	13 
4877	71 
4878	84 
4879	38 
4880	80 
4881	80 
4882	61 
4883	34 
4884	69 
4885	14 
4886	55 
4887	66 
4888	15 
4889	15 
4890	21 
4891	56 
4892	45 
4893	45 
4894	34 
4895	34 
4896	30 
4897	19 
4898	38 
4899	38 
4900	53 
4901	13 
4902	84 
4903	53 
4904	38 
4905	30 
4906	50 
4907	84 
4908	38 
4909	15 
4910	69 
4911	69 
4912	69 
4913	34 
4914	85 
4915	71 
4916	85 
4917	84 
4918	69 
4919	80 
4920	69 
4921	55 
4922	45 
4923	85 
4924	84 
4925	38 
4926	34 
4927	21 
4928	71 
4929	61 
4930	53 
4931	71 
4932	31 
4933	80 
4934	55 
4935	41 
4936	13 
4937	85 
4938	55 
4939	45 
4940	41 
4941	84 
4942	84 
4943	84 
4944	53 
4945	55 
4946	56 
4947	21 
4948	31 
4949	84 
4950	84 
4951	19 
4952	71 
4953	15 
4954	21 
4955	21 
4956	46 
4957	71 
4958	31 
4959	45 
4960	53 
4961	85 
4962	38 
4963	19 
4964	38 
4965	53 
4966	38 
4967	84 
4968	85 
4969	71 
4970	15 
4971	30 
4972	38 
4973	56 
4974	21 
4975	53 
4976	56 
4977	45 
4978	53 
4979	45 
4980	46 
4981	85 
4982	46 
4983	15 
4984	34 
4985	34 
4986	71 
4987	15 
4988	19 
4989	21 
4990	34 
4991	38 
4992	85 
4993	85 
4994	56 
4995	84 
4996	30 
4997	53 
4998	15 
4999	71 
5000	71 
