1	60 
2	4 
3	8 
4	35 
5	54 
6	16 
7	46 
8	79 
9	17 
10	3 
11	68 
12	77 
13	102 
14	78 
15	89 
16	88 
17	5 
18	38 
19	21 
20	16 
21	31 
22	52 
23	30 
24	102 
25	82 
26	32 
27	43 
28	21 
29	49 
30	16 
31	55 
32	23 
33	38 
34	70 
35	7 
36	46 
37	64 
38	58 
39	51 
40	51 
41	55 
42	18 
43	31 
44	7 
45	15 
46	38 
47	18 
48	73 
49	44 
50	84 
51	56 
52	99 
53	88 
54	38 
55	89 
56	60 
57	88 
58	46 
59	56 
60	45 
61	28 
62	41 
63	61 
64	100 
65	57 
66	58 
67	80 
68	49 
69	13 
70	54 
71	86 
72	61 
73	4 
74	25 
75	19 
76	29 
77	41 
78	4 
79	98 
80	59 
81	83 
82	45 
83	38 
84	51 
85	13 
86	53 
87	37 
88	26 
89	81 
90	72 
91	94 
92	13 
93	63 
94	33 
95	69 
96	103 
97	8 
98	74 
99	84 
100	38 
101	68 
102	38 
103	84 
104	17 
105	85 
106	13 
107	41 
108	80 
109	29 
110	38 
111	19 
112	90 
113	14 
114	104 
115	35 
116	41 
117	76 
118	52 
119	98 
120	55 
121	92 
122	57 
123	75 
124	15 
125	104 
126	40 
127	93 
128	23 
129	49 
130	70 
131	90 
132	92 
133	95 
134	61 
135	67 
136	90 
137	64 
138	49 
139	17 
140	81 
141	11 
142	61 
143	30 
144	54 
145	48 
146	90 
147	94 
148	85 
149	18 
150	89 
151	50 
152	13 
153	12 
154	37 
155	71 
156	13 
157	59 
158	18 
159	34 
160	95 
161	85 
162	22 
163	15 
164	6 
165	78 
166	48 
167	48 
168	41 
169	30 
170	8 
171	31 
172	15 
173	25 
174	50 
175	80 
176	54 
177	101 
178	93 
179	66 
180	36 
181	101 
182	19 
183	55 
184	28 
185	38 
186	27 
187	31 
188	27 
189	84 
190	101 
191	103 
192	21 
193	9 
194	65 
195	59 
196	6 
197	60 
198	84 
199	9 
200	27 
201	38 
202	79 
203	103 
204	100 
205	39 
206	43 
207	103 
208	50 
209	69 
210	14 
211	45 
212	85 
213	29 
214	32 
215	44 
216	104 
217	83 
218	74 
219	67 
220	34 
221	18 
222	33 
223	21 
224	83 
225	30 
226	17 
227	13 
228	87 
229	8 
230	104 
231	42 
232	53 
233	15 
234	53 
235	96 
236	61 
237	72 
238	44 
239	13 
240	21 
241	14 
242	53 
243	69 
244	25 
245	39 
246	55 
247	23 
248	93 
249	90 
250	72 
251	14 
252	21 
253	12 
254	69 
255	79 
256	78 
257	94 
258	27 
259	83 
260	55 
261	13 
262	64 
263	45 
264	33 
265	53 
266	46 
267	47 
268	103 
269	82 
270	12 
271	55 
272	33 
273	58 
274	32 
275	32 
276	14 
277	101 
278	45 
279	60 
280	90 
281	64 
282	63 
283	3 
284	61 
285	6 
286	69 
287	40 
288	19 
289	19 
290	90 
291	83 
292	103 
293	88 
294	41 
295	56 
296	66 
297	71 
298	55 
299	9 
300	96 
301	55 
302	46 
303	75 
304	60 
305	31 
306	7 
307	24 
308	85 
309	74 
310	40 
311	73 
312	46 
313	37 
314	92 
315	61 
316	78 
317	55 
318	38 
319	29 
320	80 
321	102 
322	23 
323	74 
324	25 
325	89 
326	87 
327	5 
328	36 
329	47 
330	84 
331	39 
332	95 
333	74 
334	99 
335	24 
336	103 
337	102 
338	102 
339	70 
340	41 
341	59 
342	57 
343	84 
344	72 
345	31 
346	41 
347	68 
348	64 
349	41 
350	50 
351	20 
352	57 
353	61 
354	84 
355	31 
356	103 
357	83 
358	75 
359	103 
360	28 
361	102 
362	30 
363	17 
364	33 
365	101 
366	61 
367	71 
368	58 
369	55 
370	14 
371	86 
372	70 
373	11 
374	61 
375	76 
376	45 
377	99 
378	41 
379	71 
380	51 
381	69 
382	9 
383	63 
384	50 
385	86 
386	49 
387	63 
388	53 
389	50 
390	60 
391	28 
392	102 
393	52 
394	53 
395	48 
396	102 
397	11 
398	30 
399	71 
400	1 
401	81 
402	9 
403	44 
404	46 
405	62 
406	35 
407	69 
408	7 
409	46 
410	6 
411	75 
412	45 
413	32 
414	58 
415	21 
416	63 
417	14 
418	15 
419	36 
420	101 
421	41 
422	90 
423	14 
424	34 
425	76 
426	67 
427	69 
428	85 
429	51 
430	95 
431	58 
432	3 
433	45 
434	83 
435	35 
436	84 
437	52 
438	100 
439	10 
440	4 
441	66 
442	49 
443	11 
444	30 
445	25 
446	44 
447	7 
448	71 
449	10 
450	48 
451	26 
452	85 
453	31 
454	79 
455	84 
456	68 
457	55 
458	10 
459	31 
460	23 
461	61 
462	42 
463	71 
464	50 
465	15 
466	10 
467	79 
468	46 
469	16 
470	6 
471	64 
472	90 
473	22 
474	90 
475	32 
476	66 
477	15 
478	19 
479	62 
480	30 
481	57 
482	92 
483	102 
484	17 
485	34 
486	10 
487	33 
488	75 
489	49 
490	43 
491	45 
492	33 
493	46 
494	32 
495	29 
496	15 
497	56 
498	17 
499	48 
500	27 
501	34 
502	8 
503	59 
504	3 
505	25 
506	32 
507	6 
508	23 
509	87 
510	59 
511	41 
512	87 
513	55 
514	103 
515	2 
516	92 
517	69 
518	69 
519	102 
520	28 
521	103 
522	34 
523	21 
524	24 
525	59 
526	15 
527	44 
528	39 
529	68 
530	14 
531	69 
532	74 
533	16 
534	66 
535	50 
536	18 
537	100 
538	8 
539	43 
540	66 
541	36 
542	72 
543	53 
544	64 
545	18 
546	41 
547	46 
548	56 
549	34 
550	73 
551	15 
552	7 
553	43 
554	58 
555	94 
556	6 
557	15 
558	53 
559	13 
560	69 
561	101 
562	67 
563	5 
564	67 
565	61 
566	53 
567	3 
568	64 
569	45 
570	55 
571	57 
572	53 
573	46 
574	55 
575	8 
576	81 
577	19 
578	12 
579	102 
580	38 
581	41 
582	9 
583	37 
584	19 
585	91 
586	68 
587	56 
588	34 
589	63 
590	45 
591	2 
592	20 
593	63 
594	63 
595	1 
596	85 
597	22 
598	13 
599	61 
600	7 
601	43 
602	58 
603	85 
604	16 
605	48 
606	71 
607	85 
608	33 
609	17 
610	92 
611	43 
612	100 
613	9 
614	56 
615	99 
616	11 
617	34 
618	24 
619	52 
620	88 
621	60 
622	75 
623	21 
624	61 
625	46 
626	58 
627	30 
628	76 
629	73 
630	53 
631	64 
632	47 
633	100 
634	48 
635	80 
636	17 
637	82 
638	4 
639	85 
640	49 
641	83 
642	56 
643	21 
644	44 
645	61 
646	83 
647	104 
648	98 
649	48 
650	49 
651	90 
652	60 
653	82 
654	43 
655	46 
656	64 
657	85 
658	68 
659	63 
660	53 
661	62 
662	79 
663	10 
664	15 
665	79 
666	43 
667	47 
668	91 
669	53 
670	38 
671	91 
672	45 
673	12 
674	6 
675	54 
676	77 
677	29 
678	33 
679	46 
680	51 
681	6 
682	16 
683	44 
684	21 
685	45 
686	44 
687	45 
688	38 
689	62 
690	31 
691	102 
692	53 
693	31 
694	22 
695	88 
696	73 
697	2 
698	16 
699	57 
700	35 
701	30 
702	83 
703	83 
704	80 
705	25 
706	38 
707	88 
708	2 
709	44 
710	46 
711	38 
712	60 
713	30 
714	31 
715	103 
716	15 
717	61 
718	53 
719	24 
720	102 
721	35 
722	30 
723	86 
724	46 
725	35 
726	57 
727	24 
728	54 
729	38 
730	81 
731	79 
732	21 
733	80 
734	24 
735	86 
736	96 
737	50 
738	72 
739	19 
740	70 
741	38 
742	33 
743	92 
744	80 
745	50 
746	35 
747	82 
748	60 
749	61 
750	104 
751	67 
752	104 
753	16 
754	89 
755	74 
756	63 
757	83 
758	63 
759	58 
760	30 
761	37 
762	33 
763	9 
764	57 
765	16 
766	43 
767	39 
768	66 
769	13 
770	7 
771	1 
772	81 
773	47 
774	103 
775	19 
776	93 
777	16 
778	89 
779	97 
780	78 
781	29 
782	43 
783	67 
784	92 
785	104 
786	38 
787	16 
788	24 
789	88 
790	16 
791	43 
792	75 
793	11 
794	51 
795	84 
796	69 
797	80 
798	71 
799	99 
800	16 
801	30 
802	38 
803	64 
804	58 
805	18 
806	80 
807	92 
808	14 
809	67 
810	94 
811	64 
812	21 
813	29 
814	60 
815	102 
816	15 
817	53 
818	70 
819	80 
820	71 
821	43 
822	87 
823	19 
824	31 
825	36 
826	28 
827	46 
828	74 
829	61 
830	26 
831	79 
832	45 
833	76 
834	13 
835	77 
836	55 
837	81 
838	34 
839	74 
840	13 
841	73 
842	63 
843	82 
844	78 
845	28 
846	76 
847	46 
848	62 
849	19 
850	49 
851	34 
852	40 
853	28 
854	43 
855	38 
856	78 
857	68 
858	5 
859	5 
860	11 
861	6 
862	14 
863	70 
864	5 
865	50 
866	80 
867	60 
868	13 
869	84 
870	57 
871	52 
872	73 
873	60 
874	54 
875	102 
876	32 
877	37 
878	29 
879	78 
880	95 
881	61 
882	71 
883	17 
884	16 
885	64 
886	22 
887	7 
888	31 
889	37 
890	101 
891	27 
892	103 
893	30 
894	46 
895	50 
896	88 
897	45 
898	51 
899	71 
900	55 
901	101 
902	11 
903	56 
904	47 
905	1 
906	41 
907	34 
908	95 
909	1 
910	17 
911	93 
912	75 
913	21 
914	78 
915	13 
916	21 
917	51 
918	98 
919	86 
920	86 
921	15 
922	39 
923	46 
924	49 
925	95 
926	32 
927	71 
928	14 
929	55 
930	49 
931	49 
932	42 
933	48 
934	7 
935	82 
936	56 
937	10 
938	21 
939	82 
940	50 
941	3 
942	38 
943	71 
944	37 
945	14 
946	61 
947	52 
948	18 
949	72 
950	24 
951	44 
952	104 
953	85 
954	20 
955	99 
956	50 
957	103 
958	9 
959	46 
960	102 
961	85 
962	50 
963	38 
964	49 
965	55 
966	99 
967	52 
968	99 
969	88 
970	53 
971	89 
972	32 
973	9 
974	30 
975	34 
976	19 
977	63 
978	65 
979	53 
980	4 
981	38 
982	41 
983	2 
984	56 
985	75 
986	84 
987	10 
988	26 
989	26 
990	80 
991	19 
992	45 
993	22 
994	15 
995	72 
996	13 
997	41 
998	3 
999	53 
1000	53 
1001	51 
1002	17 
1003	30 
1004	17 
1005	12 
1006	75 
1007	104 
1008	59 
1009	19 
1010	34 
1011	75 
1012	7 
1013	56 
1014	10 
1015	21 
1016	92 
1017	64 
1018	19 
1019	55 
1020	29 
1021	51 
1022	84 
1023	77 
1024	84 
1025	66 
1026	47 
1027	48 
1028	64 
1029	67 
1030	13 
1031	46 
1032	15 
1033	14 
1034	65 
1035	42 
1036	8 
1037	66 
1038	44 
1039	79 
1040	92 
1041	56 
1042	65 
1043	20 
1044	38 
1045	16 
1046	51 
1047	73 
1048	45 
1049	97 
1050	53 
1051	68 
1052	30 
1053	52 
1054	53 
1055	75 
1056	61 
1057	62 
1058	98 
1059	5 
1060	42 
1061	13 
1062	59 
1063	52 
1064	21 
1065	31 
1066	18 
1067	39 
1068	79 
1069	57 
1070	45 
1071	88 
1072	84 
1073	83 
1074	52 
1075	58 
1076	63 
1077	34 
1078	103 
1079	51 
1080	96 
1081	23 
1082	25 
1083	12 
1084	30 
1085	15 
1086	102 
1087	40 
1088	85 
1089	33 
1090	24 
1091	41 
1092	21 
1093	46 
1094	2 
1095	71 
1096	15 
1097	46 
1098	9 
1099	79 
1100	90 
1101	48 
1102	25 
1103	31 
1104	25 
1105	96 
1106	26 
1107	91 
1108	61 
1109	69 
1110	46 
1111	55 
1112	38 
1113	93 
1114	21 
1115	92 
1116	72 
1117	74 
1118	14 
1119	90 
1120	89 
1121	63 
1122	57 
1123	33 
1124	82 
1125	21 
1126	75 
1127	29 
1128	57 
1129	91 
1130	38 
1131	71 
1132	35 
1133	89 
1134	97 
1135	57 
1136	85 
1137	17 
1138	82 
1139	20 
1140	91 
1141	13 
1142	80 
1143	92 
1144	1 
1145	45 
1146	21 
1147	56 
1148	15 
1149	5 
1150	61 
1151	69 
1152	52 
1153	79 
1154	93 
1155	46 
1156	55 
1157	94 
1158	52 
1159	82 
1160	59 
1161	19 
1162	93 
1163	31 
1164	34 
1165	8 
1166	104 
1167	72 
1168	79 
1169	19 
1170	6 
1171	101 
1172	10 
1173	95 
1174	69 
1175	54 
1176	46 
1177	82 
1178	90 
1179	21 
1180	6 
1181	49 
1182	4 
1183	100 
1184	72 
1185	69 
1186	66 
1187	83 
1188	30 
1189	71 
1190	32 
1191	68 
1192	26 
1193	74 
1194	51 
1195	45 
1196	82 
1197	46 
1198	49 
1199	25 
1200	78 
1201	16 
1202	14 
1203	50 
1204	19 
1205	66 
1206	99 
1207	102 
1208	93 
1209	49 
1210	56 
1211	84 
1212	32 
1213	3 
1214	98 
1215	83 
1216	53 
1217	59 
1218	14 
1219	37 
1220	19 
1221	41 
1222	99 
1223	69 
1224	68 
1225	70 
1226	96 
1227	31 
1228	80 
1229	13 
1230	26 
1231	76 
1232	4 
1233	10 
1234	46 
1235	13 
1236	52 
1237	75 
1238	91 
1239	75 
1240	21 
1241	11 
1242	4 
1243	60 
1244	47 
1245	5 
1246	48 
1247	100 
1248	31 
1249	23 
1250	20 
1251	44 
1252	74 
1253	51 
1254	24 
1255	3 
1256	80 
1257	96 
1258	42 
1259	46 
1260	50 
1261	41 
1262	61 
1263	19 
1264	92 
1265	28 
1266	20 
1267	16 
1268	36 
1269	99 
1270	61 
1271	15 
1272	88 
1273	92 
1274	19 
1275	57 
1276	49 
1277	89 
1278	42 
1279	49 
1280	84 
1281	99 
1282	13 
1283	28 
1284	89 
1285	88 
1286	45 
1287	7 
1288	84 
1289	2 
1290	10 
1291	68 
1292	46 
1293	45 
1294	80 
1295	50 
1296	13 
1297	15 
1298	82 
1299	43 
1300	18 
1301	102 
1302	29 
1303	55 
1304	59 
1305	67 
1306	30 
1307	80 
1308	40 
1309	84 
1310	18 
1311	84 
1312	2 
1313	41 
1314	85 
1315	72 
1316	70 
1317	76 
1318	15 
1319	98 
1320	64 
1321	33 
1322	30 
1323	52 
1324	90 
1325	49 
1326	17 
1327	53 
1328	65 
1329	34 
1330	55 
1331	69 
1332	82 
1333	82 
1334	79 
1335	34 
1336	50 
1337	39 
1338	17 
1339	43 
1340	27 
1341	45 
1342	71 
1343	57 
1344	43 
1345	97 
1346	71 
1347	3 
1348	77 
1349	34 
1350	80 
1351	61 
1352	103 
1353	98 
1354	33 
1355	16 
1356	22 
1357	66 
1358	19 
1359	14 
1360	78 
1361	5 
1362	15 
1363	35 
1364	89 
1365	56 
1366	56 
1367	60 
1368	66 
1369	88 
1370	38 
1371	56 
1372	102 
1373	53 
1374	70 
1375	17 
1376	8 
1377	7 
1378	96 
1379	14 
1380	43 
1381	44 
1382	33 
1383	75 
1384	38 
1385	87 
1386	45 
1387	32 
1388	55 
1389	56 
1390	82 
1391	31 
1392	92 
1393	49 
1394	55 
1395	69 
1396	9 
1397	73 
1398	2 
1399	102 
1400	44 
1401	46 
1402	62 
1403	90 
1404	6 
1405	30 
1406	21 
1407	80 
1408	26 
1409	90 
1410	1 
1411	24 
1412	48 
1413	16 
1414	16 
1415	35 
1416	34 
1417	97 
1418	72 
1419	8 
1420	72 
1421	37 
1422	2 
1423	81 
1424	79 
1425	26 
1426	45 
1427	101 
1428	78 
1429	80 
1430	92 
1431	13 
1432	68 
1433	31 
1434	73 
1435	17 
1436	31 
1437	37 
1438	85 
1439	30 
1440	14 
1441	47 
1442	23 
1443	41 
1444	89 
1445	48 
1446	66 
1447	34 
1448	72 
1449	82 
1450	70 
1451	58 
1452	56 
1453	98 
1454	50 
1455	70 
1456	103 
1457	102 
1458	31 
1459	49 
1460	50 
1461	64 
1462	64 
1463	61 
1464	39 
1465	55 
1466	58 
1467	71 
1468	56 
1469	69 
1470	80 
1471	45 
1472	80 
1473	56 
1474	19 
1475	38 
1476	11 
1477	53 
1478	21 
1479	17 
1480	15 
1481	80 
1482	34 
1483	99 
1484	58 
1485	19 
1486	45 
1487	20 
1488	62 
1489	52 
1490	66 
1491	72 
1492	60 
1493	56 
1494	46 
1495	55 
1496	60 
1497	45 
1498	21 
1499	17 
1500	19 
1501	58 
1502	39 
1503	96 
1504	72 
1505	61 
1506	41 
1507	83 
1508	82 
1509	34 
1510	47 
1511	103 
1512	21 
1513	29 
1514	61 
1515	74 
1516	27 
1517	13 
1518	8 
1519	85 
1520	93 
1521	63 
1522	90 
1523	39 
1524	30 
1525	83 
1526	80 
1527	48 
1528	98 
1529	71 
1530	70 
1531	15 
1532	27 
1533	68 
1534	31 
1535	50 
1536	31 
1537	31 
1538	104 
1539	21 
1540	30 
1541	67 
1542	76 
1543	13 
1544	2 
1545	20 
1546	27 
1547	64 
1548	30 
1549	80 
1550	13 
1551	69 
1552	3 
1553	17 
1554	39 
1555	103 
1556	92 
1557	55 
1558	102 
1559	43 
1560	88 
1561	38 
1562	47 
1563	95 
1564	76 
1565	31 
1566	36 
1567	78 
1568	21 
1569	15 
1570	53 
1571	13 
1572	65 
1573	15 
1574	88 
1575	64 
1576	12 
1577	93 
1578	59 
1579	85 
1580	58 
1581	13 
1582	44 
1583	74 
1584	47 
1585	98 
1586	45 
1587	45 
1588	71 
1589	22 
1590	90 
1591	56 
1592	79 
1593	37 
1594	30 
1595	64 
1596	85 
1597	50 
1598	17 
1599	104 
1600	98 
1601	47 
1602	71 
1603	70 
1604	95 
1605	34 
1606	67 
1607	84 
1608	89 
1609	100 
1610	77 
1611	30 
1612	14 
1613	37 
1614	13 
1615	71 
1616	28 
1617	50 
1618	72 
1619	69 
1620	83 
1621	17 
1622	54 
1623	53 
1624	27 
1625	42 
1626	79 
1627	52 
1628	51 
1629	101 
1630	50 
1631	81 
1632	20 
1633	3 
1634	45 
1635	59 
1636	1 
1637	32 
1638	56 
1639	38 
1640	74 
1641	65 
1642	18 
1643	95 
1644	69 
1645	85 
1646	51 
1647	4 
1648	66 
1649	82 
1650	64 
1651	35 
1652	17 
1653	104 
1654	70 
1655	57 
1656	99 
1657	66 
1658	26 
1659	45 
1660	11 
1661	49 
1662	47 
1663	45 
1664	19 
1665	55 
1666	5 
1667	43 
1668	3 
1669	83 
1670	15 
1671	92 
1672	61 
1673	74 
1674	53 
1675	33 
1676	66 
1677	84 
1678	13 
1679	53 
1680	55 
1681	45 
1682	54 
1683	5 
1684	34 
1685	103 
1686	53 
1687	84 
1688	62 
1689	50 
1690	56 
1691	60 
1692	88 
1693	50 
1694	83 
1695	29 
1696	74 
1697	104 
1698	15 
1699	12 
1700	80 
1701	6 
1702	28 
1703	74 
1704	55 
1705	55 
1706	43 
1707	57 
1708	67 
1709	85 
1710	50 
1711	68 
1712	76 
1713	19 
1714	36 
1715	49 
1716	85 
1717	16 
1718	66 
1719	36 
1720	45 
1721	33 
1722	90 
1723	70 
1724	66 
1725	83 
1726	72 
1727	5 
1728	35 
1729	65 
1730	26 
1731	58 
1732	104 
1733	54 
1734	19 
1735	25 
1736	84 
1737	7 
1738	36 
1739	74 
1740	85 
1741	17 
1742	85 
1743	23 
1744	46 
1745	37 
1746	16 
1747	35 
1748	19 
1749	64 
1750	91 
1751	23 
1752	13 
1753	83 
1754	71 
1755	25 
1756	104 
1757	66 
1758	77 
1759	90 
1760	47 
1761	69 
1762	103 
1763	84 
1764	3 
1765	84 
1766	82 
1767	50 
1768	81 
1769	57 
1770	55 
1771	50 
1772	64 
1773	3 
1774	61 
1775	43 
1776	6 
1777	84 
1778	57 
1779	2 
1780	30 
1781	51 
1782	8 
1783	72 
1784	62 
1785	8 
1786	17 
1787	74 
1788	80 
1789	14 
1790	81 
1791	49 
1792	71 
1793	54 
1794	42 
1795	72 
1796	21 
1797	10 
1798	91 
1799	84 
1800	30 
1801	28 
1802	61 
1803	88 
1804	30 
1805	100 
1806	20 
1807	15 
1808	92 
1809	9 
1810	69 
1811	17 
1812	47 
1813	45 
1814	46 
1815	82 
1816	94 
1817	18 
1818	4 
1819	55 
1820	28 
1821	15 
1822	73 
1823	86 
1824	72 
1825	59 
1826	92 
1827	97 
1828	64 
1829	30 
1830	104 
1831	44 
1832	49 
1833	28 
1834	14 
1835	71 
1836	32 
1837	12 
1838	45 
1839	35 
1840	69 
1841	104 
1842	40 
1843	40 
1844	54 
1845	91 
1846	72 
1847	18 
1848	88 
1849	37 
1850	60 
1851	19 
1852	89 
1853	92 
1854	79 
1855	3 
1856	90 
1857	83 
1858	74 
1859	23 
1860	102 
1861	91 
1862	63 
1863	14 
1864	11 
1865	69 
1866	101 
1867	84 
1868	30 
1869	13 
1870	68 
1871	83 
1872	15 
1873	40 
1874	96 
1875	17 
1876	45 
1877	16 
1878	13 
1879	15 
1880	103 
1881	38 
1882	11 
1883	42 
1884	83 
1885	83 
1886	99 
1887	88 
1888	66 
1889	27 
1890	32 
1891	59 
1892	74 
1893	41 
1894	82 
1895	56 
1896	67 
1897	82 
1898	96 
1899	38 
1900	56 
1901	58 
1902	49 
1903	21 
1904	23 
1905	59 
1906	35 
1907	32 
1908	27 
1909	94 
1910	37 
1911	72 
1912	13 
1913	10 
1914	49 
1915	53 
1916	35 
1917	67 
1918	53 
1919	77 
1920	20 
1921	104 
1922	12 
1923	21 
1924	83 
1925	86 
1926	19 
1927	14 
1928	93 
1929	38 
1930	36 
1931	47 
1932	69 
1933	93 
1934	38 
1935	88 
1936	64 
1937	63 
1938	38 
1939	83 
1940	38 
1941	21 
1942	11 
1943	34 
1944	46 
1945	55 
1946	32 
1947	89 
1948	8 
1949	48 
1950	41 
1951	82 
1952	85 
1953	85 
1954	81 
1955	46 
1956	80 
1957	32 
1958	19 
1959	34 
1960	60 
1961	61 
1962	76 
1963	48 
1964	50 
1965	73 
1966	85 
1967	63 
1968	28 
1969	49 
1970	22 
1971	2 
1972	80 
1973	77 
1974	21 
1975	47 
1976	86 
1977	34 
1978	96 
1979	5 
1980	39 
1981	42 
1982	63 
1983	61 
1984	45 
1985	77 
1986	38 
1987	12 
1988	17 
1989	56 
1990	10 
1991	31 
1992	81 
1993	3 
1994	60 
1995	32 
1996	40 
1997	88 
1998	53 
1999	83 
2000	45 
2001	4 
2002	71 
2003	12 
2004	84 
2005	63 
2006	89 
2007	53 
2008	88 
2009	49 
2010	65 
2011	64 
2012	2 
2013	38 
2014	56 
2015	66 
2016	38 
2017	28 
2018	31 
2019	30 
2020	47 
2021	77 
2022	75 
2023	67 
2024	85 
2025	58 
2026	85 
2027	46 
2028	89 
2029	80 
2030	43 
2031	64 
2032	43 
2033	67 
2034	50 
2035	54 
2036	89 
2037	34 
2038	28 
2039	74 
2040	21 
2041	57 
2042	33 
2043	21 
2044	50 
2045	60 
2046	35 
2047	41 
2048	72 
2049	26 
2050	88 
2051	53 
2052	81 
2053	29 
2054	85 
2055	55 
2056	6 
2057	49 
2058	83 
2059	49 
2060	15 
2061	44 
2062	1 
2063	84 
2064	85 
2065	104 
2066	61 
2067	91 
2068	44 
2069	11 
2070	59 
2071	102 
2072	46 
2073	79 
2074	87 
2075	85 
2076	66 
2077	25 
2078	33 
2079	44 
2080	80 
2081	60 
2082	4 
2083	56 
2084	88 
2085	76 
2086	56 
2087	75 
2088	31 
2089	22 
2090	67 
2091	58 
2092	97 
2093	38 
2094	61 
2095	6 
2096	66 
2097	60 
2098	82 
2099	68 
2100	8 
2101	63 
2102	98 
2103	34 
2104	3 
2105	18 
2106	21 
2107	1 
2108	100 
2109	9 
2110	12 
2111	51 
2112	25 
2113	55 
2114	21 
2115	34 
2116	13 
2117	13 
2118	87 
2119	36 
2120	64 
2121	5 
2122	16 
2123	29 
2124	58 
2125	19 
2126	103 
2127	56 
2128	50 
2129	59 
2130	38 
2131	6 
2132	53 
2133	32 
2134	71 
2135	9 
2136	101 
2137	78 
2138	53 
2139	31 
2140	45 
2141	15 
2142	85 
2143	4 
2144	89 
2145	34 
2146	71 
2147	92 
2148	10 
2149	80 
2150	66 
2151	69 
2152	102 
2153	90 
2154	5 
2155	43 
2156	12 
2157	62 
2158	15 
2159	102 
2160	64 
2161	30 
2162	51 
2163	95 
2164	92 
2165	18 
2166	58 
2167	50 
2168	83 
2169	18 
2170	19 
2171	41 
2172	15 
2173	101 
2174	44 
2175	43 
2176	16 
2177	12 
2178	80 
2179	55 
2180	66 
2181	35 
2182	8 
2183	63 
2184	5 
2185	45 
2186	97 
2187	26 
2188	84 
2189	89 
2190	15 
2191	45 
2192	73 
2193	95 
2194	53 
2195	6 
2196	16 
2197	3 
2198	71 
2199	82 
2200	63 
2201	71 
2202	61 
2203	34 
2204	38 
2205	80 
2206	59 
2207	55 
2208	81 
2209	24 
2210	61 
2211	21 
2212	69 
2213	100 
2214	69 
2215	66 
2216	104 
2217	33 
2218	67 
2219	30 
2220	64 
2221	73 
2222	3 
2223	8 
2224	38 
2225	58 
2226	88 
2227	20 
2228	45 
2229	34 
2230	71 
2231	57 
2232	13 
2233	38 
2234	54 
2235	6 
2236	52 
2237	76 
2238	72 
2239	44 
2240	19 
2241	12 
2242	79 
2243	95 
2244	94 
2245	12 
2246	15 
2247	52 
2248	91 
2249	36 
2250	103 
2251	48 
2252	56 
2253	34 
2254	84 
2255	91 
2256	55 
2257	46 
2258	34 
2259	10 
2260	83 
2261	49 
2262	58 
2263	17 
2264	80 
2265	88 
2266	90 
2267	13 
2268	11 
2269	45 
2270	64 
2271	78 
2272	15 
2273	5 
2274	56 
2275	59 
2276	71 
2277	45 
2278	9 
2279	80 
2280	75 
2281	83 
2282	71 
2283	30 
2284	54 
2285	41 
2286	89 
2287	33 
2288	71 
2289	41 
2290	41 
2291	104 
2292	21 
2293	48 
2294	24 
2295	56 
2296	26 
2297	24 
2298	97 
2299	38 
2300	69 
2301	66 
2302	15 
2303	85 
2304	63 
2305	34 
2306	57 
2307	14 
2308	85 
2309	91 
2310	64 
2311	71 
2312	79 
2313	21 
2314	36 
2315	59 
2316	84 
2317	98 
2318	33 
2319	52 
2320	67 
2321	61 
2322	30 
2323	83 
2324	56 
2325	34 
2326	65 
2327	55 
2328	48 
2329	3 
2330	56 
2331	64 
2332	19 
2333	89 
2334	33 
2335	60 
2336	24 
2337	100 
2338	85 
2339	104 
2340	43 
2341	45 
2342	42 
2343	91 
2344	49 
2345	9 
2346	75 
2347	53 
2348	86 
2349	31 
2350	82 
2351	21 
2352	52 
2353	50 
2354	104 
2355	83 
2356	72 
2357	18 
2358	35 
2359	84 
2360	84 
2361	38 
2362	85 
2363	104 
2364	15 
2365	102 
2366	75 
2367	104 
2368	88 
2369	33 
2370	52 
2371	72 
2372	50 
2373	62 
2374	64 
2375	58 
2376	14 
2377	89 
2378	17 
2379	65 
2380	74 
2381	94 
2382	53 
2383	11 
2384	66 
2385	2 
2386	89 
2387	46 
2388	44 
2389	11 
2390	38 
2391	69 
2392	16 
2393	72 
2394	37 
2395	61 
2396	35 
2397	16 
2398	49 
2399	38 
2400	11 
2401	77 
2402	41 
2403	41 
2404	14 
2405	43 
2406	60 
2407	11 
2408	33 
2409	103 
2410	7 
2411	51 
2412	17 
2413	26 
2414	42 
2415	33 
2416	71 
2417	88 
2418	34 
2419	32 
2420	47 
2421	14 
2422	102 
2423	87 
2424	44 
2425	2 
2426	57 
2427	3 
2428	72 
2429	99 
2430	63 
2431	16 
2432	36 
2433	63 
2434	6 
2435	19 
2436	31 
2437	38 
2438	30 
2439	56 
2440	21 
2441	28 
2442	97 
2443	88 
2444	89 
2445	2 
2446	43 
2447	36 
2448	56 
2449	57 
2450	78 
2451	90 
2452	19 
2453	90 
2454	55 
2455	96 
2456	58 
2457	89 
2458	11 
2459	45 
2460	38 
2461	44 
2462	83 
2463	98 
2464	41 
2465	102 
2466	9 
2467	80 
2468	102 
2469	82 
2470	80 
2471	53 
2472	67 
2473	66 
2474	54 
2475	81 
2476	59 
2477	39 
2478	16 
2479	85 
2480	16 
2481	30 
2482	103 
2483	66 
2484	45 
2485	57 
2486	44 
2487	66 
2488	7 
2489	81 
2490	8 
2491	11 
2492	46 
2493	61 
2494	63 
2495	97 
2496	90 
2497	88 
2498	57 
2499	55 
2500	40 
2501	20 
2502	21 
2503	36 
2504	27 
2505	31 
2506	82 
2507	102 
2508	101 
2509	51 
2510	53 
2511	33 
2512	7 
2513	81 
2514	84 
2515	21 
2516	15 
2517	33 
2518	104 
2519	91 
2520	49 
2521	43 
2522	101 
2523	45 
2524	23 
2525	79 
2526	32 
2527	83 
2528	8 
2529	64 
2530	34 
2531	99 
2532	57 
2533	76 
2534	84 
2535	59 
2536	69 
2537	53 
2538	88 
2539	91 
2540	34 
2541	92 
2542	64 
2543	93 
2544	30 
2545	102 
2546	22 
2547	24 
2548	54 
2549	50 
2550	79 
2551	38 
2552	97 
2553	64 
2554	39 
2555	38 
2556	100 
2557	98 
2558	50 
2559	37 
2560	77 
2561	66 
2562	93 
2563	16 
2564	58 
2565	17 
2566	20 
2567	32 
2568	46 
2569	100 
2570	64 
2571	15 
2572	87 
2573	44 
2574	81 
2575	66 
2576	50 
2577	82 
2578	66 
2579	80 
2580	25 
2581	93 
2582	12 
2583	41 
2584	44 
2585	43 
2586	83 
2587	65 
2588	56 
2589	58 
2590	97 
2591	55 
2592	57 
2593	19 
2594	103 
2595	43 
2596	91 
2597	27 
2598	31 
2599	19 
2600	19 
2601	34 
2602	33 
2603	22 
2604	50 
2605	57 
2606	81 
2607	18 
2608	84 
2609	47 
2610	31 
2611	22 
2612	66 
2613	4 
2614	86 
2615	64 
2616	45 
2617	46 
2618	63 
2619	60 
2620	76 
2621	60 
2622	31 
2623	57 
2624	78 
2625	101 
2626	98 
2627	49 
2628	21 
2629	61 
2630	101 
2631	41 
2632	19 
2633	103 
2634	31 
2635	30 
2636	2 
2637	97 
2638	14 
2639	45 
2640	63 
2641	13 
2642	37 
2643	94 
2644	92 
2645	83 
2646	17 
2647	26 
2648	48 
2649	28 
2650	53 
2651	81 
2652	85 
2653	82 
2654	35 
2655	72 
2656	19 
2657	12 
2658	90 
2659	83 
2660	49 
2661	7 
2662	98 
2663	30 
2664	32 
2665	103 
2666	15 
2667	89 
2668	58 
2669	80 
2670	72 
2671	14 
2672	52 
2673	15 
2674	28 
2675	55 
2676	55 
2677	63 
2678	43 
2679	60 
2680	13 
2681	21 
2682	16 
2683	46 
2684	96 
2685	28 
2686	71 
2687	62 
2688	28 
2689	38 
2690	87 
2691	1 
2692	23 
2693	34 
2694	72 
2695	14 
2696	15 
2697	16 
2698	50 
2699	76 
2700	94 
2701	34 
2702	86 
2703	94 
2704	83 
2705	14 
2706	96 
2707	14 
2708	55 
2709	58 
2710	27 
2711	84 
2712	11 
2713	65 
2714	62 
2715	92 
2716	6 
2717	75 
2718	52 
2719	34 
2720	44 
2721	33 
2722	103 
2723	45 
2724	52 
2725	84 
2726	58 
2727	53 
2728	1 
2729	57 
2730	43 
2731	57 
2732	10 
2733	45 
2734	15 
2735	75 
2736	71 
2737	51 
2738	101 
2739	51 
2740	56 
2741	66 
2742	75 
2743	44 
2744	85 
2745	56 
2746	84 
2747	33 
2748	42 
2749	96 
2750	43 
2751	60 
2752	89 
2753	96 
2754	81 
2755	45 
2756	28 
2757	69 
2758	6 
2759	65 
2760	71 
2761	6 
2762	90 
2763	67 
2764	103 
2765	68 
2766	76 
2767	61 
2768	2 
2769	71 
2770	38 
2771	6 
2772	8 
2773	26 
2774	68 
2775	53 
2776	15 
2777	43 
2778	79 
2779	39 
2780	92 
2781	55 
2782	28 
2783	48 
2784	45 
2785	17 
2786	26 
2787	53 
2788	56 
2789	95 
2790	18 
2791	69 
2792	11 
2793	53 
2794	49 
2795	69 
2796	96 
2797	19 
2798	66 
2799	73 
2800	65 
2801	63 
2802	91 
2803	67 
2804	34 
2805	28 
2806	75 
2807	39 
2808	49 
2809	103 
2810	34 
2811	16 
2812	76 
2813	97 
2814	38 
2815	31 
2816	71 
2817	17 
2818	65 
2819	15 
2820	46 
2821	2 
2822	66 
2823	60 
2824	41 
2825	11 
2826	19 
2827	80 
2828	58 
2829	80 
2830	5 
2831	21 
2832	93 
2833	75 
2834	21 
2835	62 
2836	36 
2837	69 
2838	62 
2839	36 
2840	53 
2841	76 
2842	72 
2843	21 
2844	102 
2845	87 
2846	57 
2847	70 
2848	21 
2849	77 
2850	14 
2851	81 
2852	6 
2853	20 
2854	20 
2855	61 
2856	73 
2857	79 
2858	71 
2859	55 
2860	28 
2861	55 
2862	80 
2863	13 
2864	31 
2865	59 
2866	62 
2867	19 
2868	69 
2869	14 
2870	80 
2871	62 
2872	73 
2873	9 
2874	41 
2875	14 
2876	22 
2877	15 
2878	13 
2879	60 
2880	43 
2881	34 
2882	8 
2883	101 
2884	91 
2885	68 
2886	84 
2887	2 
2888	4 
2889	52 
2890	47 
2891	11 
2892	30 
2893	40 
2894	75 
2895	34 
2896	58 
2897	15 
2898	25 
2899	21 
2900	82 
2901	76 
2902	30 
2903	15 
2904	78 
2905	9 
2906	53 
2907	6 
2908	18 
2909	82 
2910	80 
2911	40 
2912	46 
2913	53 
2914	55 
2915	16 
2916	40 
2917	28 
2918	17 
2919	80 
2920	84 
2921	99 
2922	53 
2923	61 
2924	84 
2925	21 
2926	83 
2927	41 
2928	14 
2929	34 
2930	60 
2931	2 
2932	3 
2933	13 
2934	89 
2935	21 
2936	97 
2937	53 
2938	83 
2939	21 
2940	17 
2941	80 
2942	66 
2943	58 
2944	102 
2945	8 
2946	19 
2947	9 
2948	13 
2949	99 
2950	4 
2951	30 
2952	15 
2953	88 
2954	42 
2955	4 
2956	19 
2957	10 
2958	75 
2959	34 
2960	28 
2961	7 
2962	78 
2963	18 
2964	64 
2965	46 
2966	90 
2967	81 
2968	58 
2969	64 
2970	55 
2971	23 
2972	70 
2973	79 
2974	102 
2975	93 
2976	71 
2977	13 
2978	98 
2979	80 
2980	43 
2981	70 
2982	23 
2983	38 
2984	13 
2985	53 
2986	35 
2987	59 
2988	79 
2989	89 
2990	62 
2991	93 
2992	66 
2993	31 
2994	88 
2995	58 
2996	79 
2997	30 
2998	56 
2999	89 
3000	35 
3001	22 
3002	64 
3003	86 
3004	84 
3005	69 
3006	79 
3007	103 
3008	18 
3009	15 
3010	69 
3011	80 
3012	47 
3013	35 
3014	28 
3015	42 
3016	7 
3017	19 
3018	31 
3019	98 
3020	17 
3021	11 
3022	81 
3023	18 
3024	102 
3025	55 
3026	94 
3027	41 
3028	15 
3029	37 
3030	90 
3031	101 
3032	101 
3033	71 
3034	85 
3035	75 
3036	83 
3037	103 
3038	71 
3039	15 
3040	58 
3041	56 
3042	33 
3043	18 
3044	88 
3045	75 
3046	46 
3047	5 
3048	73 
3049	76 
3050	55 
3051	30 
3052	80 
3053	63 
3054	45 
3055	62 
3056	16 
3057	61 
3058	79 
3059	5 
3060	28 
3061	72 
3062	28 
3063	77 
3064	17 
3065	81 
3066	30 
3067	26 
3068	65 
3069	90 
3070	61 
3071	21 
3072	40 
3073	46 
3074	56 
3075	56 
3076	50 
3077	1 
3078	95 
3079	47 
3080	49 
3081	103 
3082	56 
3083	78 
3084	34 
3085	82 
3086	41 
3087	75 
3088	33 
3089	100 
3090	53 
3091	30 
3092	22 
3093	53 
3094	41 
3095	59 
3096	43 
3097	74 
3098	61 
3099	13 
3100	2 
3101	60 
3102	22 
3103	2 
3104	49 
3105	49 
3106	3 
3107	59 
3108	45 
3109	12 
3110	67 
3111	7 
3112	80 
3113	85 
3114	52 
3115	102 
3116	60 
3117	73 
3118	15 
3119	71 
3120	66 
3121	102 
3122	83 
3123	21 
3124	102 
3125	23 
3126	84 
3127	13 
3128	80 
3129	50 
3130	103 
3131	69 
3132	7 
3133	15 
3134	45 
3135	8 
3136	11 
3137	102 
3138	75 
3139	47 
3140	73 
3141	101 
3142	59 
3143	79 
3144	66 
3145	55 
3146	71 
3147	76 
3148	90 
3149	70 
3150	84 
3151	63 
3152	83 
3153	10 
3154	59 
3155	84 
3156	73 
3157	92 
3158	38 
3159	102 
3160	67 
3161	58 
3162	28 
3163	34 
3164	66 
3165	54 
3166	93 
3167	88 
3168	14 
3169	53 
3170	65 
3171	94 
3172	95 
3173	56 
3174	17 
3175	45 
3176	59 
3177	41 
3178	93 
3179	63 
3180	70 
3181	28 
3182	77 
3183	5 
3184	56 
3185	75 
3186	32 
3187	71 
3188	15 
3189	11 
3190	84 
3191	87 
3192	75 
3193	68 
3194	97 
3195	1 
3196	66 
3197	5 
3198	59 
3199	5 
3200	51 
3201	103 
3202	55 
3203	31 
3204	26 
3205	96 
3206	41 
3207	56 
3208	62 
3209	96 
3210	90 
3211	19 
3212	30 
3213	59 
3214	20 
3215	80 
3216	41 
3217	54 
3218	61 
3219	13 
3220	69 
3221	33 
3222	82 
3223	87 
3224	69 
3225	33 
3226	50 
3227	68 
3228	80 
3229	98 
3230	46 
3231	76 
3232	38 
3233	28 
3234	84 
3235	11 
3236	19 
3237	53 
3238	23 
3239	66 
3240	19 
3241	32 
3242	64 
3243	14 
3244	15 
3245	95 
3246	2 
3247	104 
3248	98 
3249	82 
3250	64 
3251	85 
3252	56 
3253	64 
3254	56 
3255	7 
3256	6 
3257	20 
3258	48 
3259	11 
3260	79 
3261	90 
3262	55 
3263	13 
3264	47 
3265	38 
3266	16 
3267	11 
3268	33 
3269	46 
3270	9 
3271	100 
3272	11 
3273	76 
3274	2 
3275	40 
3276	19 
3277	28 
3278	32 
3279	48 
3280	63 
3281	95 
3282	13 
3283	64 
3284	3 
3285	82 
3286	35 
3287	34 
3288	21 
3289	43 
3290	62 
3291	8 
3292	69 
3293	6 
3294	71 
3295	31 
3296	61 
3297	55 
3298	11 
3299	31 
3300	41 
3301	16 
3302	55 
3303	49 
3304	19 
3305	49 
3306	70 
3307	84 
3308	66 
3309	15 
3310	36 
3311	46 
3312	68 
3313	34 
3314	3 
3315	58 
3316	30 
3317	90 
3318	57 
3319	85 
3320	90 
3321	37 
3322	7 
3323	18 
3324	7 
3325	2 
3326	61 
3327	44 
3328	45 
3329	62 
3330	89 
3331	6 
3332	69 
3333	68 
3334	27 
3335	69 
3336	82 
3337	2 
3338	56 
3339	21 
3340	59 
3341	58 
3342	98 
3343	72 
3344	61 
3345	83 
3346	46 
3347	47 
3348	79 
3349	55 
3350	45 
3351	13 
3352	71 
3353	2 
3354	93 
3355	17 
3356	35 
3357	88 
3358	84 
3359	64 
3360	86 
3361	53 
3362	42 
3363	24 
3364	46 
3365	92 
3366	92 
3367	52 
3368	77 
3369	79 
3370	72 
3371	50 
3372	9 
3373	85 
3374	98 
3375	32 
3376	61 
3377	89 
3378	21 
3379	101 
3380	60 
3381	93 
3382	36 
3383	37 
3384	8 
3385	69 
3386	7 
3387	88 
3388	41 
3389	67 
3390	39 
3391	79 
3392	51 
3393	78 
3394	16 
3395	10 
3396	84 
3397	14 
3398	13 
3399	44 
3400	86 
3401	89 
3402	41 
3403	89 
3404	76 
3405	45 
3406	38 
3407	57 
3408	4 
3409	30 
3410	13 
3411	19 
3412	41 
3413	90 
3414	81 
3415	48 
3416	98 
3417	87 
3418	35 
3419	16 
3420	87 
3421	2 
3422	43 
3423	97 
3424	64 
3425	76 
3426	89 
3427	4 
3428	5 
3429	85 
3430	84 
3431	30 
3432	72 
3433	44 
3434	39 
3435	30 
3436	63 
3437	13 
3438	61 
3439	1 
3440	43 
3441	98 
3442	84 
3443	38 
3444	59 
3445	82 
3446	31 
3447	33 
3448	58 
3449	43 
3450	62 
3451	55 
3452	7 
3453	35 
3454	72 
3455	75 
3456	57 
3457	16 
3458	69 
3459	46 
3460	82 
3461	17 
3462	7 
3463	91 
3464	59 
3465	91 
3466	76 
3467	13 
3468	77 
3469	82 
3470	103 
3471	13 
3472	39 
3473	71 
3474	59 
3475	57 
3476	21 
3477	82 
3478	94 
3479	60 
3480	102 
3481	74 
3482	43 
3483	71 
3484	49 
3485	102 
3486	79 
3487	13 
3488	31 
3489	28 
3490	37 
3491	83 
3492	47 
3493	75 
3494	16 
3495	50 
3496	49 
3497	95 
3498	18 
3499	54 
3500	11 
3501	90 
3502	53 
3503	57 
3504	90 
3505	89 
3506	21 
3507	101 
3508	71 
3509	37 
3510	104 
3511	59 
3512	49 
3513	21 
3514	60 
3515	69 
3516	97 
3517	74 
3518	103 
3519	4 
3520	15 
3521	31 
3522	39 
3523	88 
3524	45 
3525	30 
3526	62 
3527	2 
3528	80 
3529	87 
3530	30 
3531	72 
3532	90 
3533	101 
3534	66 
3535	97 
3536	45 
3537	104 
3538	104 
3539	63 
3540	89 
3541	46 
3542	38 
3543	97 
3544	52 
3545	58 
3546	55 
3547	15 
3548	72 
3549	55 
3550	66 
3551	66 
3552	44 
3553	14 
3554	50 
3555	90 
3556	49 
3557	56 
3558	28 
3559	80 
3560	52 
3561	43 
3562	78 
3563	17 
3564	1 
3565	27 
3566	51 
3567	89 
3568	39 
3569	21 
3570	38 
3571	67 
3572	74 
3573	97 
3574	19 
3575	85 
3576	58 
3577	5 
3578	56 
3579	32 
3580	16 
3581	72 
3582	31 
3583	40 
3584	19 
3585	88 
3586	94 
3587	51 
3588	97 
3589	43 
3590	48 
3591	103 
3592	2 
3593	80 
3594	49 
3595	93 
3596	11 
3597	87 
3598	32 
3599	17 
3600	31 
3601	94 
3602	19 
3603	42 
3604	85 
3605	93 
3606	45 
3607	81 
3608	62 
3609	41 
3610	55 
3611	31 
3612	67 
3613	17 
3614	65 
3615	10 
3616	74 
3617	67 
3618	50 
3619	61 
3620	11 
3621	7 
3622	14 
3623	59 
3624	9 
3625	75 
3626	78 
3627	100 
3628	42 
3629	93 
3630	59 
3631	50 
3632	59 
3633	91 
3634	19 
3635	98 
3636	14 
3637	85 
3638	84 
3639	30 
3640	43 
3641	16 
3642	72 
3643	26 
3644	82 
3645	59 
3646	15 
3647	97 
3648	97 
3649	15 
3650	39 
3651	52 
3652	4 
3653	56 
3654	40 
3655	49 
3656	80 
3657	76 
3658	16 
3659	33 
3660	25 
3661	88 
3662	92 
3663	51 
3664	58 
3665	37 
3666	95 
3667	15 
3668	92 
3669	35 
3670	8 
3671	87 
3672	7 
3673	52 
3674	63 
3675	60 
3676	102 
3677	71 
3678	79 
3679	75 
3680	43 
3681	5 
3682	24 
3683	14 
3684	85 
3685	32 
3686	5 
3687	50 
3688	13 
3689	81 
3690	80 
3691	77 
3692	77 
3693	17 
3694	72 
3695	38 
3696	58 
3697	38 
3698	46 
3699	40 
3700	85 
3701	88 
3702	89 
3703	92 
3704	89 
3705	46 
3706	77 
3707	17 
3708	32 
3709	38 
3710	17 
3711	72 
3712	31 
3713	21 
3714	100 
3715	34 
3716	19 
3717	74 
3718	11 
3719	75 
3720	57 
3721	45 
3722	30 
3723	38 
3724	72 
3725	22 
3726	66 
3727	29 
3728	45 
3729	85 
3730	63 
3731	102 
3732	31 
3733	43 
3734	31 
3735	2 
3736	6 
3737	42 
3738	104 
3739	53 
3740	34 
3741	65 
3742	31 
3743	51 
3744	58 
3745	103 
3746	8 
3747	15 
3748	18 
3749	45 
3750	31 
3751	10 
3752	102 
3753	84 
3754	35 
3755	97 
3756	61 
3757	12 
3758	71 
3759	1 
3760	54 
3761	69 
3762	50 
3763	4 
3764	16 
3765	11 
3766	99 
3767	104 
3768	46 
3769	33 
3770	101 
3771	51 
3772	102 
3773	49 
3774	11 
3775	1 
3776	58 
3777	49 
3778	82 
3779	56 
3780	90 
3781	102 
3782	31 
3783	26 
3784	59 
3785	83 
3786	9 
3787	20 
3788	97 
3789	79 
3790	45 
3791	35 
3792	26 
3793	101 
3794	8 
3795	103 
3796	4 
3797	12 
3798	98 
3799	72 
3800	8 
3801	41 
3802	76 
3803	1 
3804	58 
3805	45 
3806	32 
3807	22 
3808	69 
3809	19 
3810	92 
3811	93 
3812	61 
3813	92 
3814	56 
3815	37 
3816	21 
3817	75 
3818	80 
3819	56 
3820	16 
3821	100 
3822	43 
3823	82 
3824	5 
3825	95 
3826	30 
3827	83 
3828	90 
3829	46 
3830	3 
3831	39 
3832	19 
3833	47 
3834	18 
3835	14 
3836	100 
3837	60 
3838	103 
3839	35 
3840	16 
3841	56 
3842	46 
3843	9 
3844	89 
3845	76 
3846	27 
3847	89 
3848	41 
3849	19 
3850	96 
3851	79 
3852	16 
3853	5 
3854	18 
3855	102 
3856	56 
3857	69 
3858	84 
3859	31 
3860	97 
3861	86 
3862	53 
3863	5 
3864	81 
3865	9 
3866	64 
3867	76 
3868	39 
3869	50 
3870	31 
3871	90 
3872	35 
3873	4 
3874	53 
3875	97 
3876	34 
3877	34 
3878	21 
3879	30 
3880	101 
3881	13 
3882	42 
3883	24 
3884	80 
3885	30 
3886	23 
3887	30 
3888	41 
3889	60 
3890	79 
3891	58 
3892	69 
3893	69 
3894	85 
3895	80 
3896	27 
3897	46 
3898	21 
3899	53 
3900	69 
3901	58 
3902	23 
3903	98 
3904	46 
3905	101 
3906	14 
3907	68 
3908	25 
3909	27 
3910	29 
3911	77 
3912	71 
3913	63 
3914	39 
3915	16 
3916	31 
3917	90 
3918	17 
3919	20 
3920	57 
3921	56 
3922	51 
3923	53 
3924	7 
3925	76 
3926	87 
3927	79 
3928	93 
3929	80 
3930	44 
3931	65 
3932	23 
3933	41 
3934	55 
3935	95 
3936	68 
3937	83 
3938	41 
3939	52 
3940	80 
3941	44 
3942	95 
3943	19 
3944	85 
3945	28 
3946	5 
3947	13 
3948	86 
3949	85 
3950	48 
3951	7 
3952	1 
3953	42 
3954	14 
3955	1 
3956	17 
3957	45 
3958	30 
3959	47 
3960	53 
3961	16 
3962	74 
3963	92 
3964	21 
3965	85 
3966	29 
3967	3 
3968	13 
3969	23 
3970	85 
3971	85 
3972	22 
3973	54 
3974	85 
3975	6 
3976	6 
3977	67 
3978	90 
3979	26 
3980	72 
3981	60 
3982	34 
3983	17 
3984	65 
3985	58 
3986	18 
3987	77 
3988	78 
3989	60 
3990	19 
3991	11 
3992	68 
3993	104 
3994	95 
3995	99 
3996	90 
3997	50 
3998	39 
3999	57 
4000	102 
4001	38 
4002	91 
4003	103 
4004	40 
4005	88 
4006	13 
4007	2 
4008	21 
4009	3 
4010	29 
4011	60 
4012	30 
4013	14 
4014	56 
4015	34 
4016	68 
4017	84 
4018	7 
4019	67 
4020	70 
4021	72 
4022	21 
4023	5 
4024	74 
4025	58 
4026	98 
4027	45 
4028	91 
4029	96 
4030	61 
4031	71 
4032	16 
4033	84 
4034	71 
4035	35 
4036	58 
4037	45 
4038	46 
4039	34 
4040	3 
4041	46 
4042	21 
4043	64 
4044	45 
4045	55 
4046	53 
4047	31 
4048	23 
4049	58 
4050	56 
4051	9 
4052	39 
4053	52 
4054	79 
4055	60 
4056	21 
4057	50 
4058	23 
4059	15 
4060	1 
4061	85 
4062	47 
4063	53 
4064	67 
4065	15 
4066	78 
4067	21 
4068	45 
4069	21 
4070	8 
4071	86 
4072	8 
4073	35 
4074	6 
4075	61 
4076	88 
4077	14 
4078	53 
4079	82 
4080	59 
4081	6 
4082	84 
4083	77 
4084	14 
4085	78 
4086	62 
4087	45 
4088	104 
4089	39 
4090	55 
4091	32 
4092	89 
4093	86 
4094	2 
4095	3 
4096	73 
4097	18 
4098	34 
4099	76 
4100	76 
4101	72 
4102	21 
4103	33 
4104	25 
4105	46 
4106	48 
4107	7 
4108	67 
4109	58 
4110	9 
4111	90 
4112	49 
4113	71 
4114	20 
4115	41 
4116	47 
4117	90 
4118	98 
4119	87 
4120	30 
4121	93 
4122	54 
4123	79 
4124	45 
4125	82 
4126	21 
4127	3 
4128	71 
4129	60 
4130	22 
4131	19 
4132	91 
4133	53 
4134	30 
4135	95 
4136	7 
4137	50 
4138	14 
4139	13 
4140	4 
4141	94 
4142	85 
4143	89 
4144	31 
4145	76 
4146	66 
4147	15 
4148	78 
4149	69 
4150	43 
4151	8 
4152	58 
4153	75 
4154	15 
4155	5 
4156	78 
4157	29 
4158	30 
4159	97 
4160	66 
4161	72 
4162	58 
4163	75 
4164	17 
4165	85 
4166	73 
4167	58 
4168	28 
4169	30 
4170	15 
4171	59 
4172	86 
4173	58 
4174	104 
4175	79 
4176	84 
4177	98 
4178	80 
4179	71 
4180	39 
4181	44 
4182	5 
4183	15 
4184	60 
4185	86 
4186	102 
4187	66 
4188	78 
4189	2 
4190	5 
4191	64 
4192	84 
4193	34 
4194	45 
4195	71 
4196	49 
4197	94 
4198	81 
4199	43 
4200	46 
4201	23 
4202	48 
4203	58 
4204	57 
4205	78 
4206	70 
4207	93 
4208	38 
4209	2 
4210	59 
4211	103 
4212	51 
4213	21 
4214	80 
4215	87 
4216	75 
4217	36 
4218	53 
4219	83 
4220	45 
4221	30 
4222	81 
4223	44 
4224	37 
4225	17 
4226	80 
4227	88 
4228	31 
4229	30 
4230	35 
4231	66 
4232	2 
4233	81 
4234	82 
4235	44 
4236	11 
4237	2 
4238	17 
4239	30 
4240	23 
4241	44 
4242	64 
4243	31 
4244	95 
4245	58 
4246	102 
4247	28 
4248	49 
4249	15 
4250	90 
4251	51 
4252	57 
4253	81 
4254	86 
4255	10 
4256	21 
4257	74 
4258	88 
4259	53 
4260	22 
4261	53 
4262	93 
4263	61 
4264	32 
4265	90 
4266	1 
4267	1 
4268	84 
4269	74 
4270	46 
4271	41 
4272	97 
4273	74 
4274	69 
4275	14 
4276	61 
4277	74 
4278	72 
4279	65 
4280	4 
4281	72 
4282	37 
4283	74 
4284	49 
4285	102 
4286	39 
4287	90 
4288	71 
4289	69 
4290	18 
4291	43 
4292	54 
4293	30 
4294	71 
4295	70 
4296	53 
4297	64 
4298	66 
4299	101 
4300	49 
4301	66 
4302	89 
4303	4 
4304	1 
4305	71 
4306	77 
4307	86 
4308	88 
4309	58 
4310	15 
4311	5 
4312	69 
4313	6 
4314	88 
4315	56 
4316	90 
4317	32 
4318	10 
4319	87 
4320	33 
4321	15 
4322	76 
4323	50 
4324	87 
4325	11 
4326	7 
4327	9 
4328	73 
4329	44 
4330	55 
4331	53 
4332	43 
4333	69 
4334	51 
4335	12 
4336	93 
4337	66 
4338	7 
4339	32 
4340	80 
4341	36 
4342	44 
4343	85 
4344	34 
4345	83 
4346	78 
4347	71 
4348	34 
4349	60 
4350	6 
4351	80 
4352	32 
4353	69 
4354	71 
4355	91 
4356	63 
4357	15 
4358	7 
4359	6 
4360	37 
4361	53 
4362	77 
4363	19 
4364	22 
4365	54 
4366	48 
4367	102 
4368	69 
4369	69 
4370	80 
4371	68 
4372	84 
4373	19 
4374	15 
4375	38 
4376	22 
4377	85 
4378	15 
4379	5 
4380	45 
4381	13 
4382	101 
4383	38 
4384	59 
4385	18 
4386	10 
4387	66 
4388	5 
4389	103 
4390	83 
4391	95 
4392	59 
4393	74 
4394	13 
4395	104 
4396	8 
4397	56 
4398	91 
4399	91 
4400	41 
4401	31 
4402	52 
4403	34 
4404	90 
4405	57 
4406	90 
4407	53 
4408	83 
4409	63 
4410	63 
4411	1 
4412	76 
4413	44 
4414	9 
4415	82 
4416	34 
4417	66 
4418	7 
4419	69 
4420	61 
4421	23 
4422	14 
4423	60 
4424	35 
4425	72 
4426	31 
4427	71 
4428	95 
4429	34 
4430	92 
4431	55 
4432	80 
4433	41 
4434	86 
4435	11 
4436	60 
4437	56 
4438	61 
4439	19 
4440	30 
4441	98 
4442	9 
4443	41 
4444	4 
4445	80 
4446	98 
4447	103 
4448	50 
4449	87 
4450	35 
4451	15 
4452	60 
4453	28 
4454	13 
4455	55 
4456	51 
4457	28 
4458	16 
4459	57 
4460	28 
4461	84 
4462	31 
4463	103 
4464	81 
4465	67 
4466	83 
4467	64 
4468	64 
4469	2 
4470	69 
4471	84 
4472	74 
4473	6 
4474	50 
4475	76 
4476	13 
4477	82 
4478	21 
4479	38 
4480	76 
4481	11 
4482	57 
4483	91 
4484	87 
4485	78 
4486	64 
4487	63 
4488	76 
4489	89 
4490	98 
4491	10 
4492	62 
4493	30 
4494	68 
4495	85 
4496	78 
4497	15 
4498	59 
4499	75 
4500	4 
4501	55 
4502	103 
4503	5 
4504	51 
4505	16 
4506	84 
4507	33 
4508	17 
4509	18 
4510	18 
4511	64 
4512	46 
4513	11 
4514	71 
4515	85 
4516	41 
4517	84 
4518	14 
4519	63 
4520	4 
4521	64 
4522	54 
4523	62 
4524	102 
4525	52 
4526	83 
4527	58 
4528	85 
4529	76 
4530	11 
4531	88 
4532	2 
4533	28 
4534	66 
4535	85 
4536	71 
4537	61 
4538	85 
4539	17 
4540	19 
4541	88 
4542	38 
4543	30 
4544	60 
4545	31 
4546	84 
4547	60 
4548	45 
4549	104 
4550	46 
4551	14 
4552	15 
4553	74 
4554	35 
4555	15 
4556	2 
4557	53 
4558	34 
4559	74 
4560	30 
4561	45 
4562	76 
4563	97 
4564	90 
4565	81 
4566	38 
4567	17 
4568	102 
4569	43 
4570	101 
4571	44 
4572	38 
4573	98 
4574	80 
4575	101 
4576	53 
4577	50 
4578	41 
4579	43 
4580	9 
4581	71 
4582	104 
4583	47 
4584	102 
4585	72 
4586	88 
4587	53 
4588	101 
4589	66 
4590	6 
4591	14 
4592	61 
4593	8 
4594	7 
4595	50 
4596	45 
4597	49 
4598	75 
4599	21 
4600	63 
4601	55 
4602	50 
4603	6 
4604	72 
4605	47 
4606	75 
4607	41 
4608	58 
4609	101 
4610	19 
4611	3 
4612	44 
4613	45 
4614	74 
4615	14 
4616	85 
4617	84 
4618	31 
4619	79 
4620	51 
4621	57 
4622	46 
4623	15 
4624	17 
4625	53 
4626	71 
4627	61 
4628	90 
4629	46 
4630	14 
4631	85 
4632	5 
4633	92 
4634	35 
4635	8 
4636	7 
4637	32 
4638	3 
4639	79 
4640	18 
4641	38 
4642	72 
4643	88 
4644	84 
4645	103 
4646	104 
4647	38 
4648	30 
4649	84 
4650	55 
4651	85 
4652	66 
4653	41 
4654	76 
4655	18 
4656	82 
4657	76 
4658	88 
4659	9 
4660	56 
4661	44 
4662	82 
4663	56 
4664	56 
4665	50 
4666	18 
4667	21 
4668	82 
4669	31 
4670	85 
4671	17 
4672	15 
4673	49 
4674	21 
4675	43 
4676	43 
4677	98 
4678	85 
4679	2 
4680	7 
4681	52 
4682	55 
4683	72 
4684	45 
4685	102 
4686	90 
4687	57 
4688	53 
4689	84 
4690	44 
4691	30 
4692	61 
4693	49 
4694	44 
4695	84 
4696	79 
4697	32 
4698	30 
4699	82 
4700	19 
4701	101 
4702	81 
4703	81 
4704	44 
4705	52 
4706	64 
4707	56 
4708	38 
4709	56 
4710	80 
4711	76 
4712	81 
4713	34 
4714	38 
4715	38 
4716	60 
4717	104 
4718	5 
4719	5 
4720	31 
4721	18 
4722	34 
4723	41 
4724	43 
4725	60 
4726	45 
4727	50 
4728	89 
4729	6 
4730	35 
4731	15 
4732	92 
4733	63 
4734	71 
4735	53 
4736	18 
4737	60 
4738	60 
4739	7 
4740	33 
4741	45 
4742	83 
4743	103 
4744	38 
4745	14 
4746	18 
4747	61 
4748	64 
4749	90 
4750	15 
4751	71 
4752	75 
4753	16 
4754	30 
4755	31 
4756	103 
4757	79 
4758	80 
4759	21 
4760	5 
4761	103 
4762	60 
4763	57 
4764	21 
4765	85 
4766	53 
4767	92 
4768	63 
4769	80 
4770	15 
4771	53 
4772	85 
4773	103 
4774	7 
4775	55 
4776	17 
4777	56 
4778	60 
4779	85 
4780	60 
4781	14 
4782	90 
4783	90 
4784	41 
4785	103 
4786	63 
4787	88 
4788	16 
4789	17 
4790	19 
4791	72 
4792	13 
4793	89 
4794	45 
4795	103 
4796	43 
4797	55 
4798	104 
4799	90 
4800	83 
4801	17 
4802	38 
4803	44 
4804	88 
4805	64 
4806	31 
4807	85 
4808	80 
4809	83 
4810	84 
4811	31 
4812	60 
4813	84 
4814	21 
4815	31 
4816	11 
4817	16 
4818	17 
4819	38 
4820	84 
4821	63 
4822	55 
4823	53 
4824	13 
4825	45 
4826	44 
4827	41 
4828	69 
4829	102 
4830	41 
4831	21 
4832	69 
4833	85 
4834	38 
4835	49 
4836	38 
4837	75 
4838	84 
4839	13 
4840	50 
4841	49 
4842	11 
4843	17 
4844	60 
4845	15 
4846	89 
4847	19 
4848	83 
4849	57 
4850	90 
4851	38 
4852	30 
4853	85 
4854	102 
4855	55 
4856	53 
4857	69 
4858	13 
4859	14 
4860	66 
4861	53 
4862	58 
4863	89 
4864	103 
4865	50 
4866	71 
4867	14 
4868	21 
4869	56 
4870	90 
4871	13 
4872	17 
4873	30 
4874	71 
4875	38 
4876	17 
4877	80 
4878	46 
4879	88 
4880	14 
4881	45 
4882	60 
4883	21 
4884	84 
4885	88 
4886	53 
4887	83 
4888	102 
4889	56 
4890	56 
4891	21 
4892	45 
4893	34 
4894	30 
4895	21 
4896	85 
4897	84 
4898	38 
4899	88 
4900	56 
4901	38 
4902	19 
4903	50 
4904	80 
4905	85 
4906	56 
4907	53 
4908	45 
4909	55 
4910	84 
4911	53 
4912	55 
4913	30 
4914	88 
4915	41 
4916	14 
4917	41 
4918	61 
4919	30 
4920	34 
4921	21 
4922	66 
4923	102 
4924	21 
4925	38 
4926	56 
4927	19 
4928	30 
4929	102 
4930	41 
4931	34 
4932	14 
4933	64 
4934	50 
4935	53 
4936	50 
4937	84 
4938	53 
4939	45 
4940	85 
4941	102 
4942	61 
4943	66 
4944	41 
4945	15 
4946	41 
4947	34 
4948	21 
4949	21 
4950	41 
4951	85 
4952	71 
4953	69 
4954	84 
4955	46 
4956	50 
4957	61 
4958	34 
4959	56 
4960	13 
4961	80 
4962	19 
4963	56 
4964	61 
4965	53 
4966	38 
4967	84 
4968	85 
4969	71 
4970	38 
4971	85 
4972	56 
4973	41 
4974	21 
4975	53 
4976	56 
4977	45 
4978	53 
4979	45 
4980	46 
4981	85 
4982	46 
4983	15 
4984	34 
4985	34 
4986	71 
4987	15 
4988	19 
4989	21 
4990	34 
4991	38 
4992	85 
4993	85 
4994	56 
4995	84 
4996	30 
4997	53 
4998	15 
4999	71 
5000	71 
