1	8 
2	22 
3	20 
4	20 
5	16 
6	42 
7	39 
8	46 
9	17 
10	22 
11	10 
12	46 
13	1 
14	22 
15	35 
16	46 
17	28 
18	44 
19	51 
20	31 
21	16 
22	39 
23	22 
24	32 
25	47 
26	22 
27	39 
28	16 
29	46 
30	22 
31	20 
32	46 
33	1 
34	14 
35	7 
36	46 
37	16 
38	16 
39	46 
40	31 
41	16 
42	32 
43	51 
44	51 
45	25 
46	1 
47	50 
48	20 
49	15 
50	47 
51	50 
52	16 
53	51 
54	47 
55	31 
56	46 
57	22 
58	14 
59	20 
60	16 
61	39 
62	17 
63	32 
64	2 
65	32 
66	51 
67	35 
68	39 
69	31 
70	18 
71	46 
72	15 
73	29 
74	42 
75	11 
76	47 
77	41 
78	42 
79	39 
80	31 
81	17 
82	46 
83	18 
84	47 
85	15 
86	14 
87	18 
88	19 
89	14 
90	39 
91	46 
92	47 
93	15 
94	18 
95	7 
96	18 
97	46 
98	31 
99	7 
100	1 
101	39 
102	31 
103	31 
104	39 
105	20 
106	51 
107	47 
108	35 
109	47 
110	31 
111	44 
112	51 
113	51 
114	16 
115	8 
116	46 
117	46 
118	22 
119	47 
120	17 
121	31 
122	14 
123	32 
124	31 
125	46 
126	19 
127	1 
128	47 
129	8 
130	16 
131	51 
132	46 
133	43 
134	1 
135	11 
136	12 
137	39 
138	51 
139	31 
140	47 
141	1 
142	16 
143	20 
144	13 
145	31 
146	39 
147	44 
148	18 
149	39 
150	39 
151	34 
152	16 
153	50 
154	31 
155	1 
156	22 
157	16 
158	45 
159	42 
160	22 
161	22 
162	20 
163	45 
164	45 
165	16 
166	41 
167	31 
168	35 
169	47 
170	46 
171	42 
172	29 
173	51 
174	32 
175	22 
176	14 
177	7 
178	39 
179	44 
180	15 
181	31 
182	16 
183	42 
184	47 
185	14 
186	15 
187	31 
188	18 
189	46 
190	32 
191	22 
192	46 
193	42 
194	14 
195	46 
196	22 
197	22 
198	31 
199	1 
200	1 
201	17 
202	15 
203	1 
204	18 
205	32 
206	46 
207	22 
208	39 
209	42 
210	17 
211	39 
212	39 
213	46 
214	7 
215	32 
216	37 
217	46 
218	51 
219	46 
220	35 
221	6 
222	31 
223	20 
224	22 
225	33 
226	32 
227	31 
228	39 
229	3 
230	22 
231	42 
232	1 
233	16 
234	20 
235	1 
236	45 
237	1 
238	22 
239	31 
240	1 
241	29 
242	1 
243	16 
244	1 
245	46 
246	47 
247	9 
248	47 
249	16 
250	46 
251	16 
252	46 
253	22 
254	31 
255	19 
256	40 
257	20 
258	31 
259	51 
260	11 
261	36 
262	44 
263	35 
264	12 
265	47 
266	5 
267	20 
268	51 
269	22 
270	32 
271	15 
272	39 
273	1 
274	1 
275	15 
276	46 
277	44 
278	39 
279	14 
280	36 
281	44 
282	22 
283	22 
284	16 
285	18 
286	39 
287	29 
288	16 
289	14 
290	45 
291	22 
292	35 
293	15 
294	16 
295	32 
296	35 
297	16 
298	42 
299	39 
300	31 
301	42 
302	16 
303	22 
304	44 
305	19 
306	47 
307	1 
308	31 
309	22 
310	19 
311	22 
312	35 
313	33 
314	1 
315	16 
316	46 
317	50 
318	39 
319	31 
320	15 
321	7 
322	20 
323	14 
324	44 
325	46 
326	16 
327	1 
328	14 
329	42 
330	22 
331	39 
332	35 
333	32 
334	22 
335	33 
336	5 
337	3 
338	16 
339	39 
340	22 
341	15 
342	1 
343	31 
344	9 
345	1 
346	22 
347	14 
348	22 
349	20 
350	46 
351	39 
352	46 
353	14 
354	14 
355	51 
356	46 
357	21 
358	31 
359	12 
360	35 
361	5 
362	25 
363	46 
364	46 
365	32 
366	26 
367	16 
368	50 
369	46 
370	31 
371	1 
372	35 
373	46 
374	47 
375	51 
376	32 
377	39 
378	22 
379	39 
380	32 
381	46 
382	1 
383	31 
384	16 
385	18 
386	22 
387	45 
388	10 
389	20 
390	22 
391	39 
392	39 
393	47 
394	1 
395	51 
396	39 
397	18 
398	42 
399	35 
400	39 
401	22 
402	46 
403	42 
404	44 
405	47 
406	39 
407	1 
408	39 
409	33 
410	30 
411	22 
412	35 
413	35 
414	39 
415	22 
416	20 
417	32 
418	9 
419	16 
420	22 
421	1 
422	20 
423	42 
424	14 
425	47 
426	51 
427	16 
428	50 
429	31 
430	22 
431	22 
432	7 
433	39 
434	17 
435	46 
436	1 
437	16 
438	1 
439	31 
440	17 
441	48 
442	17 
443	14 
444	22 
445	36 
446	22 
447	42 
448	15 
449	51 
450	28 
451	51 
452	1 
453	39 
454	45 
455	22 
456	16 
457	22 
458	1 
459	31 
460	35 
461	46 
462	32 
463	22 
464	14 
465	46 
466	36 
467	51 
468	32 
469	22 
470	42 
471	47 
472	44 
473	46 
474	41 
475	31 
476	42 
477	35 
478	22 
479	20 
480	50 
481	45 
482	32 
483	39 
484	31 
485	1 
486	39 
487	46 
488	22 
489	44 
490	47 
491	47 
492	15 
493	35 
494	46 
495	31 
496	20 
497	51 
498	32 
499	46 
500	47 
501	36 
502	42 
503	1 
504	5 
505	44 
506	8 
507	8 
508	22 
509	16 
510	39 
511	46 
512	26 
513	44 
514	16 
515	39 
516	16 
517	39 
518	46 
519	22 
520	47 
521	22 
522	1 
523	39 
524	47 
525	1 
526	22 
527	31 
528	16 
529	31 
530	15 
531	46 
532	20 
533	39 
534	35 
535	46 
536	20 
537	16 
538	35 
539	44 
540	12 
541	36 
542	50 
543	8 
544	1 
545	31 
546	17 
547	31 
548	14 
549	31 
550	39 
551	39 
552	47 
553	10 
554	46 
555	15 
556	14 
557	51 
558	39 
559	29 
560	42 
561	22 
562	31 
563	46 
564	32 
565	50 
566	9 
567	46 
568	31 
569	20 
570	42 
571	3 
572	39 
573	1 
574	32 
575	32 
576	9 
577	47 
578	40 
579	18 
580	46 
581	47 
582	46 
583	19 
584	45 
585	50 
586	4 
587	16 
588	35 
589	46 
590	39 
591	1 
592	46 
593	16 
594	35 
595	16 
596	46 
597	12 
598	47 
599	46 
600	14 
601	1 
602	44 
603	18 
604	39 
605	22 
606	47 
607	1 
608	14 
609	31 
610	46 
611	15 
612	35 
613	18 
614	16 
615	47 
616	4 
617	33 
618	34 
619	39 
620	16 
621	22 
622	46 
623	39 
624	34 
625	8 
626	20 
627	50 
628	1 
629	46 
630	46 
631	22 
632	16 
633	39 
634	42 
635	46 
636	32 
637	1 
638	15 
639	46 
640	46 
641	50 
642	24 
643	20 
644	51 
645	16 
646	1 
647	47 
648	51 
649	31 
650	46 
651	39 
652	46 
653	22 
654	46 
655	35 
656	51 
657	1 
658	1 
659	22 
660	20 
661	16 
662	31 
663	51 
664	18 
665	15 
666	1 
667	39 
668	22 
669	17 
670	22 
671	1 
672	32 
673	38 
674	16 
675	32 
676	51 
677	12 
678	40 
679	35 
680	44 
681	18 
682	16 
683	14 
684	34 
685	20 
686	15 
687	32 
688	49 
689	43 
690	16 
691	31 
692	44 
693	46 
694	44 
695	50 
696	1 
697	14 
698	20 
699	42 
700	32 
701	50 
702	1 
703	50 
704	16 
705	44 
706	46 
707	46 
708	47 
709	31 
710	44 
711	39 
712	16 
713	39 
714	47 
715	12 
716	22 
717	16 
718	22 
719	46 
720	1 
721	39 
722	39 
723	16 
724	12 
725	32 
726	46 
727	42 
728	33 
729	46 
730	12 
731	32 
732	1 
733	3 
734	31 
735	22 
736	31 
737	8 
738	14 
739	22 
740	39 
741	1 
742	46 
743	35 
744	46 
745	39 
746	1 
747	35 
748	50 
749	15 
750	15 
751	16 
752	46 
753	31 
754	12 
755	16 
756	20 
757	16 
758	16 
759	31 
760	47 
761	16 
762	45 
763	50 
764	46 
765	33 
766	31 
767	27 
768	1 
769	16 
770	51 
771	39 
772	42 
773	39 
774	1 
775	16 
776	51 
777	29 
778	16 
779	14 
780	17 
781	46 
782	31 
783	31 
784	39 
785	16 
786	46 
787	31 
788	8 
789	20 
790	29 
791	31 
792	22 
793	22 
794	4 
795	39 
796	14 
797	8 
798	22 
799	12 
800	35 
801	47 
802	16 
803	39 
804	31 
805	30 
806	39 
807	39 
808	22 
809	22 
810	9 
811	22 
812	46 
813	50 
814	16 
815	20 
816	42 
817	35 
818	35 
819	46 
820	23 
821	17 
822	20 
823	50 
824	31 
825	1 
826	31 
827	39 
828	31 
829	44 
830	42 
831	14 
832	18 
833	31 
834	39 
835	22 
836	44 
837	16 
838	50 
839	1 
840	22 
841	50 
842	31 
843	32 
844	35 
845	47 
846	16 
847	32 
848	16 
849	39 
850	51 
851	46 
852	32 
853	51 
854	46 
855	39 
856	50 
857	47 
858	15 
859	35 
860	35 
861	51 
862	3 
863	35 
864	1 
865	31 
866	18 
867	32 
868	14 
869	35 
870	47 
871	46 
872	46 
873	44 
874	50 
875	14 
876	12 
877	18 
878	1 
879	31 
880	50 
881	50 
882	20 
883	18 
884	18 
885	16 
886	42 
887	35 
888	39 
889	47 
890	2 
891	1 
892	1 
893	8 
894	51 
895	39 
896	36 
897	20 
898	46 
899	20 
900	1 
901	42 
902	39 
903	51 
904	22 
905	39 
906	14 
907	20 
908	22 
909	16 
910	50 
911	16 
912	46 
913	1 
914	42 
915	29 
916	29 
917	29 
918	39 
919	35 
920	1 
921	39 
922	46 
923	16 
924	39 
925	35 
926	29 
927	18 
928	46 
929	22 
930	16 
931	46 
932	34 
933	22 
934	35 
935	32 
936	39 
937	26 
938	31 
939	20 
940	14 
941	1 
942	39 
943	32 
944	46 
945	46 
946	44 
947	22 
948	31 
949	47 
950	18 
951	47 
952	39 
953	47 
954	31 
955	14 
956	20 
957	20 
958	1 
959	39 
960	1 
961	18 
962	42 
963	16 
964	14 
965	47 
966	47 
967	22 
968	1 
969	45 
970	46 
971	38 
972	47 
973	16 
974	42 
975	46 
976	22 
977	14 
978	45 
979	40 
980	31 
981	1 
982	31 
983	16 
984	32 
985	20 
986	44 
987	16 
988	1 
989	42 
990	46 
991	3 
992	16 
993	20 
994	4 
995	22 
996	1 
997	16 
998	47 
999	17 
1000	44 
1001	51 
1002	37 
1003	15 
1004	39 
1005	46 
1006	22 
1007	47 
1008	32 
1009	46 
1010	39 
1011	48 
1012	15 
1013	29 
1014	14 
1015	1 
1016	44 
1017	47 
1018	16 
1019	42 
1020	32 
1021	14 
1022	15 
1023	14 
1024	33 
1025	32 
1026	31 
1027	22 
1028	17 
1029	32 
1030	24 
1031	34 
1032	4 
1033	31 
1034	46 
1035	22 
1036	20 
1037	32 
1038	22 
1039	18 
1040	44 
1041	22 
1042	35 
1043	50 
1044	47 
1045	46 
1046	39 
1047	46 
1048	42 
1049	12 
1050	39 
1051	51 
1052	51 
1053	20 
1054	44 
1055	32 
1056	35 
1057	50 
1058	1 
1059	35 
1060	47 
1061	22 
1062	31 
1063	14 
1064	7 
1065	37 
1066	49 
1067	42 
1068	35 
1069	31 
1070	18 
1071	14 
1072	3 
1073	22 
1074	25 
1075	31 
1076	31 
1077	32 
1078	16 
1079	16 
1080	46 
1081	39 
1082	22 
1083	46 
1084	46 
1085	46 
1086	47 
1087	16 
1088	31 
1089	32 
1090	50 
1091	32 
1092	20 
1093	31 
1094	39 
1095	36 
1096	20 
1097	1 
1098	51 
1099	39 
1100	42 
1101	40 
1102	12 
1103	39 
1104	16 
1105	1 
1106	32 
1107	39 
1108	15 
1109	42 
1110	29 
1111	47 
1112	45 
1113	12 
1114	50 
1115	35 
1116	15 
1117	20 
1118	14 
1119	31 
1120	15 
1121	46 
1122	31 
1123	22 
1124	32 
1125	20 
1126	19 
1127	22 
1128	32 
1129	39 
1130	16 
1131	1 
1132	39 
1133	16 
1134	48 
1135	14 
1136	31 
1137	46 
1138	14 
1139	46 
1140	16 
1141	1 
1142	35 
1143	51 
1144	32 
1145	11 
1146	39 
1147	45 
1148	39 
1149	20 
1150	31 
1151	45 
1152	19 
1153	4 
1154	31 
1155	16 
1156	32 
1157	39 
1158	20 
1159	46 
1160	13 
1161	1 
1162	35 
1163	47 
1164	51 
1165	16 
1166	17 
1167	50 
1168	14 
1169	16 
1170	46 
1171	46 
1172	43 
1173	39 
1174	15 
1175	22 
1176	31 
1177	35 
1178	44 
1179	16 
1180	51 
1181	17 
1182	22 
1183	42 
1184	20 
1185	22 
1186	46 
1187	22 
1188	46 
1189	15 
1190	42 
1191	1 
1192	20 
1193	22 
1194	39 
1195	12 
1196	47 
1197	39 
1198	22 
1199	16 
1200	22 
1201	39 
1202	8 
1203	46 
1204	14 
1205	14 
1206	44 
1207	14 
1208	14 
1209	5 
1210	1 
1211	45 
1212	47 
1213	47 
1214	31 
1215	16 
1216	32 
1217	1 
1218	15 
1219	16 
1220	31 
1221	14 
1222	31 
1223	16 
1224	51 
1225	1 
1226	22 
1227	39 
1228	42 
1229	17 
1230	20 
1231	46 
1232	32 
1233	18 
1234	27 
1235	35 
1236	47 
1237	18 
1238	15 
1239	32 
1240	1 
1241	42 
1242	28 
1243	47 
1244	39 
1245	16 
1246	46 
1247	46 
1248	31 
1249	1 
1250	1 
1251	35 
1252	51 
1253	31 
1254	42 
1255	31 
1256	42 
1257	3 
1258	51 
1259	20 
1260	46 
1261	42 
1262	29 
1263	16 
1264	50 
1265	42 
1266	31 
1267	31 
1268	30 
1269	16 
1270	42 
1271	22 
1272	1 
1273	50 
1274	44 
1275	22 
1276	46 
1277	16 
1278	16 
1279	46 
1280	47 
1281	1 
1282	17 
1283	35 
1284	46 
1285	20 
1286	51 
1287	39 
1288	47 
1289	31 
1290	15 
1291	42 
1292	39 
1293	22 
1294	14 
1295	17 
1296	16 
1297	32 
1298	31 
1299	32 
1300	16 
1301	48 
1302	46 
1303	18 
1304	47 
1305	16 
1306	32 
1307	22 
1308	31 
1309	7 
1310	19 
1311	16 
1312	31 
1313	47 
1314	31 
1315	23 
1316	45 
1317	22 
1318	18 
1319	35 
1320	46 
1321	20 
1322	31 
1323	49 
1324	35 
1325	31 
1326	42 
1327	47 
1328	50 
1329	20 
1330	46 
1331	50 
1332	16 
1333	51 
1334	22 
1335	16 
1336	1 
1337	9 
1338	16 
1339	16 
1340	47 
1341	15 
1342	22 
1343	46 
1344	16 
1345	42 
1346	46 
1347	16 
1348	22 
1349	22 
1350	31 
1351	31 
1352	39 
1353	31 
1354	1 
1355	20 
1356	22 
1357	31 
1358	12 
1359	39 
1360	20 
1361	22 
1362	14 
1363	1 
1364	39 
1365	16 
1366	39 
1367	15 
1368	16 
1369	39 
1370	1 
1371	45 
1372	42 
1373	46 
1374	35 
1375	22 
1376	15 
1377	1 
1378	29 
1379	47 
1380	1 
1381	39 
1382	42 
1383	31 
1384	14 
1385	14 
1386	14 
1387	46 
1388	15 
1389	1 
1390	22 
1391	36 
1392	16 
1393	42 
1394	31 
1395	22 
1396	22 
1397	35 
1398	47 
1399	44 
1400	39 
1401	42 
1402	46 
1403	46 
1404	18 
1405	50 
1406	47 
1407	32 
1408	17 
1409	22 
1410	32 
1411	16 
1412	31 
1413	47 
1414	35 
1415	3 
1416	16 
1417	16 
1418	45 
1419	16 
1420	31 
1421	17 
1422	14 
1423	18 
1424	35 
1425	47 
1426	46 
1427	31 
1428	46 
1429	44 
1430	39 
1431	16 
1432	42 
1433	22 
1434	46 
1435	22 
1436	35 
1437	31 
1438	22 
1439	42 
1440	32 
1441	39 
1442	32 
1443	42 
1444	18 
1445	46 
1446	14 
1447	46 
1448	18 
1449	32 
1450	22 
1451	22 
1452	22 
1453	15 
1454	16 
1455	47 
1456	1 
1457	39 
1458	39 
1459	31 
1460	7 
1461	39 
1462	50 
1463	44 
1464	51 
1465	35 
1466	51 
1467	22 
1468	46 
1469	36 
1470	39 
1471	7 
1472	22 
1473	16 
1474	46 
1475	14 
1476	7 
1477	32 
1478	46 
1479	33 
1480	17 
1481	32 
1482	50 
1483	31 
1484	19 
1485	39 
1486	15 
1487	45 
1488	5 
1489	51 
1490	39 
1491	46 
1492	46 
1493	39 
1494	44 
1495	31 
1496	1 
1497	20 
1498	1 
1499	39 
1500	22 
1501	32 
1502	47 
1503	46 
1504	50 
1505	16 
1506	8 
1507	42 
1508	46 
1509	16 
1510	42 
1511	18 
1512	16 
1513	31 
1514	44 
1515	1 
1516	1 
1517	16 
1518	51 
1519	47 
1520	51 
1521	31 
1522	47 
1523	35 
1524	40 
1525	42 
1526	16 
1527	32 
1528	1 
1529	36 
1530	51 
1531	1 
1532	3 
1533	20 
1534	22 
1535	36 
1536	46 
1537	12 
1538	45 
1539	51 
1540	31 
1541	44 
1542	32 
1543	31 
1544	16 
1545	1 
1546	51 
1547	22 
1548	22 
1549	16 
1550	39 
1551	14 
1552	46 
1553	16 
1554	46 
1555	47 
1556	46 
1557	47 
1558	39 
1559	46 
1560	31 
1561	20 
1562	20 
1563	39 
1564	35 
1565	17 
1566	14 
1567	8 
1568	47 
1569	51 
1570	2 
1571	14 
1572	24 
1573	45 
1574	17 
1575	17 
1576	39 
1577	16 
1578	51 
1579	44 
1580	31 
1581	20 
1582	16 
1583	20 
1584	15 
1585	29 
1586	22 
1587	22 
1588	35 
1589	14 
1590	18 
1591	16 
1592	34 
1593	51 
1594	35 
1595	16 
1596	35 
1597	18 
1598	46 
1599	14 
1600	15 
1601	14 
1602	48 
1603	50 
1604	35 
1605	46 
1606	50 
1607	39 
1608	22 
1609	31 
1610	3 
1611	1 
1612	31 
1613	39 
1614	1 
1615	29 
1616	1 
1617	38 
1618	46 
1619	35 
1620	22 
1621	22 
1622	18 
1623	46 
1624	1 
1625	16 
1626	44 
1627	51 
1628	22 
1629	14 
1630	22 
1631	46 
1632	31 
1633	22 
1634	39 
1635	14 
1636	35 
1637	51 
1638	34 
1639	35 
1640	44 
1641	22 
1642	14 
1643	50 
1644	2 
1645	47 
1646	22 
1647	35 
1648	22 
1649	46 
1650	35 
1651	16 
1652	22 
1653	46 
1654	22 
1655	48 
1656	1 
1657	22 
1658	6 
1659	16 
1660	47 
1661	47 
1662	20 
1663	39 
1664	35 
1665	39 
1666	44 
1667	46 
1668	46 
1669	39 
1670	14 
1671	15 
1672	42 
1673	1 
1674	22 
1675	31 
1676	24 
1677	50 
1678	40 
1679	24 
1680	16 
1681	14 
1682	21 
1683	16 
1684	32 
1685	15 
1686	39 
1687	46 
1688	16 
1689	20 
1690	5 
1691	35 
1692	1 
1693	22 
1694	47 
1695	39 
1696	51 
1697	42 
1698	31 
1699	39 
1700	32 
1701	14 
1702	14 
1703	14 
1704	47 
1705	1 
1706	39 
1707	39 
1708	35 
1709	12 
1710	42 
1711	39 
1712	39 
1713	46 
1714	17 
1715	46 
1716	46 
1717	16 
1718	12 
1719	46 
1720	35 
1721	20 
1722	19 
1723	39 
1724	42 
1725	46 
1726	15 
1727	1 
1728	42 
1729	16 
1730	33 
1731	51 
1732	35 
1733	42 
1734	46 
1735	15 
1736	22 
1737	35 
1738	32 
1739	32 
1740	14 
1741	46 
1742	16 
1743	6 
1744	16 
1745	45 
1746	51 
1747	18 
1748	16 
1749	46 
1750	42 
1751	22 
1752	39 
1753	14 
1754	1 
1755	31 
1756	39 
1757	22 
1758	8 
1759	46 
1760	20 
1761	33 
1762	29 
1763	42 
1764	50 
1765	15 
1766	14 
1767	45 
1768	47 
1769	17 
1770	16 
1771	47 
1772	22 
1773	31 
1774	13 
1775	1 
1776	16 
1777	22 
1778	31 
1779	33 
1780	1 
1781	16 
1782	10 
1783	20 
1784	31 
1785	9 
1786	34 
1787	47 
1788	18 
1789	16 
1790	22 
1791	35 
1792	39 
1793	1 
1794	23 
1795	6 
1796	20 
1797	31 
1798	46 
1799	31 
1800	1 
1801	47 
1802	22 
1803	46 
1804	14 
1805	1 
1806	51 
1807	31 
1808	17 
1809	22 
1810	1 
1811	20 
1812	31 
1813	9 
1814	39 
1815	39 
1816	1 
1817	16 
1818	42 
1819	16 
1820	44 
1821	35 
1822	47 
1823	5 
1824	15 
1825	6 
1826	16 
1827	20 
1828	34 
1829	46 
1830	35 
1831	8 
1832	18 
1833	22 
1834	47 
1835	47 
1836	17 
1837	9 
1838	22 
1839	46 
1840	50 
1841	14 
1842	17 
1843	47 
1844	22 
1845	50 
1846	31 
1847	1 
1848	39 
1849	1 
1850	35 
1851	3 
1852	33 
1853	1 
1854	51 
1855	48 
1856	47 
1857	42 
1858	1 
1859	15 
1860	18 
1861	44 
1862	32 
1863	47 
1864	47 
1865	22 
1866	39 
1867	22 
1868	17 
1869	16 
1870	35 
1871	12 
1872	32 
1873	20 
1874	39 
1875	16 
1876	16 
1877	20 
1878	18 
1879	14 
1880	46 
1881	46 
1882	17 
1883	32 
1884	3 
1885	22 
1886	22 
1887	22 
1888	39 
1889	27 
1890	15 
1891	32 
1892	39 
1893	42 
1894	1 
1895	1 
1896	16 
1897	46 
1898	31 
1899	36 
1900	47 
1901	35 
1902	42 
1903	16 
1904	34 
1905	31 
1906	20 
1907	46 
1908	46 
1909	46 
1910	31 
1911	1 
1912	46 
1913	46 
1914	15 
1915	22 
1916	14 
1917	16 
1918	31 
1919	20 
1920	7 
1921	6 
1922	22 
1923	42 
1924	42 
1925	39 
1926	14 
1927	20 
1928	49 
1929	20 
1930	39 
1931	35 
1932	47 
1933	19 
1934	16 
1935	32 
1936	32 
1937	1 
1938	18 
1939	39 
1940	8 
1941	42 
1942	22 
1943	14 
1944	46 
1945	32 
1946	22 
1947	16 
1948	35 
1949	39 
1950	39 
1951	23 
1952	46 
1953	22 
1954	17 
1955	39 
1956	22 
1957	16 
1958	16 
1959	31 
1960	14 
1961	16 
1962	32 
1963	51 
1964	47 
1965	22 
1966	18 
1967	39 
1968	20 
1969	16 
1970	50 
1971	10 
1972	13 
1973	46 
1974	46 
1975	50 
1976	16 
1977	22 
1978	42 
1979	17 
1980	16 
1981	22 
1982	18 
1983	22 
1984	46 
1985	50 
1986	51 
1987	18 
1988	32 
1989	46 
1990	42 
1991	46 
1992	32 
1993	32 
1994	44 
1995	39 
1996	46 
1997	35 
1998	22 
1999	14 
2000	32 
2001	35 
2002	1 
2003	16 
2004	1 
2005	16 
2006	22 
2007	42 
2008	1 
2009	50 
2010	44 
2011	51 
2012	16 
2013	47 
2014	16 
2015	16 
2016	46 
2017	47 
2018	51 
2019	34 
2020	51 
2021	46 
2022	42 
2023	39 
2024	44 
2025	22 
2026	17 
2027	22 
2028	46 
2029	32 
2030	49 
2031	1 
2032	18 
2033	39 
2034	46 
2035	42 
2036	46 
2037	16 
2038	1 
2039	46 
2040	31 
2041	18 
2042	47 
2043	29 
2044	46 
2045	1 
2046	14 
2047	14 
2048	39 
2049	24 
2050	39 
2051	47 
2052	35 
2053	20 
2054	39 
2055	15 
2056	16 
2057	36 
2058	39 
2059	39 
2060	46 
2061	39 
2062	39 
2063	1 
2064	46 
2065	22 
2066	19 
2067	16 
2068	46 
2069	1 
2070	46 
2071	17 
2072	31 
2073	36 
2074	20 
2075	1 
2076	20 
2077	15 
2078	39 
2079	31 
2080	14 
2081	22 
2082	14 
2083	46 
2084	1 
2085	14 
2086	14 
2087	51 
2088	32 
2089	7 
2090	22 
2091	15 
2092	22 
2093	1 
2094	44 
2095	42 
2096	15 
2097	32 
2098	18 
2099	32 
2100	50 
2101	21 
2102	11 
2103	27 
2104	8 
2105	1 
2106	32 
2107	31 
2108	22 
2109	22 
2110	50 
2111	22 
2112	39 
2113	35 
2114	39 
2115	20 
2116	47 
2117	32 
2118	46 
2119	46 
2120	9 
2121	22 
2122	1 
2123	48 
2124	31 
2125	12 
2126	12 
2127	32 
2128	20 
2129	22 
2130	47 
2131	34 
2132	16 
2133	15 
2134	47 
2135	31 
2136	15 
2137	51 
2138	22 
2139	1 
2140	31 
2141	46 
2142	31 
2143	42 
2144	20 
2145	20 
2146	7 
2147	18 
2148	42 
2149	44 
2150	47 
2151	16 
2152	19 
2153	16 
2154	22 
2155	14 
2156	46 
2157	19 
2158	39 
2159	14 
2160	39 
2161	18 
2162	16 
2163	20 
2164	42 
2165	39 
2166	15 
2167	20 
2168	37 
2169	32 
2170	45 
2171	3 
2172	39 
2173	31 
2174	35 
2175	46 
2176	14 
2177	1 
2178	29 
2179	16 
2180	33 
2181	47 
2182	35 
2183	1 
2184	39 
2185	50 
2186	22 
2187	31 
2188	1 
2189	42 
2190	39 
2191	45 
2192	3 
2193	16 
2194	22 
2195	19 
2196	47 
2197	31 
2198	46 
2199	51 
2200	15 
2201	1 
2202	20 
2203	18 
2204	47 
2205	46 
2206	20 
2207	19 
2208	32 
2209	32 
2210	51 
2211	16 
2212	42 
2213	6 
2214	18 
2215	14 
2216	22 
2217	29 
2218	9 
2219	31 
2220	22 
2221	1 
2222	4 
2223	45 
2224	39 
2225	18 
2226	16 
2227	16 
2228	21 
2229	24 
2230	31 
2231	22 
2232	1 
2233	22 
2234	20 
2235	22 
2236	34 
2237	1 
2238	16 
2239	47 
2240	18 
2241	1 
2242	35 
2243	16 
2244	39 
2245	51 
2246	1 
2247	19 
2248	46 
2249	29 
2250	1 
2251	22 
2252	31 
2253	1 
2254	32 
2255	46 
2256	14 
2257	17 
2258	33 
2259	6 
2260	1 
2261	22 
2262	47 
2263	35 
2264	27 
2265	16 
2266	47 
2267	46 
2268	16 
2269	35 
2270	46 
2271	15 
2272	15 
2273	14 
2274	22 
2275	39 
2276	46 
2277	18 
2278	22 
2279	36 
2280	47 
2281	14 
2282	31 
2283	32 
2284	16 
2285	18 
2286	16 
2287	39 
2288	22 
2289	32 
2290	31 
2291	22 
2292	20 
2293	39 
2294	39 
2295	22 
2296	16 
2297	16 
2298	51 
2299	51 
2300	50 
2301	20 
2302	39 
2303	50 
2304	1 
2305	1 
2306	16 
2307	22 
2308	1 
2309	20 
2310	18 
2311	22 
2312	35 
2313	15 
2314	46 
2315	32 
2316	22 
2317	18 
2318	16 
2319	46 
2320	51 
2321	20 
2322	15 
2323	31 
2324	39 
2325	31 
2326	22 
2327	18 
2328	46 
2329	46 
2330	39 
2331	46 
2332	46 
2333	39 
2334	20 
2335	14 
2336	46 
2337	36 
2338	16 
2339	34 
2340	31 
2341	29 
2342	20 
2343	50 
2344	46 
2345	16 
2346	39 
2347	22 
2348	42 
2349	42 
2350	22 
2351	33 
2352	39 
2353	17 
2354	20 
2355	22 
2356	22 
2357	14 
2358	36 
2359	42 
2360	1 
2361	35 
2362	22 
2363	47 
2364	42 
2365	46 
2366	39 
2367	46 
2368	16 
2369	42 
2370	47 
2371	1 
2372	39 
2373	16 
2374	47 
2375	35 
2376	16 
2377	31 
2378	31 
2379	14 
2380	51 
2381	20 
2382	32 
2383	22 
2384	46 
2385	47 
2386	15 
2387	15 
2388	42 
2389	29 
2390	22 
2391	46 
2392	3 
2393	22 
2394	39 
2395	31 
2396	16 
2397	47 
2398	31 
2399	50 
2400	46 
2401	32 
2402	16 
2403	16 
2404	22 
2405	20 
2406	46 
2407	39 
2408	16 
2409	1 
2410	16 
2411	46 
2412	31 
2413	14 
2414	15 
2415	46 
2416	45 
2417	39 
2418	32 
2419	46 
2420	1 
2421	27 
2422	32 
2423	22 
2424	14 
2425	35 
2426	39 
2427	46 
2428	42 
2429	47 
2430	51 
2431	39 
2432	31 
2433	1 
2434	16 
2435	46 
2436	32 
2437	10 
2438	42 
2439	39 
2440	14 
2441	12 
2442	47 
2443	31 
2444	31 
2445	31 
2446	46 
2447	46 
2448	22 
2449	22 
2450	31 
2451	39 
2452	22 
2453	31 
2454	46 
2455	39 
2456	8 
2457	31 
2458	9 
2459	31 
2460	1 
2461	35 
2462	45 
2463	51 
2464	22 
2465	16 
2466	22 
2467	16 
2468	51 
2469	49 
2470	16 
2471	16 
2472	33 
2473	1 
2474	44 
2475	16 
2476	42 
2477	31 
2478	1 
2479	16 
2480	46 
2481	4 
2482	15 
2483	22 
2484	31 
2485	39 
2486	39 
2487	4 
2488	46 
2489	46 
2490	46 
2491	39 
2492	35 
2493	47 
2494	46 
2495	20 
2496	45 
2497	16 
2498	51 
2499	46 
2500	17 
2501	40 
2502	36 
2503	47 
2504	16 
2505	14 
2506	33 
2507	12 
2508	1 
2509	1 
2510	32 
2511	2 
2512	50 
2513	47 
2514	10 
2515	46 
2516	39 
2517	18 
2518	15 
2519	46 
2520	47 
2521	3 
2522	1 
2523	31 
2524	44 
2525	16 
2526	1 
2527	22 
2528	14 
2529	1 
2530	22 
2531	1 
2532	22 
2533	14 
2534	40 
2535	47 
2536	22 
2537	16 
2538	51 
2539	16 
2540	51 
2541	39 
2542	22 
2543	39 
2544	1 
2545	13 
2546	22 
2547	3 
2548	22 
2549	16 
2550	39 
2551	42 
2552	31 
2553	22 
2554	50 
2555	32 
2556	44 
2557	50 
2558	35 
2559	39 
2560	16 
2561	46 
2562	31 
2563	39 
2564	35 
2565	32 
2566	16 
2567	39 
2568	22 
2569	35 
2570	14 
2571	42 
2572	32 
2573	20 
2574	39 
2575	16 
2576	1 
2577	50 
2578	22 
2579	1 
2580	16 
2581	31 
2582	1 
2583	20 
2584	16 
2585	46 
2586	22 
2587	35 
2588	44 
2589	39 
2590	20 
2591	39 
2592	31 
2593	47 
2594	32 
2595	44 
2596	1 
2597	1 
2598	45 
2599	14 
2600	12 
2601	39 
2602	1 
2603	39 
2604	22 
2605	16 
2606	18 
2607	39 
2608	51 
2609	32 
2610	46 
2611	51 
2612	46 
2613	42 
2614	22 
2615	46 
2616	15 
2617	7 
2618	35 
2619	39 
2620	14 
2621	42 
2622	16 
2623	35 
2624	35 
2625	51 
2626	39 
2627	20 
2628	36 
2629	31 
2630	17 
2631	38 
2632	32 
2633	15 
2634	14 
2635	16 
2636	18 
2637	22 
2638	16 
2639	20 
2640	20 
2641	42 
2642	39 
2643	42 
2644	35 
2645	16 
2646	31 
2647	17 
2648	1 
2649	32 
2650	11 
2651	47 
2652	18 
2653	39 
2654	39 
2655	39 
2656	18 
2657	3 
2658	44 
2659	35 
2660	46 
2661	16 
2662	31 
2663	46 
2664	46 
2665	31 
2666	22 
2667	17 
2668	42 
2669	14 
2670	42 
2671	18 
2672	44 
2673	22 
2674	1 
2675	20 
2676	42 
2677	35 
2678	16 
2679	20 
2680	14 
2681	35 
2682	44 
2683	22 
2684	39 
2685	46 
2686	50 
2687	46 
2688	7 
2689	22 
2690	14 
2691	50 
2692	1 
2693	1 
2694	16 
2695	22 
2696	44 
2697	50 
2698	16 
2699	31 
2700	32 
2701	42 
2702	1 
2703	1 
2704	18 
2705	39 
2706	42 
2707	14 
2708	3 
2709	39 
2710	31 
2711	39 
2712	51 
2713	51 
2714	47 
2715	42 
2716	1 
2717	22 
2718	39 
2719	24 
2720	22 
2721	22 
2722	1 
2723	20 
2724	16 
2725	31 
2726	31 
2727	17 
2728	1 
2729	3 
2730	15 
2731	22 
2732	14 
2733	4 
2734	16 
2735	20 
2736	16 
2737	17 
2738	46 
2739	1 
2740	51 
2741	1 
2742	16 
2743	22 
2744	18 
2745	33 
2746	51 
2747	18 
2748	39 
2749	47 
2750	49 
2751	10 
2752	44 
2753	1 
2754	17 
2755	32 
2756	31 
2757	35 
2758	32 
2759	48 
2760	12 
2761	16 
2762	47 
2763	32 
2764	34 
2765	14 
2766	19 
2767	46 
2768	47 
2769	20 
2770	39 
2771	50 
2772	39 
2773	1 
2774	1 
2775	16 
2776	17 
2777	47 
2778	14 
2779	1 
2780	17 
2781	35 
2782	51 
2783	22 
2784	16 
2785	34 
2786	31 
2787	20 
2788	46 
2789	39 
2790	22 
2791	20 
2792	22 
2793	22 
2794	16 
2795	46 
2796	22 
2797	31 
2798	31 
2799	42 
2800	35 
2801	39 
2802	46 
2803	1 
2804	22 
2805	15 
2806	17 
2807	1 
2808	1 
2809	1 
2810	22 
2811	20 
2812	20 
2813	14 
2814	39 
2815	46 
2816	16 
2817	14 
2818	22 
2819	2 
2820	16 
2821	1 
2822	39 
2823	29 
2824	46 
2825	16 
2826	20 
2827	1 
2828	46 
2829	16 
2830	50 
2831	22 
2832	32 
2833	39 
2834	18 
2835	17 
2836	17 
2837	32 
2838	39 
2839	1 
2840	39 
2841	15 
2842	32 
2843	16 
2844	38 
2845	35 
2846	44 
2847	50 
2848	35 
2849	31 
2850	32 
2851	31 
2852	32 
2853	51 
2854	47 
2855	42 
2856	12 
2857	14 
2858	17 
2859	22 
2860	20 
2861	20 
2862	31 
2863	39 
2864	22 
2865	17 
2866	12 
2867	16 
2868	31 
2869	45 
2870	19 
2871	1 
2872	5 
2873	22 
2874	39 
2875	3 
2876	31 
2877	46 
2878	12 
2879	46 
2880	10 
2881	31 
2882	22 
2883	20 
2884	32 
2885	42 
2886	31 
2887	22 
2888	18 
2889	35 
2890	42 
2891	19 
2892	16 
2893	39 
2894	39 
2895	17 
2896	46 
2897	31 
2898	1 
2899	15 
2900	20 
2901	18 
2902	20 
2903	18 
2904	32 
2905	20 
2906	20 
2907	34 
2908	20 
2909	44 
2910	33 
2911	35 
2912	7 
2913	1 
2914	38 
2915	1 
2916	20 
2917	22 
2918	22 
2919	29 
2920	39 
2921	16 
2922	46 
2923	31 
2924	22 
2925	39 
2926	14 
2927	50 
2928	35 
2929	39 
2930	31 
2931	32 
2932	19 
2933	51 
2934	18 
2935	8 
2936	1 
2937	16 
2938	47 
2939	18 
2940	51 
2941	33 
2942	47 
2943	44 
2944	15 
2945	46 
2946	16 
2947	20 
2948	39 
2949	50 
2950	32 
2951	3 
2952	14 
2953	20 
2954	47 
2955	39 
2956	8 
2957	50 
2958	39 
2959	39 
2960	1 
2961	32 
2962	20 
2963	8 
2964	49 
2965	16 
2966	40 
2967	46 
2968	35 
2969	8 
2970	39 
2971	35 
2972	39 
2973	15 
2974	31 
2975	46 
2976	45 
2977	15 
2978	22 
2979	51 
2980	50 
2981	35 
2982	22 
2983	17 
2984	1 
2985	20 
2986	12 
2987	20 
2988	39 
2989	47 
2990	47 
2991	20 
2992	44 
2993	35 
2994	47 
2995	32 
2996	1 
2997	50 
2998	46 
2999	16 
3000	1 
3001	15 
3002	3 
3003	18 
3004	16 
3005	29 
3006	1 
3007	35 
3008	50 
3009	35 
3010	39 
3011	5 
3012	22 
3013	32 
3014	45 
3015	42 
3016	20 
3017	20 
3018	11 
3019	44 
3020	31 
3021	22 
3022	47 
3023	50 
3024	35 
3025	44 
3026	1 
3027	42 
3028	14 
3029	31 
3030	39 
3031	1 
3032	1 
3033	39 
3034	18 
3035	16 
3036	35 
3037	32 
3038	46 
3039	39 
3040	20 
3041	16 
3042	46 
3043	35 
3044	15 
3045	35 
3046	20 
3047	31 
3048	22 
3049	31 
3050	18 
3051	16 
3052	17 
3053	39 
3054	51 
3055	22 
3056	35 
3057	16 
3058	46 
3059	42 
3060	20 
3061	39 
3062	31 
3063	29 
3064	31 
3065	22 
3066	20 
3067	14 
3068	46 
3069	46 
3070	10 
3071	36 
3072	34 
3073	16 
3074	20 
3075	16 
3076	39 
3077	17 
3078	1 
3079	1 
3080	29 
3081	47 
3082	42 
3083	14 
3084	14 
3085	31 
3086	6 
3087	2 
3088	49 
3089	39 
3090	22 
3091	16 
3092	16 
3093	44 
3094	16 
3095	46 
3096	14 
3097	51 
3098	23 
3099	14 
3100	22 
3101	31 
3102	20 
3103	39 
3104	16 
3105	1 
3106	31 
3107	45 
3108	42 
3109	46 
3110	14 
3111	22 
3112	20 
3113	16 
3114	32 
3115	39 
3116	33 
3117	35 
3118	15 
3119	39 
3120	51 
3121	39 
3122	35 
3123	29 
3124	22 
3125	35 
3126	31 
3127	1 
3128	48 
3129	39 
3130	42 
3131	32 
3132	16 
3133	31 
3134	45 
3135	16 
3136	35 
3137	22 
3138	46 
3139	1 
3140	51 
3141	14 
3142	39 
3143	16 
3144	42 
3145	35 
3146	44 
3147	22 
3148	22 
3149	42 
3150	14 
3151	15 
3152	51 
3153	22 
3154	1 
3155	18 
3156	34 
3157	8 
3158	34 
3159	31 
3160	14 
3161	16 
3162	46 
3163	17 
3164	1 
3165	1 
3166	32 
3167	9 
3168	15 
3169	32 
3170	9 
3171	14 
3172	17 
3173	1 
3174	15 
3175	22 
3176	50 
3177	46 
3178	14 
3179	32 
3180	46 
3181	1 
3182	32 
3183	47 
3184	46 
3185	16 
3186	45 
3187	35 
3188	22 
3189	16 
3190	46 
3191	39 
3192	22 
3193	22 
3194	22 
3195	17 
3196	1 
3197	20 
3198	16 
3199	16 
3200	20 
3201	31 
3202	39 
3203	15 
3204	16 
3205	35 
3206	35 
3207	22 
3208	39 
3209	35 
3210	19 
3211	35 
3212	22 
3213	16 
3214	44 
3215	35 
3216	46 
3217	35 
3218	46 
3219	45 
3220	16 
3221	16 
3222	22 
3223	15 
3224	32 
3225	35 
3226	44 
3227	31 
3228	20 
3229	16 
3230	1 
3231	14 
3232	39 
3233	16 
3234	22 
3235	4 
3236	39 
3237	22 
3238	20 
3239	16 
3240	16 
3241	46 
3242	45 
3243	22 
3244	18 
3245	1 
3246	44 
3247	1 
3248	18 
3249	1 
3250	22 
3251	31 
3252	1 
3253	16 
3254	16 
3255	35 
3256	39 
3257	47 
3258	17 
3259	29 
3260	47 
3261	32 
3262	46 
3263	16 
3264	44 
3265	39 
3266	47 
3267	22 
3268	17 
3269	14 
3270	46 
3271	35 
3272	35 
3273	20 
3274	39 
3275	39 
3276	31 
3277	1 
3278	31 
3279	35 
3280	19 
3281	22 
3282	22 
3283	39 
3284	47 
3285	20 
3286	35 
3287	16 
3288	16 
3289	22 
3290	22 
3291	42 
3292	22 
3293	50 
3294	31 
3295	31 
3296	14 
3297	46 
3298	31 
3299	39 
3300	7 
3301	8 
3302	3 
3303	46 
3304	15 
3305	46 
3306	1 
3307	47 
3308	39 
3309	16 
3310	16 
3311	42 
3312	42 
3313	32 
3314	46 
3315	39 
3316	39 
3317	39 
3318	16 
3319	16 
3320	31 
3321	20 
3322	16 
3323	39 
3324	16 
3325	1 
3326	32 
3327	46 
3328	1 
3329	12 
3330	18 
3331	51 
3332	35 
3333	22 
3334	17 
3335	18 
3336	47 
3337	22 
3338	42 
3339	16 
3340	20 
3341	16 
3342	42 
3343	3 
3344	51 
3345	22 
3346	44 
3347	35 
3348	14 
3349	42 
3350	31 
3351	1 
3352	42 
3353	22 
3354	39 
3355	18 
3356	35 
3357	15 
3358	16 
3359	31 
3360	22 
3361	35 
3362	18 
3363	42 
3364	46 
3365	46 
3366	35 
3367	17 
3368	32 
3369	46 
3370	8 
3371	46 
3372	22 
3373	14 
3374	47 
3375	51 
3376	16 
3377	47 
3378	12 
3379	15 
3380	16 
3381	35 
3382	20 
3383	31 
3384	16 
3385	22 
3386	31 
3387	38 
3388	18 
3389	46 
3390	51 
3391	22 
3392	42 
3393	22 
3394	39 
3395	22 
3396	20 
3397	51 
3398	22 
3399	22 
3400	46 
3401	18 
3402	35 
3403	15 
3404	35 
3405	42 
3406	42 
3407	39 
3408	17 
3409	17 
3410	44 
3411	39 
3412	39 
3413	22 
3414	42 
3415	39 
3416	38 
3417	42 
3418	18 
3419	35 
3420	14 
3421	46 
3422	20 
3423	31 
3424	20 
3425	12 
3426	22 
3427	22 
3428	35 
3429	31 
3430	20 
3431	32 
3432	46 
3433	32 
3434	31 
3435	39 
3436	16 
3437	22 
3438	38 
3439	16 
3440	49 
3441	22 
3442	45 
3443	16 
3444	22 
3445	46 
3446	1 
3447	1 
3448	31 
3449	20 
3450	47 
3451	31 
3452	51 
3453	35 
3454	36 
3455	22 
3456	39 
3457	32 
3458	47 
3459	47 
3460	1 
3461	31 
3462	31 
3463	18 
3464	14 
3465	22 
3466	22 
3467	19 
3468	15 
3469	42 
3470	45 
3471	46 
3472	42 
3473	39 
3474	20 
3475	42 
3476	16 
3477	1 
3478	39 
3479	42 
3480	46 
3481	39 
3482	46 
3483	32 
3484	17 
3485	46 
3486	46 
3487	42 
3488	31 
3489	50 
3490	39 
3491	50 
3492	14 
3493	46 
3494	20 
3495	46 
3496	18 
3497	18 
3498	46 
3499	15 
3500	18 
3501	15 
3502	44 
3503	31 
3504	17 
3505	46 
3506	46 
3507	1 
3508	44 
3509	14 
3510	16 
3511	35 
3512	51 
3513	17 
3514	44 
3515	39 
3516	46 
3517	4 
3518	34 
3519	35 
3520	47 
3521	44 
3522	36 
3523	20 
3524	47 
3525	22 
3526	1 
3527	16 
3528	35 
3529	10 
3530	16 
3531	39 
3532	31 
3533	16 
3534	14 
3535	47 
3536	16 
3537	31 
3538	22 
3539	31 
3540	29 
3541	46 
3542	35 
3543	16 
3544	46 
3545	16 
3546	1 
3547	39 
3548	31 
3549	20 
3550	22 
3551	31 
3552	31 
3553	15 
3554	46 
3555	31 
3556	18 
3557	22 
3558	42 
3559	16 
3560	20 
3561	39 
3562	17 
3563	39 
3564	22 
3565	46 
3566	47 
3567	47 
3568	15 
3569	17 
3570	18 
3571	20 
3572	31 
3573	20 
3574	22 
3575	46 
3576	46 
3577	6 
3578	20 
3579	35 
3580	46 
3581	16 
3582	42 
3583	47 
3584	39 
3585	32 
3586	14 
3587	18 
3588	47 
3589	51 
3590	46 
3591	35 
3592	18 
3593	50 
3594	31 
3595	22 
3596	46 
3597	36 
3598	47 
3599	42 
3600	22 
3601	14 
3602	44 
3603	20 
3604	17 
3605	34 
3606	12 
3607	16 
3608	46 
3609	47 
3610	18 
3611	4 
3612	1 
3613	20 
3614	16 
3615	16 
3616	46 
3617	39 
3618	42 
3619	50 
3620	20 
3621	46 
3622	35 
3623	7 
3624	35 
3625	19 
3626	16 
3627	34 
3628	35 
3629	35 
3630	16 
3631	51 
3632	42 
3633	46 
3634	35 
3635	39 
3636	6 
3637	46 
3638	16 
3639	1 
3640	14 
3641	22 
3642	16 
3643	20 
3644	39 
3645	39 
3646	46 
3647	31 
3648	3 
3649	47 
3650	35 
3651	12 
3652	46 
3653	47 
3654	22 
3655	50 
3656	22 
3657	14 
3658	1 
3659	46 
3660	18 
3661	22 
3662	1 
3663	51 
3664	16 
3665	46 
3666	15 
3667	14 
3668	46 
3669	20 
3670	1 
3671	51 
3672	45 
3673	20 
3674	22 
3675	32 
3676	22 
3677	47 
3678	16 
3679	46 
3680	18 
3681	22 
3682	50 
3683	31 
3684	50 
3685	46 
3686	16 
3687	1 
3688	16 
3689	15 
3690	20 
3691	46 
3692	15 
3693	39 
3694	16 
3695	31 
3696	35 
3697	18 
3698	9 
3699	39 
3700	46 
3701	46 
3702	32 
3703	51 
3704	16 
3705	39 
3706	10 
3707	22 
3708	22 
3709	35 
3710	15 
3711	44 
3712	14 
3713	46 
3714	22 
3715	1 
3716	42 
3717	50 
3718	22 
3719	22 
3720	39 
3721	46 
3722	22 
3723	22 
3724	31 
3725	14 
3726	15 
3727	32 
3728	20 
3729	32 
3730	16 
3731	46 
3732	39 
3733	46 
3734	16 
3735	47 
3736	32 
3737	39 
3738	22 
3739	29 
3740	46 
3741	22 
3742	15 
3743	22 
3744	39 
3745	50 
3746	22 
3747	31 
3748	1 
3749	22 
3750	46 
3751	16 
3752	17 
3753	7 
3754	1 
3755	31 
3756	39 
3757	12 
3758	46 
3759	20 
3760	47 
3761	39 
3762	22 
3763	35 
3764	47 
3765	3 
3766	16 
3767	22 
3768	50 
3769	22 
3770	31 
3771	31 
3772	22 
3773	18 
3774	1 
3775	9 
3776	16 
3777	22 
3778	4 
3779	22 
3780	45 
3781	51 
3782	22 
3783	50 
3784	16 
3785	35 
3786	39 
3787	17 
3788	1 
3789	34 
3790	1 
3791	29 
3792	31 
3793	16 
3794	20 
3795	33 
3796	1 
3797	35 
3798	47 
3799	39 
3800	8 
3801	34 
3802	22 
3803	44 
3804	47 
3805	39 
3806	51 
3807	1 
3808	45 
3809	46 
3810	32 
3811	14 
3812	51 
3813	35 
3814	1 
3815	16 
3816	47 
3817	19 
3818	35 
3819	39 
3820	1 
3821	18 
3822	20 
3823	14 
3824	36 
3825	44 
3826	1 
3827	45 
3828	51 
3829	46 
3830	31 
3831	31 
3832	16 
3833	36 
3834	39 
3835	16 
3836	32 
3837	16 
3838	35 
3839	35 
3840	35 
3841	5 
3842	51 
3843	35 
3844	14 
3845	14 
3846	1 
3847	39 
3848	34 
3849	22 
3850	39 
3851	17 
3852	50 
3853	15 
3854	18 
3855	47 
3856	14 
3857	32 
3858	50 
3859	39 
3860	22 
3861	46 
3862	46 
3863	42 
3864	35 
3865	31 
3866	39 
3867	1 
3868	19 
3869	46 
3870	1 
3871	16 
3872	18 
3873	29 
3874	35 
3875	14 
3876	16 
3877	47 
3878	51 
3879	19 
3880	46 
3881	17 
3882	42 
3883	47 
3884	29 
3885	46 
3886	35 
3887	16 
3888	32 
3889	16 
3890	32 
3891	47 
3892	47 
3893	12 
3894	35 
3895	46 
3896	39 
3897	35 
3898	47 
3899	51 
3900	16 
3901	22 
3902	47 
3903	14 
3904	22 
3905	35 
3906	7 
3907	46 
3908	39 
3909	20 
3910	12 
3911	32 
3912	4 
3913	32 
3914	16 
3915	22 
3916	50 
3917	46 
3918	14 
3919	14 
3920	50 
3921	17 
3922	32 
3923	12 
3924	31 
3925	31 
3926	39 
3927	46 
3928	12 
3929	51 
3930	15 
3931	14 
3932	46 
3933	42 
3934	31 
3935	1 
3936	14 
3937	46 
3938	1 
3939	22 
3940	1 
3941	18 
3942	18 
3943	46 
3944	46 
3945	22 
3946	1 
3947	20 
3948	1 
3949	46 
3950	8 
3951	14 
3952	40 
3953	51 
3954	18 
3955	31 
3956	16 
3957	22 
3958	32 
3959	51 
3960	39 
3961	51 
3962	16 
3963	22 
3964	22 
3965	46 
3966	50 
3967	35 
3968	46 
3969	34 
3970	31 
3971	1 
3972	39 
3973	22 
3974	6 
3975	33 
3976	16 
3977	22 
3978	42 
3979	42 
3980	22 
3981	50 
3982	44 
3983	32 
3984	22 
3985	36 
3986	34 
3987	35 
3988	31 
3989	47 
3990	1 
3991	46 
3992	47 
3993	22 
3994	7 
3995	46 
3996	20 
3997	22 
3998	1 
3999	45 
4000	39 
4001	51 
4002	46 
4003	20 
4004	22 
4005	46 
4006	12 
4007	47 
4008	22 
4009	1 
4010	1 
4011	22 
4012	47 
4013	20 
4014	15 
4015	46 
4016	39 
4017	16 
4018	46 
4019	31 
4020	14 
4021	35 
4022	44 
4023	15 
4024	46 
4025	18 
4026	32 
4027	22 
4028	31 
4029	16 
4030	22 
4031	46 
4032	50 
4033	31 
4034	22 
4035	20 
4036	51 
4037	20 
4038	14 
4039	45 
4040	1 
4041	31 
4042	39 
4043	22 
4044	31 
4045	14 
4046	42 
4047	16 
4048	31 
4049	20 
4050	42 
4051	1 
4052	22 
4053	22 
4054	16 
4055	35 
4056	1 
4057	31 
4058	39 
4059	6 
4060	46 
4061	51 
4062	20 
4063	47 
4064	20 
4065	22 
4066	42 
4067	22 
4068	39 
4069	1 
4070	35 
4071	35 
4072	46 
4073	18 
4074	35 
4075	18 
4076	46 
4077	16 
4078	31 
4079	46 
4080	20 
4081	22 
4082	46 
4083	16 
4084	22 
4085	49 
4086	31 
4087	16 
4088	47 
4089	14 
4090	39 
4091	31 
4092	14 
4093	22 
4094	7 
4095	1 
4096	35 
4097	16 
4098	44 
4099	31 
4100	31 
4101	15 
4102	14 
4103	22 
4104	20 
4105	50 
4106	1 
4107	14 
4108	32 
4109	14 
4110	39 
4111	50 
4112	39 
4113	32 
4114	46 
4115	46 
4116	42 
4117	32 
4118	47 
4119	22 
4120	20 
4121	35 
4122	32 
4123	46 
4124	42 
4125	22 
4126	22 
4127	22 
4128	31 
4129	31 
4130	50 
4131	31 
4132	39 
4133	35 
4134	16 
4135	15 
4136	20 
4137	16 
4138	31 
4139	20 
4140	32 
4141	47 
4142	46 
4143	39 
4144	17 
4145	31 
4146	39 
4147	39 
4148	32 
4149	20 
4150	31 
4151	33 
4152	49 
4153	14 
4154	40 
4155	39 
4156	50 
4157	20 
4158	33 
4159	46 
4160	31 
4161	16 
4162	51 
4163	22 
4164	14 
4165	1 
4166	34 
4167	18 
4168	32 
4169	42 
4170	22 
4171	16 
4172	17 
4173	39 
4174	29 
4175	39 
4176	39 
4177	39 
4178	50 
4179	46 
4180	45 
4181	48 
4182	39 
4183	20 
4184	1 
4185	31 
4186	1 
4187	32 
4188	31 
4189	16 
4190	20 
4191	46 
4192	46 
4193	1 
4194	22 
4195	32 
4196	31 
4197	17 
4198	39 
4199	39 
4200	39 
4201	48 
4202	31 
4203	39 
4204	31 
4205	1 
4206	45 
4207	32 
4208	18 
4209	7 
4210	1 
4211	35 
4212	39 
4213	20 
4214	16 
4215	22 
4216	3 
4217	42 
4218	16 
4219	51 
4220	39 
4221	39 
4222	31 
4223	42 
4224	16 
4225	1 
4226	42 
4227	32 
4228	16 
4229	1 
4230	20 
4231	35 
4232	22 
4233	1 
4234	20 
4235	46 
4236	46 
4237	16 
4238	18 
4239	39 
4240	14 
4241	45 
4242	16 
4243	22 
4244	20 
4245	42 
4246	46 
4247	12 
4248	35 
4249	20 
4250	35 
4251	46 
4252	47 
4253	1 
4254	16 
4255	31 
4256	22 
4257	39 
4258	39 
4259	47 
4260	31 
4261	46 
4262	14 
4263	39 
4264	22 
4265	51 
4266	35 
4267	39 
4268	22 
4269	32 
4270	47 
4271	32 
4272	22 
4273	16 
4274	46 
4275	20 
4276	39 
4277	18 
4278	39 
4279	16 
4280	22 
4281	31 
4282	47 
4283	35 
4284	22 
4285	15 
4286	46 
4287	31 
4288	22 
4289	22 
4290	35 
4291	18 
4292	51 
4293	51 
4294	31 
4295	46 
4296	31 
4297	31 
4298	22 
4299	15 
4300	50 
4301	22 
4302	39 
4303	22 
4304	16 
4305	33 
4306	16 
4307	16 
4308	48 
4309	16 
4310	8 
4311	44 
4312	39 
4313	1 
4314	16 
4315	39 
4316	42 
4317	14 
4318	4 
4319	31 
4320	34 
4321	51 
4322	14 
4323	46 
4324	20 
4325	16 
4326	10 
4327	7 
4328	10 
4329	48 
4330	19 
4331	51 
4332	16 
4333	22 
4334	17 
4335	51 
4336	20 
4337	35 
4338	44 
4339	14 
4340	32 
4341	31 
4342	1 
4343	35 
4344	20 
4345	51 
4346	35 
4347	20 
4348	15 
4349	46 
4350	46 
4351	22 
4352	42 
4353	31 
4354	15 
4355	9 
4356	16 
4357	32 
4358	22 
4359	16 
4360	16 
4361	16 
4362	15 
4363	1 
4364	16 
4365	1 
4366	18 
4367	22 
4368	1 
4369	14 
4370	46 
4371	39 
4372	18 
4373	19 
4374	14 
4375	16 
4376	8 
4377	39 
4378	14 
4379	31 
4380	42 
4381	14 
4382	32 
4383	20 
4384	16 
4385	36 
4386	12 
4387	42 
4388	35 
4389	42 
4390	1 
4391	31 
4392	46 
4393	9 
4394	14 
4395	22 
4396	12 
4397	10 
4398	16 
4399	47 
4400	46 
4401	46 
4402	20 
4403	32 
4404	51 
4405	22 
4406	39 
4407	32 
4408	46 
4409	22 
4410	45 
4411	16 
4412	51 
4413	1 
4414	31 
4415	1 
4416	15 
4417	39 
4418	46 
4419	22 
4420	46 
4421	14 
4422	18 
4423	3 
4424	39 
4425	31 
4426	31 
4427	35 
4428	34 
4429	35 
4430	32 
4431	22 
4432	31 
4433	51 
4434	47 
4435	42 
4436	22 
4437	33 
4438	51 
4439	39 
4440	1 
4441	16 
4442	17 
4443	1 
4444	32 
4445	47 
4446	20 
4447	17 
4448	46 
4449	39 
4450	1 
4451	29 
4452	22 
4453	18 
4454	16 
4455	22 
4456	31 
4457	16 
4458	46 
4459	44 
4460	31 
4461	22 
4462	36 
4463	1 
4464	46 
4465	1 
4466	16 
4467	47 
4468	16 
4469	16 
4470	35 
4471	14 
4472	22 
4473	46 
4474	50 
4475	22 
4476	22 
4477	17 
4478	47 
4479	16 
4480	51 
4481	45 
4482	42 
4483	20 
4484	1 
4485	35 
4486	34 
4487	32 
4488	1 
4489	22 
4490	39 
4491	39 
4492	14 
4493	1 
4494	47 
4495	17 
4496	18 
4497	46 
4498	45 
4499	33 
4500	1 
4501	47 
4502	7 
4503	31 
4504	31 
4505	32 
4506	22 
4507	22 
4508	20 
4509	16 
4510	42 
4511	31 
4512	39 
4513	42 
4514	18 
4515	16 
4516	36 
4517	31 
4518	22 
4519	31 
4520	31 
4521	35 
4522	15 
4523	46 
4524	16 
4525	14 
4526	15 
4527	31 
4528	51 
4529	15 
4530	32 
4531	1 
4532	22 
4533	16 
4534	35 
4535	16 
4536	46 
4537	42 
4538	16 
4539	15 
4540	17 
4541	42 
4542	47 
4543	31 
4544	20 
4545	20 
4546	16 
4547	22 
4548	44 
4549	22 
4550	18 
4551	46 
4552	22 
4553	22 
4554	42 
4555	16 
4556	1 
4557	22 
4558	14 
4559	32 
4560	35 
4561	35 
4562	39 
4563	44 
4564	16 
4565	20 
4566	15 
4567	39 
4568	51 
4569	1 
4570	12 
4571	47 
4572	1 
4573	31 
4574	22 
4575	47 
4576	42 
4577	8 
4578	22 
4579	46 
4580	1 
4581	19 
4582	39 
4583	18 
4584	20 
4585	16 
4586	16 
4587	16 
4588	19 
4589	46 
4590	20 
4591	31 
4592	39 
4593	22 
4594	35 
4595	35 
4596	3 
4597	42 
4598	46 
4599	7 
4600	39 
4601	14 
4602	18 
4603	1 
4604	8 
4605	46 
4606	22 
4607	1 
4608	47 
4609	16 
4610	33 
4611	39 
4612	1 
4613	1 
4614	7 
4615	44 
4616	33 
4617	32 
4618	32 
4619	14 
4620	46 
4621	47 
4622	31 
4623	31 
4624	14 
4625	22 
4626	16 
4627	31 
4628	1 
4629	32 
4630	47 
4631	32 
4632	31 
4633	46 
4634	46 
4635	47 
4636	15 
4637	42 
4638	31 
4639	31 
4640	35 
4641	15 
4642	16 
4643	22 
4644	39 
4645	16 
4646	15 
4647	39 
4648	35 
4649	12 
4650	39 
4651	47 
4652	44 
4653	46 
4654	16 
4655	39 
4656	39 
4657	3 
4658	15 
4659	51 
4660	31 
4661	35 
4662	46 
4663	32 
4664	42 
4665	16 
4666	14 
4667	31 
4668	50 
4669	12 
4670	14 
4671	39 
4672	1 
4673	8 
4674	16 
4675	50 
4676	12 
4677	8 
4678	1 
4679	39 
4680	46 
4681	31 
4682	18 
4683	14 
4684	46 
4685	39 
4686	42 
4687	51 
4688	18 
4689	50 
4690	20 
4691	22 
4692	39 
4693	20 
4694	16 
4695	14 
4696	14 
4697	22 
4698	46 
4699	51 
4700	46 
4701	20 
4702	44 
4703	51 
4704	7 
4705	15 
4706	1 
4707	46 
4708	14 
4709	39 
4710	34 
4711	39 
4712	16 
4713	22 
4714	47 
4715	14 
4716	31 
4717	39 
4718	46 
4719	47 
4720	22 
4721	31 
4722	8 
4723	16 
4724	50 
4725	16 
4726	14 
4727	42 
4728	39 
4729	1 
4730	47 
4731	22 
4732	14 
4733	1 
4734	20 
4735	32 
4736	46 
4737	16 
4738	14 
4739	15 
4740	35 
4741	18 
4742	1 
4743	22 
4744	46 
4745	22 
4746	42 
4747	20 
4748	35 
4749	31 
4750	12 
4751	16 
4752	20 
4753	22 
4754	22 
4755	22 
4756	39 
4757	39 
4758	35 
4759	16 
4760	47 
4761	47 
4762	22 
4763	39 
4764	16 
4765	1 
4766	35 
4767	39 
4768	1 
4769	42 
4770	47 
4771	17 
4772	39 
4773	46 
4774	44 
4775	50 
4776	22 
4777	47 
4778	15 
4779	16 
4780	39 
4781	50 
4782	31 
4783	15 
4784	22 
4785	17 
4786	50 
4787	20 
4788	20 
4789	16 
4790	47 
4791	22 
4792	1 
4793	39 
4794	22 
4795	16 
4796	31 
4797	1 
4798	39 
4799	22 
4800	17 
4801	39 
4802	46 
4803	18 
4804	50 
4805	14 
4806	14 
4807	46 
4808	46 
4809	22 
4810	20 
4811	20 
4812	45 
4813	22 
4814	39 
4815	16 
4816	35 
4817	32 
4818	22 
4819	46 
4820	32 
4821	22 
4822	47 
4823	22 
4824	15 
4825	46 
4826	18 
4827	35 
4828	15 
4829	16 
4830	46 
4831	46 
4832	22 
4833	18 
4834	1 
4835	32 
4836	35 
4837	15 
4838	22 
4839	16 
4840	45 
4841	17 
4842	51 
4843	18 
4844	39 
4845	46 
4846	18 
4847	20 
4848	39 
4849	35 
4850	47 
4851	22 
4852	39 
4853	1 
4854	39 
4855	31 
4856	22 
4857	47 
4858	47 
4859	42 
4860	1 
4861	31 
4862	39 
4863	44 
4864	46 
4865	22 
4866	46 
4867	1 
4868	42 
4869	16 
4870	32 
4871	39 
4872	39 
4873	39 
4874	35 
4875	35 
4876	22 
4877	1 
4878	20 
4879	18 
4880	31 
4881	42 
4882	22 
4883	46 
4884	39 
4885	31 
4886	46 
4887	39 
4888	46 
4889	39 
4890	16 
4891	1 
4892	46 
4893	31 
4894	51 
4895	1 
4896	39 
4897	22 
4898	1 
4899	15 
4900	46 
4901	51 
4902	31 
4903	16 
4904	22 
4905	14 
4906	32 
4907	20 
4908	50 
4909	22 
4910	14 
4911	42 
4912	35 
4913	39 
4914	46 
4915	46 
4916	1 
4917	31 
4918	35 
4919	51 
4920	16 
4921	46 
4922	18 
4923	16 
4924	17 
4925	20 
4926	46 
4927	22 
4928	31 
4929	14 
4930	39 
4931	47 
4932	39 
4933	31 
4934	35 
4935	47 
4936	39 
4937	31 
4938	47 
4939	15 
4940	46 
4941	31 
4942	20 
4943	31 
4944	51 
4945	31 
4946	51 
4947	39 
4948	14 
4949	42 
4950	35 
4951	16 
4952	31 
4953	32 
4954	1 
4955	39 
4956	46 
4957	31 
4958	46 
4959	35 
4960	46 
4961	1 
4962	1 
4963	1 
4964	39 
4965	46 
4966	47 
4967	47 
4968	20 
4969	47 
4970	39 
4971	22 
4972	46 
4973	1 
4974	47 
4975	16 
4976	39 
4977	22 
4978	46 
4979	46 
4980	1 
4981	39 
4982	35 
4983	22 
4984	22 
4985	35 
4986	16 
4987	1 
4988	39 
4989	1 
4990	31 
4991	46 
4992	31 
4993	46 
4994	46 
4995	1 
4996	16 
4997	22 
4998	39 
4999	16 
5000	1 
