1	98 
2	45 
3	64 
4	40 
5	6 
6	6 
7	46 
8	76 
9	40 
10	16 
11	80 
12	56 
13	67 
14	46 
15	17 
16	85 
17	80 
18	98 
19	67 
20	18 
21	61 
22	64 
23	88 
24	61 
25	60 
26	95 
27	88 
28	42 
29	19 
30	98 
31	53 
32	7 
33	90 
34	69 
35	39 
36	3 
37	9 
38	58 
39	77 
40	102 
41	3 
42	21 
43	2 
44	59 
45	75 
46	66 
47	54 
48	49 
49	30 
50	53 
51	59 
52	33 
53	31 
54	81 
55	38 
56	43 
57	103 
58	72 
59	66 
60	59 
61	58 
62	18 
63	86 
64	88 
65	68 
66	13 
67	32 
68	95 
69	90 
70	47 
71	32 
72	72 
73	86 
74	19 
75	28 
76	80 
77	88 
78	24 
79	25 
80	83 
81	26 
82	41 
83	44 
84	23 
85	31 
86	58 
87	8 
88	98 
89	28 
90	45 
91	44 
92	59 
93	50 
94	45 
95	76 
96	57 
97	83 
98	59 
99	32 
100	83 
101	45 
102	81 
103	84 
104	31 
105	55 
106	46 
107	38 
108	103 
109	6 
110	30 
111	52 
112	66 
113	7 
114	15 
115	49 
116	21 
117	53 
118	82 
119	70 
120	53 
121	1 
122	84 
123	45 
124	46 
125	81 
126	43 
127	43 
128	13 
129	50 
130	76 
131	38 
132	11 
133	89 
134	61 
135	68 
136	89 
137	38 
138	92 
139	87 
140	24 
141	56 
142	67 
143	46 
144	39 
145	98 
146	87 
147	42 
148	89 
149	25 
150	13 
151	56 
152	43 
153	82 
154	78 
155	102 
156	62 
157	103 
158	61 
159	61 
160	70 
161	72 
162	21 
163	48 
164	38 
165	66 
166	96 
167	54 
168	63 
169	15 
170	61 
171	21 
172	13 
173	17 
174	67 
175	51 
176	69 
177	41 
178	74 
179	55 
180	56 
181	19 
182	102 
183	18 
184	40 
185	31 
186	76 
187	96 
188	78 
189	52 
190	92 
191	20 
192	21 
193	93 
194	31 
195	15 
196	80 
197	41 
198	65 
199	13 
200	75 
201	53 
202	26 
203	34 
204	13 
205	88 
206	7 
207	46 
208	16 
209	52 
210	72 
211	85 
212	80 
213	27 
214	75 
215	50 
216	80 
217	93 
218	97 
219	81 
220	91 
221	74 
222	89 
223	1 
224	35 
225	6 
226	88 
227	32 
228	48 
229	42 
230	38 
231	15 
232	43 
233	99 
234	46 
235	30 
236	79 
237	97 
238	101 
239	38 
240	74 
241	83 
242	69 
243	6 
244	47 
245	39 
246	37 
247	15 
248	83 
249	39 
250	82 
251	5 
252	84 
253	1 
254	43 
255	42 
256	31 
257	37 
258	30 
259	88 
260	81 
261	11 
262	57 
263	46 
264	69 
265	84 
266	38 
267	98 
268	48 
269	67 
270	25 
271	85 
272	32 
273	14 
274	54 
275	15 
276	41 
277	14 
278	71 
279	85 
280	55 
281	34 
282	70 
283	50 
284	53 
285	88 
286	79 
287	82 
288	57 
289	82 
290	80 
291	3 
292	50 
293	60 
294	21 
295	51 
296	49 
297	39 
298	68 
299	104 
300	19 
301	3 
302	30 
303	59 
304	57 
305	52 
306	37 
307	81 
308	18 
309	66 
310	27 
311	31 
312	75 
313	71 
314	31 
315	40 
316	83 
317	61 
318	1 
319	26 
320	34 
321	83 
322	66 
323	97 
324	62 
325	72 
326	10 
327	49 
328	15 
329	58 
330	32 
331	21 
332	21 
333	4 
334	40 
335	82 
336	72 
337	97 
338	14 
339	43 
340	78 
341	5 
342	90 
343	55 
344	15 
345	36 
346	49 
347	92 
348	91 
349	102 
350	80 
351	35 
352	18 
353	96 
354	9 
355	63 
356	88 
357	14 
358	21 
359	19 
360	82 
361	35 
362	43 
363	64 
364	29 
365	10 
366	17 
367	38 
368	85 
369	93 
370	102 
371	91 
372	88 
373	4 
374	53 
375	16 
376	102 
377	21 
378	6 
379	28 
380	47 
381	82 
382	45 
383	16 
384	104 
385	42 
386	64 
387	17 
388	75 
389	8 
390	19 
391	45 
392	56 
393	46 
394	38 
395	4 
396	19 
397	55 
398	60 
399	21 
400	19 
401	33 
402	5 
403	97 
404	71 
405	9 
406	57 
407	9 
408	72 
409	5 
410	35 
411	82 
412	64 
413	19 
414	58 
415	78 
416	72 
417	102 
418	92 
419	90 
420	6 
421	30 
422	88 
423	1 
424	69 
425	25 
426	60 
427	60 
428	32 
429	50 
430	8 
431	95 
432	72 
433	80 
434	31 
435	54 
436	60 
437	73 
438	20 
439	83 
440	52 
441	70 
442	61 
443	63 
444	51 
445	83 
446	37 
447	55 
448	52 
449	17 
450	12 
451	7 
452	19 
453	29 
454	90 
455	44 
456	11 
457	2 
458	87 
459	102 
460	75 
461	79 
462	63 
463	92 
464	2 
465	65 
466	30 
467	38 
468	72 
469	11 
470	15 
471	30 
472	67 
473	59 
474	50 
475	90 
476	63 
477	92 
478	24 
479	103 
480	24 
481	56 
482	42 
483	53 
484	71 
485	44 
486	30 
487	14 
488	56 
489	5 
490	9 
491	74 
492	43 
493	90 
494	92 
495	57 
496	45 
497	10 
498	24 
499	34 
500	38 
501	90 
502	35 
503	98 
504	90 
505	79 
506	15 
507	34 
508	84 
509	34 
510	84 
511	7 
512	60 
513	21 
514	71 
515	84 
516	53 
517	55 
518	67 
519	13 
520	81 
521	80 
522	85 
523	21 
524	50 
525	90 
526	64 
527	59 
528	102 
529	78 
530	45 
531	95 
532	42 
533	49 
534	61 
535	4 
536	6 
537	71 
538	7 
539	53 
540	30 
541	76 
542	15 
543	31 
544	90 
545	28 
546	83 
547	59 
548	73 
549	41 
550	30 
551	1 
552	23 
553	54 
554	14 
555	8 
556	51 
557	15 
558	21 
559	59 
560	20 
561	80 
562	76 
563	38 
564	57 
565	56 
566	62 
567	89 
568	58 
569	34 
570	60 
571	56 
572	63 
573	80 
574	72 
575	61 
576	33 
577	10 
578	63 
579	43 
580	84 
581	41 
582	59 
583	33 
584	38 
585	23 
586	80 
587	90 
588	97 
589	30 
590	47 
591	74 
592	102 
593	48 
594	89 
595	45 
596	63 
597	15 
598	55 
599	38 
600	40 
601	6 
602	82 
603	89 
604	58 
605	44 
606	14 
607	15 
608	15 
609	53 
610	59 
611	34 
612	90 
613	95 
614	84 
615	49 
616	60 
617	79 
618	45 
619	25 
620	102 
621	29 
622	28 
623	52 
624	61 
625	59 
626	59 
627	38 
628	21 
629	90 
630	53 
631	13 
632	88 
633	72 
634	69 
635	50 
636	12 
637	84 
638	41 
639	76 
640	71 
641	66 
642	55 
643	53 
644	60 
645	75 
646	78 
647	56 
648	43 
649	103 
650	7 
651	31 
652	56 
653	95 
654	46 
655	47 
656	2 
657	104 
658	18 
659	34 
660	98 
661	9 
662	44 
663	29 
664	8 
665	74 
666	56 
667	21 
668	85 
669	4 
670	13 
671	73 
672	95 
673	28 
674	2 
675	60 
676	37 
677	30 
678	13 
679	72 
680	88 
681	4 
682	17 
683	80 
684	30 
685	17 
686	71 
687	79 
688	16 
689	41 
690	28 
691	50 
692	70 
693	41 
694	50 
695	46 
696	94 
697	4 
698	72 
699	52 
700	50 
701	49 
702	10 
703	13 
704	57 
705	46 
706	61 
707	82 
708	98 
709	80 
710	21 
711	2 
712	75 
713	45 
714	88 
715	47 
716	19 
717	84 
718	73 
719	65 
720	79 
721	102 
722	31 
723	55 
724	52 
725	84 
726	46 
727	83 
728	81 
729	69 
730	82 
731	28 
732	37 
733	81 
734	66 
735	7 
736	67 
737	92 
738	74 
739	42 
740	15 
741	54 
742	81 
743	29 
744	48 
745	38 
746	84 
747	71 
748	71 
749	64 
750	21 
751	102 
752	23 
753	84 
754	48 
755	95 
756	88 
757	42 
758	56 
759	52 
760	56 
761	11 
762	99 
763	46 
764	57 
765	56 
766	6 
767	41 
768	97 
769	95 
770	64 
771	32 
772	15 
773	103 
774	19 
775	84 
776	102 
777	12 
778	35 
779	58 
780	46 
781	71 
782	38 
783	77 
784	45 
785	38 
786	38 
787	9 
788	65 
789	83 
790	83 
791	55 
792	16 
793	35 
794	61 
795	79 
796	21 
797	49 
798	2 
799	52 
800	64 
801	37 
802	81 
803	98 
804	63 
805	47 
806	60 
807	37 
808	31 
809	18 
810	102 
811	74 
812	80 
813	94 
814	53 
815	28 
816	38 
817	88 
818	31 
819	73 
820	53 
821	52 
822	95 
823	98 
824	50 
825	59 
826	60 
827	19 
828	21 
829	15 
830	4 
831	72 
832	72 
833	23 
834	60 
835	44 
836	62 
837	44 
838	101 
839	69 
840	55 
841	96 
842	56 
843	26 
844	63 
845	69 
846	58 
847	79 
848	18 
849	91 
850	50 
851	65 
852	9 
853	73 
854	102 
855	92 
856	37 
857	44 
858	39 
859	15 
860	76 
861	84 
862	68 
863	103 
864	37 
865	103 
866	27 
867	3 
868	68 
869	47 
870	4 
871	48 
872	88 
873	86 
874	67 
875	39 
876	83 
877	50 
878	27 
879	39 
880	101 
881	57 
882	19 
883	72 
884	56 
885	85 
886	93 
887	100 
888	32 
889	23 
890	103 
891	19 
892	33 
893	44 
894	100 
895	34 
896	66 
897	34 
898	3 
899	3 
900	41 
901	32 
902	5 
903	51 
904	82 
905	82 
906	43 
907	60 
908	28 
909	40 
910	18 
911	45 
912	15 
913	56 
914	14 
915	24 
916	15 
917	102 
918	38 
919	41 
920	15 
921	8 
922	85 
923	4 
924	31 
925	14 
926	46 
927	98 
928	40 
929	50 
930	26 
931	14 
932	28 
933	2 
934	19 
935	2 
936	58 
937	78 
938	99 
939	19 
940	93 
941	72 
942	59 
943	38 
944	16 
945	18 
946	75 
947	19 
948	44 
949	30 
950	10 
951	76 
952	35 
953	30 
954	9 
955	36 
956	17 
957	36 
958	25 
959	101 
960	18 
961	50 
962	104 
963	68 
964	19 
965	46 
966	7 
967	80 
968	2 
969	55 
970	31 
971	35 
972	33 
973	1 
974	53 
975	45 
976	18 
977	61 
978	19 
979	89 
980	93 
981	56 
982	54 
983	103 
984	43 
985	98 
986	98 
987	43 
988	90 
989	89 
990	90 
991	72 
992	71 
993	56 
994	7 
995	79 
996	13 
997	59 
998	85 
999	19 
1000	83 
1001	36 
1002	69 
1003	78 
1004	74 
1005	99 
1006	33 
1007	72 
1008	75 
1009	80 
1010	37 
1011	101 
1012	80 
1013	26 
1014	49 
1015	64 
1016	88 
1017	75 
1018	93 
1019	1 
1020	89 
1021	12 
1022	69 
1023	8 
1024	20 
1025	89 
1026	39 
1027	21 
1028	62 
1029	43 
1030	93 
1031	36 
1032	74 
1033	72 
1034	53 
1035	9 
1036	18 
1037	73 
1038	44 
1039	45 
1040	14 
1041	79 
1042	83 
1043	11 
1044	66 
1045	57 
1046	80 
1047	7 
1048	5 
1049	88 
1050	19 
1051	53 
1052	63 
1053	47 
1054	29 
1055	58 
1056	43 
1057	77 
1058	14 
1059	62 
1060	53 
1061	15 
1062	51 
1063	54 
1064	52 
1065	51 
1066	72 
1067	90 
1068	8 
1069	1 
1070	72 
1071	83 
1072	17 
1073	11 
1074	58 
1075	21 
1076	54 
1077	38 
1078	79 
1079	54 
1080	13 
1081	78 
1082	53 
1083	29 
1084	24 
1085	91 
1086	91 
1087	79 
1088	61 
1089	41 
1090	83 
1091	2 
1092	77 
1093	45 
1094	78 
1095	41 
1096	36 
1097	77 
1098	3 
1099	86 
1100	57 
1101	45 
1102	83 
1103	49 
1104	92 
1105	3 
1106	61 
1107	26 
1108	19 
1109	67 
1110	45 
1111	95 
1112	46 
1113	71 
1114	32 
1115	64 
1116	67 
1117	87 
1118	9 
1119	15 
1120	88 
1121	51 
1122	58 
1123	20 
1124	35 
1125	94 
1126	88 
1127	73 
1128	74 
1129	71 
1130	11 
1131	28 
1132	32 
1133	58 
1134	62 
1135	43 
1136	103 
1137	50 
1138	35 
1139	31 
1140	66 
1141	53 
1142	102 
1143	84 
1144	55 
1145	14 
1146	68 
1147	5 
1148	15 
1149	104 
1150	90 
1151	64 
1152	56 
1153	63 
1154	85 
1155	53 
1156	97 
1157	95 
1158	6 
1159	38 
1160	76 
1161	17 
1162	99 
1163	25 
1164	13 
1165	25 
1166	3 
1167	5 
1168	21 
1169	33 
1170	4 
1171	49 
1172	85 
1173	27 
1174	45 
1175	56 
1176	41 
1177	74 
1178	45 
1179	54 
1180	53 
1181	91 
1182	58 
1183	85 
1184	90 
1185	28 
1186	65 
1187	35 
1188	46 
1189	45 
1190	96 
1191	103 
1192	36 
1193	72 
1194	53 
1195	85 
1196	46 
1197	79 
1198	103 
1199	36 
1200	19 
1201	5 
1202	62 
1203	44 
1204	73 
1205	89 
1206	31 
1207	101 
1208	34 
1209	85 
1210	54 
1211	2 
1212	70 
1213	85 
1214	49 
1215	14 
1216	42 
1217	23 
1218	64 
1219	7 
1220	34 
1221	97 
1222	64 
1223	50 
1224	47 
1225	11 
1226	40 
1227	56 
1228	103 
1229	46 
1230	38 
1231	88 
1232	80 
1233	11 
1234	90 
1235	22 
1236	88 
1237	5 
1238	34 
1239	5 
1240	85 
1241	47 
1242	20 
1243	76 
1244	44 
1245	27 
1246	38 
1247	45 
1248	81 
1249	10 
1250	78 
1251	9 
1252	65 
1253	22 
1254	81 
1255	70 
1256	99 
1257	55 
1258	21 
1259	45 
1260	8 
1261	83 
1262	8 
1263	88 
1264	30 
1265	31 
1266	53 
1267	51 
1268	81 
1269	30 
1270	71 
1271	102 
1272	3 
1273	61 
1274	43 
1275	100 
1276	69 
1277	37 
1278	55 
1279	56 
1280	72 
1281	60 
1282	24 
1283	49 
1284	80 
1285	32 
1286	15 
1287	64 
1288	30 
1289	72 
1290	55 
1291	43 
1292	76 
1293	35 
1294	68 
1295	58 
1296	44 
1297	11 
1298	83 
1299	53 
1300	84 
1301	100 
1302	53 
1303	63 
1304	66 
1305	15 
1306	88 
1307	17 
1308	90 
1309	18 
1310	21 
1311	60 
1312	91 
1313	89 
1314	85 
1315	30 
1316	64 
1317	102 
1318	45 
1319	60 
1320	56 
1321	50 
1322	24 
1323	34 
1324	10 
1325	84 
1326	5 
1327	48 
1328	45 
1329	45 
1330	1 
1331	30 
1332	88 
1333	79 
1334	30 
1335	63 
1336	7 
1337	55 
1338	31 
1339	9 
1340	97 
1341	84 
1342	94 
1343	11 
1344	50 
1345	93 
1346	25 
1347	71 
1348	69 
1349	55 
1350	19 
1351	60 
1352	21 
1353	8 
1354	102 
1355	21 
1356	79 
1357	30 
1358	13 
1359	102 
1360	45 
1361	20 
1362	95 
1363	56 
1364	46 
1365	4 
1366	36 
1367	64 
1368	50 
1369	69 
1370	8 
1371	78 
1372	31 
1373	72 
1374	15 
1375	2 
1376	26 
1377	16 
1378	41 
1379	33 
1380	21 
1381	38 
1382	98 
1383	21 
1384	71 
1385	62 
1386	81 
1387	90 
1388	16 
1389	56 
1390	22 
1391	74 
1392	13 
1393	28 
1394	56 
1395	7 
1396	75 
1397	55 
1398	85 
1399	38 
1400	80 
1401	59 
1402	68 
1403	6 
1404	43 
1405	61 
1406	30 
1407	41 
1408	94 
1409	2 
1410	62 
1411	100 
1412	69 
1413	30 
1414	18 
1415	23 
1416	67 
1417	89 
1418	80 
1419	64 
1420	3 
1421	10 
1422	97 
1423	46 
1424	46 
1425	50 
1426	86 
1427	35 
1428	50 
1429	33 
1430	7 
1431	57 
1432	55 
1433	47 
1434	61 
1435	78 
1436	35 
1437	3 
1438	51 
1439	43 
1440	76 
1441	74 
1442	13 
1443	16 
1444	41 
1445	59 
1446	76 
1447	45 
1448	66 
1449	60 
1450	84 
1451	92 
1452	23 
1453	80 
1454	82 
1455	45 
1456	92 
1457	33 
1458	40 
1459	5 
1460	92 
1461	52 
1462	60 
1463	21 
1464	62 
1465	9 
1466	10 
1467	46 
1468	77 
1469	14 
1470	90 
1471	88 
1472	85 
1473	41 
1474	83 
1475	8 
1476	39 
1477	36 
1478	22 
1479	90 
1480	90 
1481	74 
1482	79 
1483	101 
1484	34 
1485	20 
1486	41 
1487	18 
1488	73 
1489	15 
1490	60 
1491	100 
1492	32 
1493	38 
1494	38 
1495	56 
1496	10 
1497	56 
1498	85 
1499	3 
1500	14 
1501	104 
1502	19 
1503	41 
1504	71 
1505	45 
1506	93 
1507	19 
1508	69 
1509	64 
1510	27 
1511	88 
1512	53 
1513	104 
1514	61 
1515	73 
1516	13 
1517	49 
1518	30 
1519	16 
1520	86 
1521	45 
1522	96 
1523	38 
1524	39 
1525	66 
1526	21 
1527	34 
1528	49 
1529	77 
1530	65 
1531	44 
1532	89 
1533	62 
1534	37 
1535	53 
1536	98 
1537	17 
1538	77 
1539	39 
1540	21 
1541	91 
1542	63 
1543	51 
1544	104 
1545	30 
1546	65 
1547	74 
1548	49 
1549	46 
1550	17 
1551	18 
1552	20 
1553	4 
1554	30 
1555	87 
1556	16 
1557	17 
1558	72 
1559	14 
1560	75 
1561	91 
1562	81 
1563	33 
1564	19 
1565	5 
1566	19 
1567	14 
1568	98 
1569	104 
1570	29 
1571	104 
1572	14 
1573	41 
1574	13 
1575	44 
1576	30 
1577	43 
1578	19 
1579	33 
1580	55 
1581	27 
1582	45 
1583	78 
1584	61 
1585	84 
1586	104 
1587	37 
1588	16 
1589	90 
1590	90 
1591	81 
1592	99 
1593	43 
1594	17 
1595	62 
1596	83 
1597	26 
1598	19 
1599	44 
1600	94 
1601	15 
1602	55 
1603	32 
1604	95 
1605	77 
1606	74 
1607	43 
1608	43 
1609	53 
1610	8 
1611	83 
1612	12 
1613	64 
1614	49 
1615	103 
1616	32 
1617	94 
1618	37 
1619	82 
1620	33 
1621	102 
1622	29 
1623	19 
1624	59 
1625	6 
1626	21 
1627	52 
1628	100 
1629	62 
1630	47 
1631	95 
1632	34 
1633	93 
1634	33 
1635	11 
1636	86 
1637	60 
1638	25 
1639	61 
1640	59 
1641	49 
1642	30 
1643	59 
1644	39 
1645	6 
1646	44 
1647	50 
1648	67 
1649	56 
1650	97 
1651	13 
1652	18 
1653	85 
1654	99 
1655	41 
1656	59 
1657	93 
1658	89 
1659	15 
1660	88 
1661	74 
1662	98 
1663	38 
1664	104 
1665	7 
1666	31 
1667	84 
1668	13 
1669	45 
1670	56 
1671	89 
1672	96 
1673	80 
1674	77 
1675	48 
1676	42 
1677	7 
1678	61 
1679	56 
1680	19 
1681	81 
1682	84 
1683	59 
1684	57 
1685	70 
1686	56 
1687	40 
1688	15 
1689	88 
1690	102 
1691	20 
1692	53 
1693	14 
1694	60 
1695	66 
1696	103 
1697	13 
1698	51 
1699	55 
1700	82 
1701	60 
1702	73 
1703	33 
1704	79 
1705	34 
1706	88 
1707	96 
1708	58 
1709	101 
1710	72 
1711	96 
1712	73 
1713	63 
1714	49 
1715	40 
1716	17 
1717	62 
1718	64 
1719	94 
1720	82 
1721	66 
1722	46 
1723	13 
1724	97 
1725	64 
1726	30 
1727	64 
1728	35 
1729	79 
1730	38 
1731	8 
1732	1 
1733	19 
1734	75 
1735	46 
1736	60 
1737	18 
1738	71 
1739	87 
1740	80 
1741	50 
1742	90 
1743	93 
1744	78 
1745	102 
1746	46 
1747	13 
1748	54 
1749	10 
1750	64 
1751	11 
1752	45 
1753	42 
1754	76 
1755	87 
1756	15 
1757	13 
1758	46 
1759	31 
1760	45 
1761	99 
1762	59 
1763	43 
1764	74 
1765	86 
1766	13 
1767	43 
1768	16 
1769	50 
1770	61 
1771	14 
1772	44 
1773	70 
1774	76 
1775	70 
1776	102 
1777	69 
1778	58 
1779	44 
1780	103 
1781	7 
1782	55 
1783	75 
1784	60 
1785	28 
1786	17 
1787	17 
1788	89 
1789	103 
1790	93 
1791	69 
1792	65 
1793	35 
1794	87 
1795	102 
1796	69 
1797	80 
1798	104 
1799	102 
1800	57 
1801	66 
1802	102 
1803	38 
1804	24 
1805	15 
1806	42 
1807	1 
1808	69 
1809	85 
1810	49 
1811	66 
1812	38 
1813	103 
1814	35 
1815	55 
1816	82 
1817	16 
1818	41 
1819	85 
1820	31 
1821	98 
1822	45 
1823	52 
1824	100 
1825	55 
1826	77 
1827	89 
1828	102 
1829	64 
1830	13 
1831	31 
1832	81 
1833	30 
1834	89 
1835	43 
1836	13 
1837	65 
1838	66 
1839	33 
1840	34 
1841	97 
1842	31 
1843	19 
1844	41 
1845	56 
1846	17 
1847	75 
1848	5 
1849	17 
1850	71 
1851	19 
1852	14 
1853	20 
1854	64 
1855	38 
1856	71 
1857	5 
1858	75 
1859	103 
1860	62 
1861	55 
1862	91 
1863	94 
1864	42 
1865	50 
1866	71 
1867	56 
1868	39 
1869	61 
1870	14 
1871	15 
1872	41 
1873	11 
1874	4 
1875	92 
1876	56 
1877	94 
1878	64 
1879	13 
1880	93 
1881	89 
1882	79 
1883	75 
1884	104 
1885	76 
1886	53 
1887	9 
1888	101 
1889	13 
1890	48 
1891	97 
1892	102 
1893	1 
1894	89 
1895	14 
1896	49 
1897	19 
1898	51 
1899	15 
1900	84 
1901	33 
1902	4 
1903	45 
1904	35 
1905	41 
1906	66 
1907	2 
1908	27 
1909	7 
1910	30 
1911	89 
1912	62 
1913	91 
1914	45 
1915	14 
1916	71 
1917	63 
1918	3 
1919	2 
1920	80 
1921	69 
1922	25 
1923	43 
1924	11 
1925	43 
1926	82 
1927	101 
1928	94 
1929	38 
1930	57 
1931	33 
1932	84 
1933	53 
1934	53 
1935	103 
1936	28 
1937	47 
1938	34 
1939	31 
1940	39 
1941	53 
1942	69 
1943	11 
1944	67 
1945	85 
1946	16 
1947	28 
1948	70 
1949	99 
1950	86 
1951	83 
1952	61 
1953	16 
1954	15 
1955	50 
1956	84 
1957	29 
1958	17 
1959	101 
1960	58 
1961	17 
1962	80 
1963	19 
1964	46 
1965	32 
1966	30 
1967	77 
1968	41 
1969	80 
1970	101 
1971	96 
1972	69 
1973	55 
1974	21 
1975	84 
1976	52 
1977	18 
1978	21 
1979	21 
1980	67 
1981	13 
1982	98 
1983	84 
1984	69 
1985	49 
1986	33 
1987	61 
1988	17 
1989	99 
1990	34 
1991	6 
1992	28 
1993	101 
1994	26 
1995	83 
1996	41 
1997	69 
1998	37 
1999	103 
2000	68 
2001	93 
2002	20 
2003	88 
2004	6 
2005	37 
2006	97 
2007	56 
2008	66 
2009	16 
2010	56 
2011	45 
2012	31 
2013	82 
2014	75 
2015	31 
2016	69 
2017	85 
2018	25 
2019	12 
2020	101 
2021	63 
2022	66 
2023	101 
2024	3 
2025	43 
2026	79 
2027	78 
2028	37 
2029	53 
2030	58 
2031	80 
2032	2 
2033	26 
2034	23 
2035	92 
2036	14 
2037	63 
2038	95 
2039	53 
2040	24 
2041	86 
2042	71 
2043	50 
2044	49 
2045	41 
2046	69 
2047	96 
2048	80 
2049	42 
2050	12 
2051	14 
2052	84 
2053	15 
2054	66 
2055	39 
2056	75 
2057	9 
2058	43 
2059	22 
2060	37 
2061	7 
2062	91 
2063	45 
2064	11 
2065	29 
2066	10 
2067	19 
2068	70 
2069	30 
2070	82 
2071	15 
2072	83 
2073	101 
2074	23 
2075	89 
2076	74 
2077	23 
2078	49 
2079	71 
2080	58 
2081	45 
2082	30 
2083	83 
2084	28 
2085	34 
2086	8 
2087	2 
2088	19 
2089	101 
2090	63 
2091	18 
2092	44 
2093	16 
2094	77 
2095	38 
2096	41 
2097	27 
2098	33 
2099	84 
2100	38 
2101	60 
2102	51 
2103	70 
2104	18 
2105	18 
2106	35 
2107	80 
2108	85 
2109	46 
2110	84 
2111	76 
2112	69 
2113	83 
2114	35 
2115	88 
2116	27 
2117	34 
2118	88 
2119	104 
2120	41 
2121	16 
2122	83 
2123	16 
2124	30 
2125	23 
2126	50 
2127	21 
2128	19 
2129	98 
2130	48 
2131	63 
2132	13 
2133	95 
2134	52 
2135	19 
2136	103 
2137	89 
2138	54 
2139	43 
2140	38 
2141	38 
2142	88 
2143	35 
2144	2 
2145	103 
2146	11 
2147	78 
2148	62 
2149	34 
2150	58 
2151	87 
2152	10 
2153	21 
2154	71 
2155	99 
2156	89 
2157	97 
2158	31 
2159	91 
2160	98 
2161	20 
2162	91 
2163	104 
2164	71 
2165	38 
2166	85 
2167	97 
2168	84 
2169	8 
2170	32 
2171	89 
2172	77 
2173	38 
2174	50 
2175	94 
2176	50 
2177	33 
2178	76 
2179	72 
2180	52 
2181	90 
2182	31 
2183	59 
2184	63 
2185	58 
2186	21 
2187	34 
2188	36 
2189	83 
2190	21 
2191	16 
2192	59 
2193	82 
2194	70 
2195	13 
2196	46 
2197	45 
2198	100 
2199	63 
2200	45 
2201	16 
2202	61 
2203	8 
2204	55 
2205	61 
2206	82 
2207	37 
2208	60 
2209	71 
2210	84 
2211	76 
2212	84 
2213	53 
2214	58 
2215	80 
2216	47 
2217	14 
2218	63 
2219	38 
2220	27 
2221	69 
2222	49 
2223	34 
2224	15 
2225	13 
2226	101 
2227	68 
2228	85 
2229	102 
2230	95 
2231	25 
2232	32 
2233	55 
2234	103 
2235	44 
2236	70 
2237	102 
2238	30 
2239	31 
2240	55 
2241	46 
2242	51 
2243	7 
2244	77 
2245	75 
2246	13 
2247	98 
2248	34 
2249	85 
2250	80 
2251	33 
2252	79 
2253	15 
2254	38 
2255	66 
2256	17 
2257	16 
2258	70 
2259	2 
2260	21 
2261	53 
2262	2 
2263	99 
2264	53 
2265	61 
2266	53 
2267	101 
2268	9 
2269	38 
2270	19 
2271	100 
2272	2 
2273	69 
2274	76 
2275	72 
2276	39 
2277	49 
2278	53 
2279	103 
2280	55 
2281	21 
2282	45 
2283	70 
2284	93 
2285	4 
2286	4 
2287	73 
2288	37 
2289	53 
2290	72 
2291	30 
2292	31 
2293	25 
2294	87 
2295	17 
2296	38 
2297	3 
2298	29 
2299	80 
2300	92 
2301	16 
2302	88 
2303	104 
2304	90 
2305	43 
2306	28 
2307	60 
2308	4 
2309	29 
2310	18 
2311	86 
2312	79 
2313	88 
2314	71 
2315	37 
2316	71 
2317	62 
2318	55 
2319	89 
2320	97 
2321	21 
2322	72 
2323	56 
2324	30 
2325	44 
2326	34 
2327	84 
2328	80 
2329	66 
2330	74 
2331	66 
2332	71 
2333	38 
2334	33 
2335	1 
2336	39 
2337	26 
2338	13 
2339	69 
2340	12 
2341	69 
2342	59 
2343	85 
2344	20 
2345	31 
2346	71 
2347	65 
2348	85 
2349	76 
2350	31 
2351	93 
2352	74 
2353	58 
2354	61 
2355	98 
2356	14 
2357	52 
2358	80 
2359	73 
2360	9 
2361	1 
2362	72 
2363	75 
2364	104 
2365	16 
2366	35 
2367	53 
2368	31 
2369	85 
2370	30 
2371	16 
2372	79 
2373	12 
2374	13 
2375	93 
2376	56 
2377	38 
2378	26 
2379	33 
2380	98 
2381	66 
2382	14 
2383	102 
2384	13 
2385	104 
2386	53 
2387	6 
2388	38 
2389	88 
2390	30 
2391	83 
2392	80 
2393	48 
2394	11 
2395	82 
2396	34 
2397	16 
2398	84 
2399	50 
2400	60 
2401	36 
2402	11 
2403	72 
2404	22 
2405	71 
2406	82 
2407	55 
2408	6 
2409	56 
2410	61 
2411	87 
2412	69 
2413	34 
2414	8 
2415	10 
2416	68 
2417	78 
2418	101 
2419	45 
2420	95 
2421	9 
2422	50 
2423	63 
2424	48 
2425	85 
2426	81 
2427	38 
2428	12 
2429	85 
2430	17 
2431	18 
2432	21 
2433	81 
2434	41 
2435	47 
2436	92 
2437	32 
2438	13 
2439	82 
2440	69 
2441	30 
2442	76 
2443	18 
2444	32 
2445	14 
2446	93 
2447	2 
2448	61 
2449	57 
2450	2 
2451	64 
2452	68 
2453	46 
2454	53 
2455	103 
2456	23 
2457	68 
2458	15 
2459	69 
2460	13 
2461	60 
2462	55 
2463	93 
2464	97 
2465	66 
2466	17 
2467	46 
2468	21 
2469	68 
2470	55 
2471	59 
2472	91 
2473	104 
2474	3 
2475	56 
2476	14 
2477	92 
2478	42 
2479	82 
2480	9 
2481	50 
2482	92 
2483	53 
2484	70 
2485	58 
2486	93 
2487	101 
2488	59 
2489	80 
2490	27 
2491	13 
2492	56 
2493	38 
2494	17 
2495	11 
2496	65 
2497	33 
2498	53 
2499	61 
2500	23 
2501	54 
2502	91 
2503	39 
2504	85 
2505	69 
2506	44 
2507	75 
2508	90 
2509	85 
2510	69 
2511	34 
2512	53 
2513	92 
2514	36 
2515	61 
2516	76 
2517	20 
2518	53 
2519	34 
2520	95 
2521	35 
2522	96 
2523	104 
2524	69 
2525	15 
2526	22 
2527	57 
2528	97 
2529	47 
2530	36 
2531	100 
2532	87 
2533	26 
2534	71 
2535	80 
2536	84 
2537	58 
2538	29 
2539	100 
2540	18 
2541	80 
2542	63 
2543	78 
2544	32 
2545	103 
2546	102 
2547	83 
2548	90 
2549	53 
2550	18 
2551	57 
2552	57 
2553	74 
2554	85 
2555	64 
2556	51 
2557	45 
2558	44 
2559	70 
2560	18 
2561	60 
2562	45 
2563	83 
2564	64 
2565	26 
2566	58 
2567	47 
2568	28 
2569	15 
2570	45 
2571	38 
2572	104 
2573	3 
2574	17 
2575	84 
2576	31 
2577	8 
2578	68 
2579	35 
2580	69 
2581	103 
2582	67 
2583	40 
2584	101 
2585	71 
2586	34 
2587	48 
2588	53 
2589	90 
2590	81 
2591	15 
2592	28 
2593	71 
2594	49 
2595	86 
2596	7 
2597	6 
2598	5 
2599	76 
2600	60 
2601	61 
2602	47 
2603	59 
2604	29 
2605	19 
2606	76 
2607	51 
2608	3 
2609	13 
2610	40 
2611	44 
2612	61 
2613	72 
2614	104 
2615	91 
2616	51 
2617	65 
2618	58 
2619	41 
2620	27 
2621	7 
2622	102 
2623	53 
2624	17 
2625	72 
2626	51 
2627	80 
2628	56 
2629	93 
2630	34 
2631	30 
2632	26 
2633	10 
2634	34 
2635	59 
2636	87 
2637	53 
2638	15 
2639	63 
2640	66 
2641	92 
2642	4 
2643	48 
2644	72 
2645	69 
2646	18 
2647	19 
2648	9 
2649	56 
2650	89 
2651	31 
2652	17 
2653	64 
2654	86 
2655	85 
2656	104 
2657	83 
2658	88 
2659	38 
2660	74 
2661	1 
2662	96 
2663	67 
2664	104 
2665	45 
2666	49 
2667	82 
2668	47 
2669	29 
2670	83 
2671	33 
2672	6 
2673	28 
2674	83 
2675	80 
2676	19 
2677	73 
2678	79 
2679	11 
2680	44 
2681	93 
2682	19 
2683	11 
2684	43 
2685	19 
2686	38 
2687	64 
2688	60 
2689	57 
2690	98 
2691	30 
2692	35 
2693	38 
2694	15 
2695	62 
2696	84 
2697	63 
2698	43 
2699	30 
2700	39 
2701	41 
2702	21 
2703	5 
2704	15 
2705	90 
2706	72 
2707	85 
2708	50 
2709	88 
2710	11 
2711	76 
2712	13 
2713	14 
2714	39 
2715	45 
2716	49 
2717	53 
2718	95 
2719	23 
2720	97 
2721	41 
2722	8 
2723	100 
2724	5 
2725	13 
2726	22 
2727	10 
2728	85 
2729	4 
2730	85 
2731	65 
2732	53 
2733	22 
2734	7 
2735	55 
2736	79 
2737	12 
2738	53 
2739	90 
2740	51 
2741	8 
2742	74 
2743	55 
2744	6 
2745	78 
2746	31 
2747	69 
2748	8 
2749	42 
2750	31 
2751	72 
2752	65 
2753	104 
2754	2 
2755	58 
2756	82 
2757	3 
2758	45 
2759	77 
2760	44 
2761	14 
2762	5 
2763	16 
2764	64 
2765	72 
2766	32 
2767	53 
2768	97 
2769	75 
2770	83 
2771	79 
2772	85 
2773	59 
2774	15 
2775	84 
2776	27 
2777	87 
2778	60 
2779	80 
2780	49 
2781	16 
2782	58 
2783	55 
2784	61 
2785	18 
2786	5 
2787	96 
2788	84 
2789	96 
2790	57 
2791	92 
2792	46 
2793	55 
2794	69 
2795	77 
2796	47 
2797	73 
2798	67 
2799	45 
2800	102 
2801	17 
2802	82 
2803	54 
2804	80 
2805	99 
2806	75 
2807	46 
2808	33 
2809	31 
2810	95 
2811	30 
2812	84 
2813	16 
2814	66 
2815	13 
2816	35 
2817	33 
2818	60 
2819	72 
2820	67 
2821	25 
2822	99 
2823	12 
2824	94 
2825	36 
2826	83 
2827	4 
2828	85 
2829	102 
2830	104 
2831	68 
2832	34 
2833	34 
2834	30 
2835	90 
2836	57 
2837	12 
2838	14 
2839	30 
2840	32 
2841	15 
2842	92 
2843	98 
2844	85 
2845	14 
2846	88 
2847	103 
2848	69 
2849	71 
2850	56 
2851	84 
2852	11 
2853	78 
2854	84 
2855	80 
2856	55 
2857	5 
2858	20 
2859	1 
2860	21 
2861	47 
2862	101 
2863	49 
2864	46 
2865	71 
2866	46 
2867	49 
2868	102 
2869	80 
2870	14 
2871	99 
2872	76 
2873	75 
2874	81 
2875	91 
2876	71 
2877	76 
2878	35 
2879	3 
2880	12 
2881	101 
2882	44 
2883	74 
2884	53 
2885	64 
2886	103 
2887	44 
2888	87 
2889	14 
2890	34 
2891	11 
2892	14 
2893	49 
2894	31 
2895	24 
2896	79 
2897	9 
2898	82 
2899	34 
2900	67 
2901	21 
2902	64 
2903	70 
2904	102 
2905	50 
2906	14 
2907	42 
2908	97 
2909	41 
2910	6 
2911	28 
2912	75 
2913	13 
2914	29 
2915	68 
2916	103 
2917	31 
2918	100 
2919	31 
2920	46 
2921	31 
2922	61 
2923	28 
2924	35 
2925	5 
2926	24 
2927	45 
2928	84 
2929	46 
2930	69 
2931	17 
2932	84 
2933	3 
2934	86 
2935	57 
2936	3 
2937	7 
2938	41 
2939	48 
2940	9 
2941	14 
2942	57 
2943	103 
2944	54 
2945	53 
2946	6 
2947	48 
2948	13 
2949	83 
2950	72 
2951	61 
2952	45 
2953	9 
2954	5 
2955	71 
2956	17 
2957	58 
2958	28 
2959	5 
2960	20 
2961	22 
2962	56 
2963	63 
2964	66 
2965	10 
2966	46 
2967	59 
2968	67 
2969	103 
2970	80 
2971	92 
2972	38 
2973	59 
2974	38 
2975	44 
2976	103 
2977	23 
2978	82 
2979	103 
2980	36 
2981	32 
2982	71 
2983	27 
2984	22 
2985	7 
2986	71 
2987	46 
2988	21 
2989	76 
2990	8 
2991	54 
2992	6 
2993	57 
2994	56 
2995	34 
2996	24 
2997	91 
2998	45 
2999	57 
3000	86 
3001	3 
3002	17 
3003	9 
3004	67 
3005	64 
3006	88 
3007	32 
3008	81 
3009	58 
3010	104 
3011	62 
3012	65 
3013	42 
3014	86 
3015	23 
3016	46 
3017	28 
3018	101 
3019	82 
3020	63 
3021	83 
3022	1 
3023	74 
3024	46 
3025	11 
3026	19 
3027	103 
3028	61 
3029	31 
3030	41 
3031	14 
3032	7 
3033	57 
3034	75 
3035	87 
3036	80 
3037	52 
3038	72 
3039	56 
3040	99 
3041	89 
3042	68 
3043	2 
3044	8 
3045	53 
3046	17 
3047	101 
3048	34 
3049	74 
3050	30 
3051	52 
3052	82 
3053	88 
3054	46 
3055	48 
3056	91 
3057	50 
3058	25 
3059	92 
3060	100 
3061	80 
3062	102 
3063	58 
3064	102 
3065	21 
3066	5 
3067	47 
3068	81 
3069	11 
3070	90 
3071	104 
3072	85 
3073	71 
3074	53 
3075	43 
3076	78 
3077	30 
3078	66 
3079	71 
3080	34 
3081	30 
3082	79 
3083	41 
3084	53 
3085	24 
3086	63 
3087	39 
3088	72 
3089	57 
3090	81 
3091	21 
3092	30 
3093	69 
3094	41 
3095	58 
3096	17 
3097	7 
3098	21 
3099	53 
3100	61 
3101	27 
3102	2 
3103	58 
3104	102 
3105	77 
3106	33 
3107	72 
3108	14 
3109	82 
3110	66 
3111	15 
3112	58 
3113	41 
3114	70 
3115	34 
3116	66 
3117	30 
3118	6 
3119	4 
3120	90 
3121	75 
3122	13 
3123	86 
3124	5 
3125	68 
3126	19 
3127	15 
3128	90 
3129	96 
3130	66 
3131	41 
3132	61 
3133	101 
3134	87 
3135	84 
3136	64 
3137	89 
3138	48 
3139	80 
3140	60 
3141	80 
3142	34 
3143	85 
3144	84 
3145	17 
3146	1 
3147	102 
3148	4 
3149	17 
3150	84 
3151	69 
3152	78 
3153	41 
3154	17 
3155	13 
3156	76 
3157	41 
3158	46 
3159	10 
3160	91 
3161	8 
3162	16 
3163	28 
3164	81 
3165	33 
3166	50 
3167	46 
3168	85 
3169	53 
3170	53 
3171	65 
3172	88 
3173	66 
3174	10 
3175	89 
3176	95 
3177	40 
3178	32 
3179	64 
3180	71 
3181	74 
3182	2 
3183	75 
3184	50 
3185	11 
3186	63 
3187	99 
3188	8 
3189	11 
3190	90 
3191	96 
3192	75 
3193	61 
3194	45 
3195	85 
3196	15 
3197	90 
3198	85 
3199	17 
3200	69 
3201	43 
3202	76 
3203	31 
3204	84 
3205	64 
3206	37 
3207	89 
3208	92 
3209	44 
3210	74 
3211	6 
3212	97 
3213	101 
3214	38 
3215	103 
3216	17 
3217	79 
3218	64 
3219	69 
3220	23 
3221	93 
3222	85 
3223	83 
3224	52 
3225	72 
3226	65 
3227	66 
3228	55 
3229	53 
3230	84 
3231	45 
3232	55 
3233	90 
3234	53 
3235	71 
3236	36 
3237	13 
3238	80 
3239	60 
3240	97 
3241	84 
3242	103 
3243	52 
3244	71 
3245	5 
3246	76 
3247	60 
3248	46 
3249	89 
3250	22 
3251	69 
3252	22 
3253	30 
3254	55 
3255	33 
3256	41 
3257	100 
3258	69 
3259	68 
3260	50 
3261	67 
3262	103 
3263	53 
3264	2 
3265	32 
3266	102 
3267	22 
3268	50 
3269	84 
3270	25 
3271	21 
3272	61 
3273	17 
3274	75 
3275	84 
3276	45 
3277	47 
3278	46 
3279	59 
3280	66 
3281	63 
3282	101 
3283	58 
3284	30 
3285	92 
3286	31 
3287	8 
3288	33 
3289	46 
3290	100 
3291	78 
3292	46 
3293	30 
3294	63 
3295	31 
3296	77 
3297	21 
3298	80 
3299	95 
3300	43 
3301	55 
3302	19 
3303	59 
3304	22 
3305	15 
3306	61 
3307	66 
3308	79 
3309	59 
3310	2 
3311	55 
3312	13 
3313	7 
3314	85 
3315	86 
3316	69 
3317	103 
3318	20 
3319	55 
3320	37 
3321	68 
3322	43 
3323	53 
3324	56 
3325	1 
3326	90 
3327	90 
3328	21 
3329	32 
3330	57 
3331	61 
3332	32 
3333	30 
3334	15 
3335	19 
3336	81 
3337	88 
3338	51 
3339	44 
3340	34 
3341	12 
3342	6 
3343	49 
3344	49 
3345	22 
3346	21 
3347	1 
3348	43 
3349	21 
3350	90 
3351	63 
3352	49 
3353	53 
3354	21 
3355	23 
3356	64 
3357	103 
3358	11 
3359	11 
3360	71 
3361	21 
3362	15 
3363	41 
3364	80 
3365	30 
3366	75 
3367	17 
3368	44 
3369	55 
3370	92 
3371	9 
3372	11 
3373	4 
3374	18 
3375	99 
3376	20 
3377	85 
3378	27 
3379	14 
3380	13 
3381	97 
3382	85 
3383	38 
3384	79 
3385	71 
3386	83 
3387	17 
3388	58 
3389	21 
3390	71 
3391	67 
3392	88 
3393	88 
3394	34 
3395	98 
3396	23 
3397	98 
3398	41 
3399	50 
3400	96 
3401	60 
3402	58 
3403	85 
3404	84 
3405	51 
3406	21 
3407	6 
3408	33 
3409	61 
3410	46 
3411	75 
3412	50 
3413	38 
3414	43 
3415	80 
3416	26 
3417	30 
3418	45 
3419	11 
3420	34 
3421	18 
3422	15 
3423	49 
3424	43 
3425	73 
3426	64 
3427	6 
3428	102 
3429	56 
3430	50 
3431	53 
3432	50 
3433	36 
3434	60 
3435	103 
3436	11 
3437	55 
3438	82 
3439	62 
3440	85 
3441	58 
3442	64 
3443	48 
3444	80 
3445	48 
3446	16 
3447	85 
3448	66 
3449	78 
3450	19 
3451	75 
3452	94 
3453	38 
3454	31 
3455	14 
3456	80 
3457	5 
3458	76 
3459	53 
3460	51 
3461	9 
3462	85 
3463	53 
3464	56 
3465	45 
3466	34 
3467	57 
3468	89 
3469	98 
3470	47 
3471	61 
3472	38 
3473	45 
3474	84 
3475	64 
3476	55 
3477	17 
3478	78 
3479	62 
3480	63 
3481	71 
3482	61 
3483	27 
3484	104 
3485	40 
3486	34 
3487	58 
3488	58 
3489	63 
3490	5 
3491	38 
3492	32 
3493	49 
3494	35 
3495	62 
3496	14 
3497	84 
3498	22 
3499	64 
3500	92 
3501	79 
3502	30 
3503	103 
3504	39 
3505	60 
3506	64 
3507	74 
3508	58 
3509	76 
3510	10 
3511	57 
3512	74 
3513	83 
3514	75 
3515	71 
3516	91 
3517	56 
3518	69 
3519	69 
3520	102 
3521	55 
3522	8 
3523	45 
3524	9 
3525	52 
3526	41 
3527	10 
3528	71 
3529	37 
3530	12 
3531	53 
3532	38 
3533	30 
3534	104 
3535	44 
3536	28 
3537	97 
3538	85 
3539	29 
3540	18 
3541	38 
3542	74 
3543	73 
3544	67 
3545	91 
3546	21 
3547	14 
3548	8 
3549	54 
3550	41 
3551	64 
3552	59 
3553	89 
3554	6 
3555	5 
3556	66 
3557	19 
3558	45 
3559	32 
3560	2 
3561	61 
3562	61 
3563	30 
3564	76 
3565	89 
3566	87 
3567	32 
3568	52 
3569	82 
3570	70 
3571	67 
3572	57 
3573	61 
3574	74 
3575	16 
3576	101 
3577	90 
3578	17 
3579	38 
3580	76 
3581	53 
3582	58 
3583	77 
3584	21 
3585	5 
3586	15 
3587	10 
3588	8 
3589	68 
3590	45 
3591	39 
3592	75 
3593	52 
3594	52 
3595	12 
3596	49 
3597	55 
3598	6 
3599	40 
3600	48 
3601	6 
3602	75 
3603	46 
3604	43 
3605	6 
3606	45 
3607	11 
3608	12 
3609	67 
3610	81 
3611	3 
3612	43 
3613	97 
3614	90 
3615	55 
3616	53 
3617	28 
3618	10 
3619	41 
3620	101 
3621	21 
3622	43 
3623	84 
3624	19 
3625	41 
3626	12 
3627	46 
3628	80 
3629	98 
3630	60 
3631	80 
3632	19 
3633	44 
3634	88 
3635	84 
3636	79 
3637	52 
3638	50 
3639	13 
3640	19 
3641	33 
3642	11 
3643	48 
3644	49 
3645	38 
3646	16 
3647	44 
3648	55 
3649	66 
3650	102 
3651	17 
3652	23 
3653	79 
3654	84 
3655	64 
3656	31 
3657	82 
3658	98 
3659	56 
3660	59 
3661	38 
3662	18 
3663	33 
3664	25 
3665	54 
3666	16 
3667	9 
3668	51 
3669	59 
3670	61 
3671	101 
3672	7 
3673	48 
3674	9 
3675	45 
3676	34 
3677	44 
3678	7 
3679	50 
3680	56 
3681	69 
3682	34 
3683	25 
3684	40 
3685	86 
3686	21 
3687	45 
3688	101 
3689	30 
3690	81 
3691	2 
3692	50 
3693	55 
3694	31 
3695	44 
3696	69 
3697	52 
3698	29 
3699	4 
3700	21 
3701	62 
3702	28 
3703	77 
3704	21 
3705	45 
3706	82 
3707	93 
3708	45 
3709	77 
3710	22 
3711	32 
3712	29 
3713	103 
3714	84 
3715	66 
3716	38 
3717	70 
3718	1 
3719	43 
3720	103 
3721	66 
3722	89 
3723	86 
3724	5 
3725	102 
3726	53 
3727	80 
3728	94 
3729	39 
3730	12 
3731	15 
3732	30 
3733	38 
3734	1 
3735	87 
3736	7 
3737	11 
3738	37 
3739	14 
3740	65 
3741	84 
3742	90 
3743	50 
3744	53 
3745	102 
3746	90 
3747	36 
3748	13 
3749	79 
3750	60 
3751	34 
3752	103 
3753	15 
3754	35 
3755	34 
3756	16 
3757	67 
3758	85 
3759	90 
3760	33 
3761	57 
3762	55 
3763	32 
3764	38 
3765	57 
3766	28 
3767	26 
3768	67 
3769	13 
3770	82 
3771	61 
3772	31 
3773	82 
3774	83 
3775	8 
3776	53 
3777	69 
3778	19 
3779	49 
3780	35 
3781	58 
3782	88 
3783	49 
3784	40 
3785	16 
3786	103 
3787	16 
3788	97 
3789	45 
3790	104 
3791	80 
3792	26 
3793	16 
3794	33 
3795	50 
3796	59 
3797	51 
3798	46 
3799	84 
3800	74 
3801	61 
3802	49 
3803	89 
3804	56 
3805	94 
3806	84 
3807	89 
3808	27 
3809	54 
3810	31 
3811	56 
3812	3 
3813	45 
3814	56 
3815	72 
3816	43 
3817	16 
3818	58 
3819	15 
3820	15 
3821	23 
3822	4 
3823	53 
3824	56 
3825	21 
3826	38 
3827	69 
3828	21 
3829	13 
3830	102 
3831	28 
3832	26 
3833	81 
3834	100 
3835	46 
3836	41 
3837	82 
3838	58 
3839	48 
3840	75 
3841	93 
3842	64 
3843	15 
3844	73 
3845	41 
3846	24 
3847	19 
3848	12 
3849	63 
3850	88 
3851	1 
3852	21 
3853	45 
3854	37 
3855	12 
3856	51 
3857	9 
3858	11 
3859	80 
3860	56 
3861	13 
3862	31 
3863	104 
3864	85 
3865	59 
3866	65 
3867	103 
3868	76 
3869	45 
3870	21 
3871	53 
3872	74 
3873	84 
3874	2 
3875	41 
3876	16 
3877	56 
3878	60 
3879	18 
3880	76 
3881	63 
3882	45 
3883	38 
3884	99 
3885	22 
3886	88 
3887	55 
3888	34 
3889	82 
3890	61 
3891	48 
3892	30 
3893	58 
3894	49 
3895	18 
3896	70 
3897	68 
3898	102 
3899	78 
3900	45 
3901	56 
3902	14 
3903	50 
3904	56 
3905	18 
3906	55 
3907	43 
3908	76 
3909	37 
3910	53 
3911	100 
3912	104 
3913	39 
3914	56 
3915	2 
3916	71 
3917	101 
3918	49 
3919	85 
3920	63 
3921	64 
3922	38 
3923	72 
3924	102 
3925	45 
3926	16 
3927	17 
3928	92 
3929	55 
3930	55 
3931	28 
3932	55 
3933	56 
3934	66 
3935	81 
3936	5 
3937	83 
3938	102 
3939	89 
3940	16 
3941	82 
3942	21 
3943	28 
3944	23 
3945	50 
3946	14 
3947	59 
3948	60 
3949	71 
3950	53 
3951	8 
3952	82 
3953	14 
3954	60 
3955	71 
3956	15 
3957	90 
3958	69 
3959	41 
3960	4 
3961	93 
3962	86 
3963	85 
3964	55 
3965	15 
3966	38 
3967	34 
3968	44 
3969	71 
3970	56 
3971	73 
3972	60 
3973	76 
3974	42 
3975	61 
3976	85 
3977	82 
3978	104 
3979	28 
3980	31 
3981	21 
3982	19 
3983	49 
3984	3 
3985	21 
3986	96 
3987	35 
3988	33 
3989	7 
3990	69 
3991	26 
3992	21 
3993	58 
3994	83 
3995	16 
3996	83 
3997	90 
3998	66 
3999	98 
4000	31 
4001	34 
4002	78 
4003	18 
4004	55 
4005	74 
4006	21 
4007	2 
4008	80 
4009	66 
4010	13 
4011	84 
4012	31 
4013	50 
4014	17 
4015	15 
4016	45 
4017	19 
4018	45 
4019	16 
4020	85 
4021	81 
4022	11 
4023	11 
4024	11 
4025	22 
4026	31 
4027	59 
4028	76 
4029	18 
4030	6 
4031	60 
4032	43 
4033	94 
4034	84 
4035	99 
4036	32 
4037	74 
4038	58 
4039	85 
4040	32 
4041	52 
4042	96 
4043	16 
4044	43 
4045	45 
4046	64 
4047	84 
4048	42 
4049	36 
4050	39 
4051	90 
4052	104 
4053	21 
4054	52 
4055	19 
4056	30 
4057	69 
4058	14 
4059	94 
4060	31 
4061	8 
4062	79 
4063	77 
4064	35 
4065	71 
4066	16 
4067	61 
4068	55 
4069	24 
4070	47 
4071	104 
4072	72 
4073	72 
4074	24 
4075	38 
4076	65 
4077	67 
4078	36 
4079	38 
4080	60 
4081	3 
4082	61 
4083	61 
4084	48 
4085	13 
4086	44 
4087	30 
4088	34 
4089	1 
4090	85 
4091	13 
4092	63 
4093	60 
4094	79 
4095	38 
4096	15 
4097	89 
4098	92 
4099	24 
4100	15 
4101	30 
4102	79 
4103	92 
4104	8 
4105	81 
4106	51 
4107	15 
4108	79 
4109	63 
4110	45 
4111	58 
4112	53 
4113	11 
4114	52 
4115	88 
4116	53 
4117	83 
4118	20 
4119	14 
4120	38 
4121	80 
4122	34 
4123	11 
4124	56 
4125	104 
4126	15 
4127	5 
4128	17 
4129	60 
4130	19 
4131	58 
4132	83 
4133	12 
4134	71 
4135	78 
4136	30 
4137	81 
4138	15 
4139	49 
4140	3 
4141	104 
4142	64 
4143	30 
4144	71 
4145	50 
4146	18 
4147	87 
4148	44 
4149	12 
4150	73 
4151	31 
4152	38 
4153	50 
4154	83 
4155	86 
4156	7 
4157	79 
4158	13 
4159	41 
4160	34 
4161	56 
4162	48 
4163	66 
4164	84 
4165	34 
4166	45 
4167	102 
4168	34 
4169	85 
4170	80 
4171	81 
4172	58 
4173	13 
4174	85 
4175	45 
4176	79 
4177	21 
4178	6 
4179	75 
4180	57 
4181	7 
4182	46 
4183	30 
4184	75 
4185	95 
4186	60 
4187	33 
4188	20 
4189	19 
4190	9 
4191	51 
4192	103 
4193	15 
4194	9 
4195	51 
4196	57 
4197	83 
4198	49 
4199	81 
4200	88 
4201	91 
4202	4 
4203	22 
4204	46 
4205	10 
4206	7 
4207	86 
4208	44 
4209	61 
4210	102 
4211	72 
4212	49 
4213	102 
4214	28 
4215	35 
4216	38 
4217	76 
4218	57 
4219	21 
4220	14 
4221	60 
4222	64 
4223	45 
4224	15 
4225	85 
4226	83 
4227	49 
4228	19 
4229	28 
4230	66 
4231	66 
4232	22 
4233	30 
4234	57 
4235	41 
4236	32 
4237	94 
4238	26 
4239	78 
4240	50 
4241	10 
4242	28 
4243	59 
4244	61 
4245	95 
4246	82 
4247	52 
4248	17 
4249	62 
4250	84 
4251	43 
4252	71 
4253	40 
4254	50 
4255	53 
4256	23 
4257	17 
4258	87 
4259	69 
4260	46 
4261	87 
4262	95 
4263	79 
4264	2 
4265	34 
4266	6 
4267	71 
4268	92 
4269	41 
4270	15 
4271	50 
4272	57 
4273	65 
4274	22 
4275	35 
4276	70 
4277	30 
4278	75 
4279	3 
4280	96 
4281	74 
4282	85 
4283	6 
4284	49 
4285	56 
4286	15 
4287	68 
4288	79 
4289	55 
4290	24 
4291	82 
4292	91 
4293	6 
4294	86 
4295	46 
4296	54 
4297	15 
4298	46 
4299	88 
4300	54 
4301	34 
4302	32 
4303	47 
4304	89 
4305	55 
4306	30 
4307	75 
4308	84 
4309	15 
4310	5 
4311	54 
4312	91 
4313	57 
4314	26 
4315	25 
4316	69 
4317	90 
4318	71 
4319	80 
4320	58 
4321	47 
4322	58 
4323	17 
4324	80 
4325	55 
4326	45 
4327	21 
4328	96 
4329	14 
4330	91 
4331	38 
4332	50 
4333	87 
4334	83 
4335	4 
4336	8 
4337	38 
4338	41 
4339	37 
4340	14 
4341	63 
4342	36 
4343	2 
4344	76 
4345	95 
4346	94 
4347	16 
4348	54 
4349	62 
4350	46 
4351	19 
4352	97 
4353	92 
4354	71 
4355	27 
4356	63 
4357	53 
4358	13 
4359	55 
4360	51 
4361	28 
4362	100 
4363	100 
4364	77 
4365	47 
4366	69 
4367	77 
4368	30 
4369	46 
4370	53 
4371	82 
4372	71 
4373	17 
4374	95 
4375	3 
4376	43 
4377	19 
4378	41 
4379	101 
4380	22 
4381	13 
4382	84 
4383	66 
4384	36 
4385	90 
4386	60 
4387	57 
4388	41 
4389	47 
4390	91 
4391	103 
4392	47 
4393	93 
4394	21 
4395	19 
4396	82 
4397	45 
4398	45 
4399	16 
4400	29 
4401	64 
4402	41 
4403	101 
4404	68 
4405	103 
4406	51 
4407	5 
4408	23 
4409	57 
4410	21 
4411	87 
4412	104 
4413	41 
4414	51 
4415	26 
4416	30 
4417	7 
4418	2 
4419	44 
4420	26 
4421	43 
4422	17 
4423	39 
4424	69 
4425	4 
4426	42 
4427	57 
4428	16 
4429	39 
4430	71 
4431	43 
4432	33 
4433	76 
4434	90 
4435	20 
4436	50 
4437	41 
4438	47 
4439	88 
4440	15 
4441	55 
4442	80 
4443	92 
4444	55 
4445	71 
4446	71 
4447	90 
4448	75 
4449	68 
4450	67 
4451	18 
4452	57 
4453	85 
4454	86 
4455	87 
4456	56 
4457	47 
4458	9 
4459	45 
4460	45 
4461	56 
4462	68 
4463	89 
4464	71 
4465	57 
4466	79 
4467	85 
4468	77 
4469	84 
4470	35 
4471	90 
4472	51 
4473	17 
4474	93 
4475	55 
4476	75 
4477	72 
4478	7 
4479	66 
4480	73 
4481	74 
4482	73 
4483	91 
4484	54 
4485	54 
4486	19 
4487	6 
4488	39 
4489	28 
4490	102 
4491	85 
4492	87 
4493	38 
4494	39 
4495	5 
4496	38 
4497	61 
4498	89 
4499	68 
4500	60 
4501	35 
4502	62 
4503	53 
4504	44 
4505	68 
4506	48 
4507	30 
4508	98 
4509	52 
4510	92 
4511	63 
4512	57 
4513	85 
4514	52 
4515	11 
4516	104 
4517	49 
4518	71 
4519	82 
4520	64 
4521	28 
4522	15 
4523	79 
4524	15 
4525	56 
4526	17 
4527	18 
4528	103 
4529	19 
4530	66 
4531	58 
4532	34 
4533	33 
4534	32 
4535	6 
4536	47 
4537	44 
4538	53 
4539	49 
4540	98 
4541	34 
4542	83 
4543	67 
4544	61 
4545	51 
4546	63 
4547	101 
4548	7 
4549	92 
4550	69 
4551	64 
4552	19 
4553	69 
4554	82 
4555	71 
4556	2 
4557	21 
4558	67 
4559	34 
4560	14 
4561	61 
4562	90 
4563	35 
4564	75 
4565	56 
4566	3 
4567	64 
4568	56 
4569	90 
4570	34 
4571	13 
4572	15 
4573	23 
4574	30 
4575	74 
4576	89 
4577	61 
4578	34 
4579	85 
4580	16 
4581	15 
4582	72 
4583	84 
4584	1 
4585	31 
4586	48 
4587	35 
4588	14 
4589	48 
4590	55 
4591	21 
4592	85 
4593	98 
4594	93 
4595	66 
4596	45 
4597	97 
4598	50 
4599	2 
4600	32 
4601	17 
4602	66 
4603	23 
4604	15 
4605	2 
4606	51 
4607	57 
4608	88 
4609	11 
4610	34 
4611	46 
4612	43 
4613	51 
4614	33 
4615	10 
4616	55 
4617	69 
4618	49 
4619	92 
4620	50 
4621	80 
4622	83 
4623	5 
4624	16 
4625	16 
4626	45 
4627	31 
4628	61 
4629	61 
4630	31 
4631	46 
4632	66 
4633	64 
4634	67 
4635	88 
4636	46 
4637	53 
4638	2 
4639	84 
4640	84 
4641	56 
4642	85 
4643	63 
4644	17 
4645	62 
4646	102 
4647	78 
4648	3 
4649	15 
4650	6 
4651	90 
4652	58 
4653	52 
4654	31 
4655	34 
4656	5 
4657	38 
4658	83 
4659	103 
4660	41 
4661	89 
4662	58 
4663	85 
4664	98 
4665	78 
4666	30 
4667	55 
4668	93 
4669	91 
4670	89 
4671	28 
4672	49 
4673	6 
4674	7 
4675	56 
4676	63 
4677	35 
4678	71 
4679	19 
4680	16 
4681	51 
4682	14 
4683	45 
4684	58 
4685	104 
4686	7 
4687	15 
4688	34 
4689	41 
4690	38 
4691	44 
4692	103 
4693	61 
4694	4 
4695	85 
4696	53 
4697	53 
4698	57 
4699	69 
4700	55 
4701	78 
4702	19 
4703	30 
4704	71 
4705	103 
4706	63 
4707	75 
4708	44 
4709	85 
4710	14 
4711	43 
4712	28 
4713	63 
4714	88 
4715	34 
4716	56 
4717	83 
4718	89 
4719	71 
4720	21 
4721	38 
4722	72 
4723	43 
4724	60 
4725	71 
4726	51 
4727	69 
4728	102 
4729	2 
4730	72 
4731	16 
4732	46 
4733	71 
4734	31 
4735	17 
4736	66 
4737	21 
4738	16 
4739	55 
4740	50 
4741	64 
4742	72 
4743	81 
4744	79 
4745	56 
4746	49 
4747	101 
4748	79 
4749	15 
4750	41 
4751	85 
4752	31 
4753	30 
4754	71 
4755	30 
4756	19 
4757	92 
4758	102 
4759	46 
4760	45 
4761	5 
4762	44 
4763	7 
4764	5 
4765	31 
4766	52 
4767	45 
4768	72 
4769	13 
4770	92 
4771	85 
4772	49 
4773	41 
4774	80 
4775	28 
4776	56 
4777	84 
4778	92 
4779	15 
4780	56 
4781	90 
4782	64 
4783	71 
4784	34 
4785	11 
4786	14 
4787	11 
4788	80 
4789	34 
4790	56 
4791	7 
4792	66 
4793	56 
4794	60 
4795	30 
4796	80 
4797	15 
4798	49 
4799	41 
4800	34 
4801	17 
4802	90 
4803	104 
4804	81 
4805	84 
4806	16 
4807	32 
4808	82 
4809	44 
4810	31 
4811	35 
4812	34 
4813	85 
4814	5 
4815	21 
4816	53 
4817	53 
4818	90 
4819	17 
4820	17 
4821	14 
4822	30 
4823	55 
4824	31 
4825	34 
4826	19 
4827	85 
4828	15 
4829	71 
4830	71 
4831	14 
4832	50 
4833	60 
4834	21 
4835	89 
4836	31 
4837	74 
4838	49 
4839	53 
4840	45 
4841	13 
4842	33 
4843	66 
4844	7 
4845	84 
4846	53 
4847	64 
4848	59 
4849	90 
4850	84 
4851	102 
4852	66 
4853	14 
4854	19 
4855	66 
4856	13 
4857	13 
4858	83 
4859	17 
4860	31 
4861	102 
4862	76 
4863	83 
4864	75 
4865	89 
4866	53 
4867	58 
4868	85 
4869	57 
4870	13 
4871	16 
4872	61 
4873	49 
4874	63 
4875	21 
4876	41 
4877	59 
4878	38 
4879	60 
4880	55 
4881	56 
4882	30 
4883	57 
4884	15 
4885	55 
4886	83 
4887	46 
4888	79 
4889	85 
4890	34 
4891	21 
4892	38 
4893	55 
4894	66 
4895	84 
4896	59 
4897	50 
4898	84 
4899	13 
4900	21 
4901	66 
4902	64 
4903	17 
4904	84 
4905	21 
4906	45 
4907	14 
4908	66 
4909	41 
4910	34 
4911	102 
4912	38 
4913	21 
4914	49 
4915	41 
4916	89 
4917	13 
4918	60 
4919	102 
4920	84 
4921	15 
4922	58 
4923	58 
4924	31 
4925	58 
4926	64 
4927	50 
4928	82 
4929	21 
4930	60 
4931	80 
4932	43 
4933	66 
4934	80 
4935	80 
4936	103 
4937	17 
4938	71 
4939	46 
4940	83 
4941	46 
4942	19 
4943	46 
4944	30 
4945	72 
4946	56 
4947	50 
4948	31 
4949	21 
4950	13 
4951	103 
4952	43 
4953	13 
4954	19 
4955	49 
4956	15 
4957	88 
4958	85 
4959	46 
4960	56 
4961	15 
4962	41 
4963	38 
4964	21 
4965	80 
4966	61 
4967	84 
4968	58 
4969	85 
4970	80 
4971	21 
4972	14 
4973	46 
4974	46 
4975	45 
4976	15 
4977	15 
4978	30 
4979	66 
4980	58 
4981	69 
4982	71 
4983	85 
4984	21 
4985	66 
4986	46 
4987	19 
4988	13 
4989	15 
4990	80 
4991	85 
4992	84 
4993	84 
4994	50 
4995	31 
4996	30 
4997	38 
4998	13 
4999	71 
5000	69 
