1	39 
2	1 
3	31 
4	24 
5	39 
6	46 
7	20 
8	34 
9	18 
10	16 
11	16 
12	3 
13	3 
14	12 
15	7 
16	6 
17	35 
18	6 
19	35 
20	40 
21	18 
22	35 
23	32 
24	39 
25	12 
26	32 
27	31 
28	46 
29	25 
30	31 
31	45 
32	37 
33	16 
34	42 
35	35 
36	31 
37	31 
38	14 
39	46 
40	41 
41	18 
42	44 
43	31 
44	3 
45	46 
46	35 
47	7 
48	42 
49	16 
50	15 
51	20 
52	16 
53	16 
54	31 
55	22 
56	39 
57	39 
58	46 
59	28 
60	32 
61	18 
62	16 
63	36 
64	39 
65	16 
66	18 
67	22 
68	1 
69	6 
70	14 
71	41 
72	39 
73	17 
74	21 
75	16 
76	16 
77	21 
78	46 
79	20 
80	46 
81	20 
82	42 
83	16 
84	17 
85	31 
86	39 
87	19 
88	40 
89	15 
90	44 
91	2 
92	15 
93	6 
94	28 
95	9 
96	42 
97	14 
98	42 
99	22 
100	22 
101	44 
102	1 
103	16 
104	46 
105	31 
106	22 
107	25 
108	42 
109	46 
110	15 
111	14 
112	2 
113	16 
114	16 
115	46 
116	14 
117	31 
118	32 
119	31 
120	8 
121	42 
122	46 
123	1 
124	42 
125	1 
126	16 
127	22 
128	22 
129	39 
130	46 
131	32 
132	39 
133	46 
134	43 
135	42 
136	22 
137	29 
138	22 
139	22 
140	39 
141	46 
142	32 
143	46 
144	16 
145	19 
146	20 
147	30 
148	22 
149	1 
150	32 
151	18 
152	46 
153	33 
154	32 
155	46 
156	1 
157	31 
158	15 
159	45 
160	27 
161	20 
162	32 
163	9 
164	44 
165	9 
166	20 
167	31 
168	34 
169	22 
170	42 
171	8 
172	22 
173	42 
174	46 
175	46 
176	1 
177	31 
178	17 
179	25 
180	15 
181	17 
182	15 
183	22 
184	25 
185	16 
186	39 
187	20 
188	16 
189	46 
190	39 
191	46 
192	31 
193	35 
194	33 
195	36 
196	16 
197	31 
198	3 
199	32 
200	46 
201	35 
202	15 
203	46 
204	39 
205	20 
206	35 
207	22 
208	39 
209	6 
210	31 
211	20 
212	46 
213	46 
214	36 
215	22 
216	45 
217	32 
218	32 
219	18 
220	39 
221	46 
222	44 
223	1 
224	46 
225	22 
226	1 
227	16 
228	35 
229	46 
230	14 
231	20 
232	22 
233	7 
234	19 
235	18 
236	30 
237	39 
238	15 
239	46 
240	18 
241	44 
242	24 
243	45 
244	45 
245	24 
246	1 
247	7 
248	1 
249	9 
250	46 
251	1 
252	16 
253	15 
254	35 
255	7 
256	15 
257	19 
258	18 
259	46 
260	15 
261	28 
262	14 
263	1 
264	42 
265	22 
266	32 
267	22 
268	14 
269	16 
270	46 
271	43 
272	35 
273	1 
274	1 
275	26 
276	42 
277	19 
278	8 
279	14 
280	14 
281	32 
282	1 
283	16 
284	39 
285	16 
286	31 
287	18 
288	44 
289	1 
290	22 
291	18 
292	31 
293	31 
294	12 
295	19 
296	46 
297	31 
298	22 
299	16 
300	22 
301	18 
302	35 
303	15 
304	35 
305	39 
306	35 
307	31 
308	15 
309	16 
310	31 
311	31 
312	39 
313	46 
314	20 
315	1 
316	24 
317	1 
318	5 
319	22 
320	22 
321	37 
322	1 
323	46 
324	31 
325	32 
326	14 
327	1 
328	26 
329	6 
330	16 
331	35 
332	34 
333	31 
334	31 
335	1 
336	46 
337	32 
338	14 
339	39 
340	46 
341	46 
342	35 
343	1 
344	35 
345	39 
346	37 
347	46 
348	22 
349	5 
350	16 
351	17 
352	14 
353	42 
354	1 
355	39 
356	39 
357	39 
358	7 
359	20 
360	18 
361	16 
362	14 
363	22 
364	42 
365	6 
366	40 
367	39 
368	15 
369	35 
370	39 
371	39 
372	34 
373	15 
374	42 
375	22 
376	35 
377	31 
378	46 
379	39 
380	20 
381	16 
382	23 
383	22 
384	16 
385	16 
386	22 
387	31 
388	46 
389	16 
390	17 
391	12 
392	14 
393	32 
394	9 
395	30 
396	44 
397	14 
398	35 
399	16 
400	35 
401	34 
402	42 
403	16 
404	16 
405	22 
406	18 
407	22 
408	36 
409	37 
410	1 
411	34 
412	39 
413	39 
414	44 
415	22 
416	14 
417	20 
418	16 
419	3 
420	10 
421	16 
422	10 
423	22 
424	39 
425	46 
426	39 
427	8 
428	22 
429	32 
430	22 
431	1 
432	46 
433	22 
434	39 
435	5 
436	46 
437	16 
438	35 
439	35 
440	1 
441	41 
442	1 
443	41 
444	16 
445	22 
446	16 
447	6 
448	20 
449	17 
450	6 
451	14 
452	14 
453	42 
454	1 
455	1 
456	18 
457	32 
458	22 
459	16 
460	46 
461	32 
462	20 
463	1 
464	16 
465	45 
466	22 
467	44 
468	14 
469	36 
470	16 
471	28 
472	15 
473	14 
474	39 
475	18 
476	31 
477	46 
478	8 
479	42 
480	4 
481	46 
482	18 
483	39 
484	42 
485	20 
486	32 
487	5 
488	27 
489	42 
490	14 
491	32 
492	16 
493	46 
494	22 
495	32 
496	31 
497	1 
498	35 
499	12 
500	32 
501	39 
502	22 
503	34 
504	1 
505	25 
506	42 
507	32 
508	16 
509	20 
510	8 
511	9 
512	16 
513	22 
514	1 
515	35 
516	39 
517	1 
518	22 
519	15 
520	42 
521	27 
522	39 
523	39 
524	14 
525	46 
526	1 
527	29 
528	46 
529	35 
530	32 
531	17 
532	35 
533	10 
534	20 
535	35 
536	44 
537	46 
538	20 
539	22 
540	9 
541	22 
542	1 
543	31 
544	40 
545	35 
546	39 
547	46 
548	22 
549	22 
550	16 
551	7 
552	35 
553	42 
554	32 
555	14 
556	32 
557	14 
558	32 
559	42 
560	46 
561	39 
562	1 
563	31 
564	39 
565	20 
566	19 
567	1 
568	36 
569	1 
570	1 
571	19 
572	35 
573	13 
574	6 
575	14 
576	1 
577	36 
578	31 
579	20 
580	46 
581	22 
582	39 
583	6 
584	46 
585	20 
586	35 
587	35 
588	22 
589	29 
590	16 
591	1 
592	20 
593	20 
594	31 
595	1 
596	18 
597	17 
598	19 
599	22 
600	20 
601	1 
602	42 
603	16 
604	17 
605	19 
606	31 
607	35 
608	16 
609	44 
610	29 
611	3 
612	39 
613	14 
614	22 
615	22 
616	46 
617	1 
618	45 
619	20 
620	46 
621	14 
622	26 
623	46 
624	15 
625	22 
626	35 
627	1 
628	1 
629	20 
630	1 
631	22 
632	22 
633	31 
634	34 
635	35 
636	17 
637	41 
638	32 
639	38 
640	16 
641	35 
642	39 
643	22 
644	20 
645	14 
646	33 
647	16 
648	31 
649	16 
650	46 
651	12 
652	15 
653	33 
654	16 
655	2 
656	31 
657	22 
658	16 
659	39 
660	22 
661	16 
662	8 
663	22 
664	14 
665	22 
666	22 
667	1 
668	20 
669	22 
670	18 
671	46 
672	35 
673	16 
674	31 
675	22 
676	1 
677	22 
678	16 
679	31 
680	22 
681	16 
682	16 
683	1 
684	12 
685	6 
686	46 
687	39 
688	39 
689	22 
690	46 
691	35 
692	31 
693	13 
694	46 
695	42 
696	16 
697	46 
698	17 
699	1 
700	14 
701	42 
702	43 
703	10 
704	46 
705	1 
706	1 
707	16 
708	29 
709	16 
710	1 
711	43 
712	32 
713	46 
714	22 
715	16 
716	46 
717	40 
718	21 
719	20 
720	8 
721	22 
722	16 
723	46 
724	1 
725	22 
726	22 
727	12 
728	32 
729	39 
730	46 
731	39 
732	16 
733	18 
734	22 
735	39 
736	20 
737	22 
738	6 
739	31 
740	18 
741	17 
742	14 
743	4 
744	14 
745	31 
746	22 
747	16 
748	13 
749	26 
750	18 
751	26 
752	37 
753	12 
754	19 
755	31 
756	46 
757	15 
758	29 
759	18 
760	22 
761	15 
762	46 
763	22 
764	23 
765	46 
766	13 
767	46 
768	33 
769	1 
770	46 
771	10 
772	15 
773	44 
774	14 
775	29 
776	32 
777	1 
778	46 
779	30 
780	8 
781	39 
782	39 
783	32 
784	31 
785	1 
786	46 
787	44 
788	46 
789	31 
790	39 
791	35 
792	16 
793	22 
794	35 
795	46 
796	38 
797	1 
798	6 
799	16 
800	31 
801	15 
802	31 
803	35 
804	39 
805	35 
806	28 
807	1 
808	22 
809	31 
810	46 
811	30 
812	46 
813	32 
814	12 
815	1 
816	31 
817	9 
818	12 
819	32 
820	22 
821	35 
822	46 
823	20 
824	1 
825	32 
826	32 
827	39 
828	45 
829	14 
830	16 
831	1 
832	39 
833	31 
834	31 
835	1 
836	15 
837	15 
838	22 
839	3 
840	17 
841	10 
842	35 
843	15 
844	1 
845	22 
846	22 
847	18 
848	31 
849	20 
850	20 
851	15 
852	42 
853	46 
854	39 
855	3 
856	42 
857	32 
858	9 
859	39 
860	22 
861	14 
862	35 
863	39 
864	22 
865	22 
866	19 
867	1 
868	18 
869	22 
870	21 
871	1 
872	14 
873	14 
874	19 
875	31 
876	6 
877	16 
878	16 
879	18 
880	15 
881	33 
882	1 
883	9 
884	42 
885	45 
886	22 
887	38 
888	7 
889	18 
890	16 
891	18 
892	31 
893	22 
894	31 
895	46 
896	22 
897	15 
898	35 
899	1 
900	6 
901	16 
902	22 
903	44 
904	16 
905	39 
906	14 
907	31 
908	22 
909	16 
910	17 
911	16 
912	46 
913	42 
914	32 
915	35 
916	31 
917	22 
918	1 
919	46 
920	42 
921	16 
922	19 
923	42 
924	39 
925	14 
926	39 
927	44 
928	16 
929	9 
930	14 
931	39 
932	15 
933	39 
934	46 
935	44 
936	22 
937	15 
938	32 
939	33 
940	39 
941	15 
942	1 
943	46 
944	46 
945	14 
946	32 
947	20 
948	39 
949	35 
950	31 
951	22 
952	39 
953	39 
954	12 
955	12 
956	32 
957	46 
958	20 
959	31 
960	7 
961	39 
962	16 
963	35 
964	39 
965	46 
966	20 
967	39 
968	10 
969	39 
970	14 
971	39 
972	22 
973	39 
974	39 
975	16 
976	6 
977	36 
978	46 
979	31 
980	35 
981	20 
982	32 
983	16 
984	6 
985	42 
986	42 
987	46 
988	46 
989	12 
990	20 
991	39 
992	16 
993	22 
994	22 
995	20 
996	22 
997	12 
998	39 
999	20 
1000	31 
1001	31 
1002	29 
1003	20 
1004	1 
1005	17 
1006	46 
1007	17 
1008	14 
1009	32 
1010	35 
1011	31 
1012	17 
1013	20 
1014	31 
1015	20 
1016	16 
1017	35 
1018	39 
1019	39 
1020	16 
1021	46 
1022	46 
1023	22 
1024	22 
1025	1 
1026	46 
1027	16 
1028	20 
1029	22 
1030	31 
1031	17 
1032	39 
1033	20 
1034	44 
1035	39 
1036	22 
1037	16 
1038	22 
1039	3 
1040	35 
1041	31 
1042	31 
1043	6 
1044	35 
1045	31 
1046	39 
1047	1 
1048	7 
1049	22 
1050	16 
1051	16 
1052	31 
1053	16 
1054	31 
1055	16 
1056	35 
1057	46 
1058	22 
1059	44 
1060	46 
1061	33 
1062	20 
1063	46 
1064	1 
1065	38 
1066	39 
1067	22 
1068	1 
1069	20 
1070	22 
1071	42 
1072	9 
1073	42 
1074	20 
1075	14 
1076	18 
1077	39 
1078	31 
1079	1 
1080	22 
1081	39 
1082	31 
1083	32 
1084	39 
1085	14 
1086	37 
1087	32 
1088	20 
1089	39 
1090	35 
1091	44 
1092	39 
1093	32 
1094	22 
1095	22 
1096	22 
1097	46 
1098	20 
1099	20 
1100	1 
1101	45 
1102	32 
1103	16 
1104	46 
1105	35 
1106	20 
1107	18 
1108	22 
1109	20 
1110	1 
1111	17 
1112	7 
1113	46 
1114	16 
1115	29 
1116	12 
1117	35 
1118	20 
1119	5 
1120	14 
1121	15 
1122	16 
1123	42 
1124	31 
1125	20 
1126	1 
1127	3 
1128	14 
1129	22 
1130	18 
1131	17 
1132	16 
1133	17 
1134	15 
1135	1 
1136	16 
1137	32 
1138	39 
1139	39 
1140	20 
1141	20 
1142	32 
1143	46 
1144	46 
1145	46 
1146	44 
1147	39 
1148	14 
1149	16 
1150	18 
1151	13 
1152	22 
1153	45 
1154	20 
1155	34 
1156	1 
1157	46 
1158	22 
1159	14 
1160	39 
1161	14 
1162	3 
1163	42 
1164	39 
1165	15 
1166	12 
1167	12 
1168	39 
1169	16 
1170	39 
1171	42 
1172	18 
1173	7 
1174	1 
1175	31 
1176	39 
1177	32 
1178	31 
1179	16 
1180	6 
1181	15 
1182	32 
1183	35 
1184	16 
1185	1 
1186	46 
1187	31 
1188	7 
1189	20 
1190	15 
1191	16 
1192	1 
1193	14 
1194	40 
1195	39 
1196	8 
1197	1 
1198	42 
1199	39 
1200	46 
1201	46 
1202	22 
1203	1 
1204	46 
1205	15 
1206	17 
1207	23 
1208	22 
1209	45 
1210	35 
1211	15 
1212	42 
1213	16 
1214	29 
1215	34 
1216	14 
1217	31 
1218	31 
1219	39 
1220	34 
1221	18 
1222	32 
1223	35 
1224	22 
1225	32 
1226	31 
1227	39 
1228	1 
1229	39 
1230	32 
1231	18 
1232	22 
1233	22 
1234	10 
1235	31 
1236	1 
1237	16 
1238	46 
1239	29 
1240	16 
1241	34 
1242	1 
1243	20 
1244	31 
1245	31 
1246	15 
1247	29 
1248	16 
1249	16 
1250	46 
1251	38 
1252	44 
1253	32 
1254	44 
1255	31 
1256	3 
1257	45 
1258	15 
1259	16 
1260	15 
1261	14 
1262	5 
1263	22 
1264	20 
1265	22 
1266	42 
1267	22 
1268	16 
1269	1 
1270	14 
1271	9 
1272	22 
1273	32 
1274	16 
1275	22 
1276	31 
1277	45 
1278	1 
1279	31 
1280	46 
1281	20 
1282	36 
1283	1 
1284	42 
1285	22 
1286	22 
1287	44 
1288	22 
1289	1 
1290	45 
1291	46 
1292	22 
1293	31 
1294	18 
1295	20 
1296	14 
1297	15 
1298	22 
1299	14 
1300	32 
1301	5 
1302	20 
1303	35 
1304	29 
1305	1 
1306	42 
1307	44 
1308	15 
1309	33 
1310	22 
1311	15 
1312	22 
1313	13 
1314	39 
1315	44 
1316	6 
1317	14 
1318	42 
1319	15 
1320	31 
1321	35 
1322	31 
1323	32 
1324	35 
1325	31 
1326	39 
1327	29 
1328	35 
1329	20 
1330	39 
1331	34 
1332	16 
1333	1 
1334	31 
1335	16 
1336	46 
1337	35 
1338	22 
1339	39 
1340	46 
1341	39 
1342	42 
1343	39 
1344	16 
1345	22 
1346	46 
1347	22 
1348	39 
1349	33 
1350	31 
1351	46 
1352	16 
1353	46 
1354	21 
1355	22 
1356	18 
1357	20 
1358	39 
1359	22 
1360	39 
1361	22 
1362	32 
1363	22 
1364	22 
1365	16 
1366	24 
1367	32 
1368	14 
1369	42 
1370	16 
1371	39 
1372	22 
1373	4 
1374	39 
1375	1 
1376	16 
1377	35 
1378	31 
1379	39 
1380	6 
1381	17 
1382	46 
1383	45 
1384	17 
1385	46 
1386	15 
1387	39 
1388	17 
1389	20 
1390	31 
1391	29 
1392	14 
1393	4 
1394	1 
1395	39 
1396	39 
1397	42 
1398	22 
1399	46 
1400	35 
1401	31 
1402	42 
1403	16 
1404	1 
1405	42 
1406	18 
1407	31 
1408	39 
1409	3 
1410	39 
1411	23 
1412	46 
1413	32 
1414	46 
1415	1 
1416	39 
1417	18 
1418	46 
1419	16 
1420	14 
1421	31 
1422	42 
1423	16 
1424	42 
1425	20 
1426	12 
1427	1 
1428	46 
1429	8 
1430	20 
1431	18 
1432	31 
1433	13 
1434	16 
1435	1 
1436	31 
1437	29 
1438	20 
1439	16 
1440	15 
1441	46 
1442	46 
1443	42 
1444	45 
1445	14 
1446	27 
1447	12 
1448	31 
1449	46 
1450	18 
1451	16 
1452	17 
1453	39 
1454	17 
1455	35 
1456	38 
1457	46 
1458	17 
1459	35 
1460	34 
1461	35 
1462	46 
1463	46 
1464	16 
1465	31 
1466	46 
1467	12 
1468	29 
1469	23 
1470	18 
1471	14 
1472	12 
1473	36 
1474	16 
1475	20 
1476	46 
1477	39 
1478	31 
1479	35 
1480	44 
1481	32 
1482	39 
1483	31 
1484	39 
1485	20 
1486	44 
1487	43 
1488	22 
1489	20 
1490	32 
1491	31 
1492	9 
1493	19 
1494	45 
1495	4 
1496	38 
1497	8 
1498	43 
1499	46 
1500	22 
1501	46 
1502	32 
1503	39 
1504	22 
1505	44 
1506	29 
1507	44 
1508	17 
1509	1 
1510	32 
1511	12 
1512	31 
1513	8 
1514	31 
1515	46 
1516	17 
1517	40 
1518	11 
1519	32 
1520	8 
1521	16 
1522	16 
1523	27 
1524	6 
1525	22 
1526	22 
1527	16 
1528	35 
1529	29 
1530	32 
1531	32 
1532	31 
1533	46 
1534	31 
1535	2 
1536	42 
1537	35 
1538	46 
1539	18 
1540	31 
1541	36 
1542	3 
1543	22 
1544	45 
1545	22 
1546	16 
1547	4 
1548	1 
1549	39 
1550	35 
1551	22 
1552	16 
1553	1 
1554	20 
1555	44 
1556	31 
1557	31 
1558	4 
1559	39 
1560	16 
1561	1 
1562	20 
1563	20 
1564	15 
1565	35 
1566	22 
1567	19 
1568	15 
1569	22 
1570	36 
1571	1 
1572	46 
1573	1 
1574	16 
1575	34 
1576	1 
1577	31 
1578	14 
1579	31 
1580	35 
1581	5 
1582	15 
1583	16 
1584	39 
1585	18 
1586	6 
1587	16 
1588	18 
1589	22 
1590	35 
1591	21 
1592	15 
1593	6 
1594	5 
1595	22 
1596	33 
1597	1 
1598	1 
1599	7 
1600	22 
1601	22 
1602	20 
1603	24 
1604	36 
1605	42 
1606	14 
1607	32 
1608	1 
1609	46 
1610	44 
1611	39 
1612	12 
1613	39 
1614	39 
1615	42 
1616	31 
1617	8 
1618	46 
1619	31 
1620	22 
1621	14 
1622	16 
1623	46 
1624	3 
1625	31 
1626	1 
1627	1 
1628	16 
1629	46 
1630	39 
1631	1 
1632	39 
1633	46 
1634	39 
1635	46 
1636	1 
1637	31 
1638	16 
1639	14 
1640	35 
1641	15 
1642	33 
1643	32 
1644	22 
1645	22 
1646	36 
1647	19 
1648	15 
1649	15 
1650	20 
1651	31 
1652	20 
1653	15 
1654	33 
1655	46 
1656	46 
1657	39 
1658	46 
1659	35 
1660	22 
1661	39 
1662	35 
1663	31 
1664	20 
1665	22 
1666	12 
1667	15 
1668	31 
1669	32 
1670	46 
1671	16 
1672	1 
1673	8 
1674	14 
1675	22 
1676	46 
1677	24 
1678	22 
1679	31 
1680	46 
1681	35 
1682	31 
1683	1 
1684	4 
1685	16 
1686	18 
1687	46 
1688	14 
1689	42 
1690	22 
1691	39 
1692	32 
1693	18 
1694	20 
1695	18 
1696	32 
1697	15 
1698	35 
1699	44 
1700	20 
1701	35 
1702	22 
1703	35 
1704	32 
1705	16 
1706	22 
1707	42 
1708	16 
1709	32 
1710	35 
1711	1 
1712	22 
1713	16 
1714	34 
1715	22 
1716	39 
1717	44 
1718	13 
1719	32 
1720	46 
1721	16 
1722	35 
1723	17 
1724	14 
1725	16 
1726	33 
1727	22 
1728	1 
1729	20 
1730	36 
1731	46 
1732	17 
1733	39 
1734	1 
1735	22 
1736	3 
1737	31 
1738	39 
1739	32 
1740	7 
1741	39 
1742	18 
1743	16 
1744	1 
1745	20 
1746	31 
1747	39 
1748	3 
1749	22 
1750	3 
1751	22 
1752	46 
1753	16 
1754	44 
1755	31 
1756	22 
1757	18 
1758	22 
1759	35 
1760	6 
1761	36 
1762	39 
1763	31 
1764	32 
1765	46 
1766	22 
1767	8 
1768	35 
1769	39 
1770	14 
1771	9 
1772	22 
1773	6 
1774	15 
1775	31 
1776	29 
1777	2 
1778	46 
1779	46 
1780	31 
1781	31 
1782	11 
1783	31 
1784	44 
1785	42 
1786	22 
1787	31 
1788	18 
1789	44 
1790	42 
1791	34 
1792	35 
1793	31 
1794	22 
1795	31 
1796	22 
1797	22 
1798	14 
1799	22 
1800	46 
1801	31 
1802	16 
1803	46 
1804	16 
1805	16 
1806	35 
1807	42 
1808	14 
1809	16 
1810	22 
1811	35 
1812	46 
1813	22 
1814	18 
1815	31 
1816	18 
1817	32 
1818	31 
1819	16 
1820	1 
1821	22 
1822	14 
1823	39 
1824	38 
1825	46 
1826	35 
1827	35 
1828	29 
1829	20 
1830	16 
1831	42 
1832	31 
1833	14 
1834	15 
1835	12 
1836	39 
1837	39 
1838	39 
1839	46 
1840	44 
1841	11 
1842	11 
1843	22 
1844	35 
1845	46 
1846	31 
1847	32 
1848	1 
1849	14 
1850	16 
1851	31 
1852	22 
1853	18 
1854	46 
1855	19 
1856	22 
1857	5 
1858	32 
1859	23 
1860	46 
1861	46 
1862	16 
1863	22 
1864	37 
1865	18 
1866	35 
1867	15 
1868	44 
1869	38 
1870	16 
1871	35 
1872	40 
1873	16 
1874	20 
1875	46 
1876	1 
1877	45 
1878	20 
1879	33 
1880	16 
1881	17 
1882	16 
1883	17 
1884	36 
1885	22 
1886	39 
1887	16 
1888	42 
1889	35 
1890	33 
1891	18 
1892	14 
1893	16 
1894	35 
1895	45 
1896	32 
1897	16 
1898	36 
1899	46 
1900	22 
1901	9 
1902	14 
1903	42 
1904	46 
1905	33 
1906	16 
1907	46 
1908	39 
1909	1 
1910	32 
1911	4 
1912	14 
1913	22 
1914	42 
1915	22 
1916	20 
1917	20 
1918	42 
1919	19 
1920	6 
1921	3 
1922	39 
1923	16 
1924	1 
1925	36 
1926	32 
1927	32 
1928	39 
1929	15 
1930	46 
1931	1 
1932	39 
1933	35 
1934	18 
1935	22 
1936	22 
1937	11 
1938	36 
1939	1 
1940	46 
1941	46 
1942	31 
1943	32 
1944	16 
1945	16 
1946	46 
1947	39 
1948	44 
1949	42 
1950	3 
1951	15 
1952	46 
1953	8 
1954	22 
1955	46 
1956	42 
1957	20 
1958	22 
1959	46 
1960	45 
1961	35 
1962	18 
1963	39 
1964	22 
1965	16 
1966	1 
1967	31 
1968	16 
1969	24 
1970	6 
1971	46 
1972	18 
1973	14 
1974	20 
1975	39 
1976	31 
1977	31 
1978	32 
1979	18 
1980	29 
1981	16 
1982	14 
1983	42 
1984	10 
1985	46 
1986	29 
1987	15 
1988	34 
1989	35 
1990	15 
1991	42 
1992	17 
1993	46 
1994	32 
1995	14 
1996	46 
1997	27 
1998	8 
1999	40 
2000	16 
2001	42 
2002	16 
2003	35 
2004	17 
2005	16 
2006	1 
2007	16 
2008	15 
2009	1 
2010	8 
2011	18 
2012	35 
2013	16 
2014	46 
2015	22 
2016	20 
2017	18 
2018	31 
2019	39 
2020	46 
2021	14 
2022	20 
2023	20 
2024	39 
2025	20 
2026	42 
2027	20 
2028	16 
2029	31 
2030	18 
2031	44 
2032	14 
2033	45 
2034	46 
2035	31 
2036	35 
2037	45 
2038	39 
2039	1 
2040	14 
2041	45 
2042	16 
2043	15 
2044	35 
2045	14 
2046	20 
2047	39 
2048	35 
2049	31 
2050	1 
2051	42 
2052	31 
2053	16 
2054	31 
2055	22 
2056	1 
2057	16 
2058	46 
2059	16 
2060	40 
2061	1 
2062	31 
2063	34 
2064	46 
2065	44 
2066	1 
2067	18 
2068	46 
2069	1 
2070	35 
2071	16 
2072	16 
2073	46 
2074	32 
2075	12 
2076	31 
2077	29 
2078	12 
2079	1 
2080	14 
2081	1 
2082	20 
2083	16 
2084	1 
2085	32 
2086	18 
2087	1 
2088	46 
2089	18 
2090	1 
2091	35 
2092	34 
2093	39 
2094	33 
2095	8 
2096	39 
2097	19 
2098	1 
2099	18 
2100	16 
2101	39 
2102	46 
2103	35 
2104	39 
2105	18 
2106	17 
2107	22 
2108	44 
2109	39 
2110	14 
2111	39 
2112	46 
2113	6 
2114	20 
2115	22 
2116	46 
2117	18 
2118	32 
2119	14 
2120	46 
2121	1 
2122	17 
2123	31 
2124	45 
2125	35 
2126	35 
2127	1 
2128	42 
2129	18 
2130	16 
2131	33 
2132	1 
2133	31 
2134	19 
2135	38 
2136	6 
2137	18 
2138	5 
2139	14 
2140	16 
2141	20 
2142	35 
2143	14 
2144	14 
2145	31 
2146	31 
2147	22 
2148	32 
2149	42 
2150	16 
2151	1 
2152	3 
2153	31 
2154	36 
2155	22 
2156	42 
2157	17 
2158	16 
2159	31 
2160	17 
2161	22 
2162	46 
2163	27 
2164	40 
2165	18 
2166	20 
2167	32 
2168	31 
2169	31 
2170	16 
2171	44 
2172	14 
2173	14 
2174	39 
2175	42 
2176	46 
2177	8 
2178	39 
2179	14 
2180	22 
2181	44 
2182	32 
2183	16 
2184	22 
2185	7 
2186	22 
2187	22 
2188	16 
2189	14 
2190	22 
2191	1 
2192	15 
2193	1 
2194	39 
2195	14 
2196	20 
2197	31 
2198	35 
2199	1 
2200	32 
2201	39 
2202	44 
2203	32 
2204	42 
2205	19 
2206	22 
2207	39 
2208	46 
2209	42 
2210	35 
2211	16 
2212	18 
2213	14 
2214	32 
2215	42 
2216	8 
2217	20 
2218	29 
2219	45 
2220	14 
2221	32 
2222	16 
2223	39 
2224	22 
2225	22 
2226	33 
2227	1 
2228	18 
2229	46 
2230	16 
2231	14 
2232	39 
2233	39 
2234	31 
2235	18 
2236	20 
2237	32 
2238	46 
2239	35 
2240	16 
2241	17 
2242	44 
2243	14 
2244	35 
2245	18 
2246	42 
2247	35 
2248	39 
2249	6 
2250	46 
2251	18 
2252	31 
2253	42 
2254	46 
2255	42 
2256	8 
2257	22 
2258	32 
2259	12 
2260	46 
2261	14 
2262	39 
2263	15 
2264	44 
2265	10 
2266	39 
2267	4 
2268	39 
2269	46 
2270	39 
2271	31 
2272	22 
2273	39 
2274	46 
2275	42 
2276	10 
2277	18 
2278	3 
2279	46 
2280	18 
2281	45 
2282	31 
2283	15 
2284	42 
2285	2 
2286	46 
2287	15 
2288	2 
2289	22 
2290	16 
2291	46 
2292	39 
2293	46 
2294	40 
2295	46 
2296	20 
2297	15 
2298	22 
2299	14 
2300	4 
2301	42 
2302	4 
2303	39 
2304	44 
2305	42 
2306	16 
2307	39 
2308	12 
2309	5 
2310	6 
2311	1 
2312	46 
2313	15 
2314	14 
2315	16 
2316	16 
2317	31 
2318	14 
2319	22 
2320	31 
2321	18 
2322	32 
2323	20 
2324	46 
2325	8 
2326	35 
2327	1 
2328	31 
2329	24 
2330	29 
2331	32 
2332	34 
2333	39 
2334	39 
2335	31 
2336	18 
2337	18 
2338	1 
2339	17 
2340	14 
2341	20 
2342	45 
2343	15 
2344	7 
2345	1 
2346	39 
2347	1 
2348	19 
2349	22 
2350	22 
2351	33 
2352	14 
2353	39 
2354	44 
2355	45 
2356	42 
2357	15 
2358	31 
2359	46 
2360	16 
2361	31 
2362	22 
2363	36 
2364	14 
2365	12 
2366	16 
2367	35 
2368	20 
2369	39 
2370	31 
2371	16 
2372	1 
2373	42 
2374	1 
2375	31 
2376	45 
2377	31 
2378	39 
2379	16 
2380	20 
2381	42 
2382	15 
2383	22 
2384	1 
2385	39 
2386	31 
2387	46 
2388	32 
2389	46 
2390	22 
2391	15 
2392	31 
2393	46 
2394	31 
2395	31 
2396	1 
2397	22 
2398	1 
2399	46 
2400	29 
2401	46 
2402	14 
2403	22 
2404	15 
2405	42 
2406	39 
2407	16 
2408	46 
2409	39 
2410	22 
2411	3 
2412	36 
2413	35 
2414	39 
2415	14 
2416	42 
2417	14 
2418	35 
2419	35 
2420	42 
2421	3 
2422	20 
2423	15 
2424	22 
2425	22 
2426	1 
2427	39 
2428	35 
2429	35 
2430	14 
2431	1 
2432	31 
2433	27 
2434	46 
2435	22 
2436	6 
2437	9 
2438	2 
2439	31 
2440	39 
2441	16 
2442	22 
2443	32 
2444	31 
2445	1 
2446	39 
2447	33 
2448	31 
2449	16 
2450	42 
2451	23 
2452	39 
2453	42 
2454	22 
2455	16 
2456	14 
2457	32 
2458	14 
2459	1 
2460	35 
2461	46 
2462	32 
2463	35 
2464	39 
2465	16 
2466	12 
2467	11 
2468	16 
2469	17 
2470	46 
2471	4 
2472	18 
2473	31 
2474	45 
2475	22 
2476	14 
2477	22 
2478	16 
2479	27 
2480	46 
2481	24 
2482	5 
2483	39 
2484	16 
2485	31 
2486	31 
2487	34 
2488	17 
2489	20 
2490	18 
2491	17 
2492	1 
2493	16 
2494	1 
2495	40 
2496	42 
2497	16 
2498	31 
2499	34 
2500	22 
2501	1 
2502	22 
2503	4 
2504	16 
2505	14 
2506	42 
2507	16 
2508	22 
2509	15 
2510	14 
2511	1 
2512	1 
2513	15 
2514	20 
2515	1 
2516	33 
2517	32 
2518	32 
2519	16 
2520	16 
2521	46 
2522	12 
2523	15 
2524	1 
2525	34 
2526	12 
2527	42 
2528	39 
2529	22 
2530	44 
2531	18 
2532	10 
2533	7 
2534	22 
2535	20 
2536	12 
2537	1 
2538	20 
2539	35 
2540	7 
2541	1 
2542	22 
2543	18 
2544	16 
2545	9 
2546	16 
2547	8 
2548	31 
2549	1 
2550	31 
2551	31 
2552	31 
2553	1 
2554	22 
2555	22 
2556	16 
2557	14 
2558	14 
2559	18 
2560	32 
2561	22 
2562	31 
2563	1 
2564	20 
2565	22 
2566	16 
2567	1 
2568	31 
2569	39 
2570	15 
2571	16 
2572	42 
2573	16 
2574	42 
2575	45 
2576	16 
2577	22 
2578	20 
2579	31 
2580	39 
2581	1 
2582	46 
2583	46 
2584	31 
2585	42 
2586	14 
2587	45 
2588	15 
2589	16 
2590	18 
2591	17 
2592	44 
2593	22 
2594	17 
2595	32 
2596	46 
2597	46 
2598	7 
2599	18 
2600	39 
2601	46 
2602	42 
2603	39 
2604	42 
2605	31 
2606	39 
2607	31 
2608	22 
2609	46 
2610	1 
2611	22 
2612	36 
2613	46 
2614	42 
2615	33 
2616	18 
2617	1 
2618	39 
2619	34 
2620	22 
2621	22 
2622	35 
2623	39 
2624	22 
2625	39 
2626	16 
2627	46 
2628	39 
2629	14 
2630	1 
2631	22 
2632	14 
2633	33 
2634	19 
2635	20 
2636	3 
2637	14 
2638	18 
2639	1 
2640	44 
2641	46 
2642	20 
2643	22 
2644	32 
2645	22 
2646	1 
2647	1 
2648	8 
2649	16 
2650	16 
2651	39 
2652	22 
2653	32 
2654	31 
2655	31 
2656	22 
2657	45 
2658	16 
2659	44 
2660	20 
2661	39 
2662	39 
2663	31 
2664	34 
2665	14 
2666	1 
2667	46 
2668	22 
2669	20 
2670	1 
2671	33 
2672	22 
2673	44 
2674	5 
2675	39 
2676	14 
2677	31 
2678	22 
2679	35 
2680	16 
2681	1 
2682	42 
2683	31 
2684	35 
2685	35 
2686	20 
2687	1 
2688	35 
2689	22 
2690	17 
2691	39 
2692	38 
2693	44 
2694	22 
2695	16 
2696	16 
2697	46 
2698	46 
2699	15 
2700	44 
2701	32 
2702	14 
2703	6 
2704	39 
2705	23 
2706	16 
2707	22 
2708	18 
2709	16 
2710	42 
2711	46 
2712	20 
2713	46 
2714	18 
2715	16 
2716	42 
2717	32 
2718	1 
2719	20 
2720	1 
2721	16 
2722	14 
2723	39 
2724	35 
2725	18 
2726	22 
2727	31 
2728	31 
2729	46 
2730	18 
2731	33 
2732	39 
2733	17 
2734	31 
2735	16 
2736	31 
2737	16 
2738	9 
2739	46 
2740	22 
2741	22 
2742	22 
2743	31 
2744	14 
2745	8 
2746	14 
2747	45 
2748	16 
2749	31 
2750	14 
2751	31 
2752	1 
2753	31 
2754	22 
2755	22 
2756	31 
2757	42 
2758	17 
2759	22 
2760	35 
2761	45 
2762	46 
2763	22 
2764	42 
2765	16 
2766	35 
2767	14 
2768	16 
2769	16 
2770	22 
2771	39 
2772	39 
2773	16 
2774	14 
2775	46 
2776	39 
2777	44 
2778	7 
2779	14 
2780	15 
2781	14 
2782	35 
2783	17 
2784	33 
2785	46 
2786	42 
2787	20 
2788	14 
2789	16 
2790	7 
2791	20 
2792	39 
2793	1 
2794	22 
2795	22 
2796	32 
2797	16 
2798	32 
2799	35 
2800	19 
2801	6 
2802	35 
2803	12 
2804	22 
2805	33 
2806	22 
2807	1 
2808	16 
2809	33 
2810	7 
2811	46 
2812	14 
2813	31 
2814	22 
2815	31 
2816	17 
2817	17 
2818	35 
2819	17 
2820	32 
2821	22 
2822	34 
2823	16 
2824	35 
2825	14 
2826	17 
2827	22 
2828	5 
2829	46 
2830	35 
2831	20 
2832	36 
2833	33 
2834	39 
2835	16 
2836	35 
2837	39 
2838	18 
2839	22 
2840	46 
2841	46 
2842	46 
2843	20 
2844	44 
2845	42 
2846	46 
2847	34 
2848	16 
2849	8 
2850	31 
2851	16 
2852	1 
2853	19 
2854	31 
2855	15 
2856	15 
2857	42 
2858	42 
2859	15 
2860	1 
2861	16 
2862	44 
2863	20 
2864	31 
2865	22 
2866	20 
2867	39 
2868	4 
2869	4 
2870	20 
2871	46 
2872	33 
2873	44 
2874	34 
2875	1 
2876	22 
2877	35 
2878	1 
2879	10 
2880	16 
2881	46 
2882	14 
2883	39 
2884	46 
2885	22 
2886	46 
2887	16 
2888	44 
2889	39 
2890	22 
2891	3 
2892	14 
2893	16 
2894	39 
2895	46 
2896	39 
2897	35 
2898	1 
2899	35 
2900	39 
2901	32 
2902	22 
2903	46 
2904	42 
2905	16 
2906	20 
2907	39 
2908	44 
2909	32 
2910	32 
2911	16 
2912	39 
2913	39 
2914	46 
2915	22 
2916	39 
2917	38 
2918	20 
2919	32 
2920	42 
2921	16 
2922	31 
2923	46 
2924	12 
2925	46 
2926	45 
2927	42 
2928	29 
2929	29 
2930	14 
2931	22 
2932	39 
2933	1 
2934	20 
2935	1 
2936	1 
2937	34 
2938	20 
2939	16 
2940	12 
2941	22 
2942	29 
2943	46 
2944	31 
2945	22 
2946	15 
2947	14 
2948	20 
2949	14 
2950	14 
2951	16 
2952	42 
2953	16 
2954	14 
2955	44 
2956	35 
2957	46 
2958	20 
2959	3 
2960	11 
2961	39 
2962	46 
2963	16 
2964	31 
2965	31 
2966	35 
2967	1 
2968	46 
2969	1 
2970	1 
2971	20 
2972	5 
2973	20 
2974	1 
2975	9 
2976	14 
2977	1 
2978	35 
2979	20 
2980	42 
2981	16 
2982	32 
2983	35 
2984	22 
2985	32 
2986	46 
2987	46 
2988	31 
2989	39 
2990	1 
2991	46 
2992	32 
2993	16 
2994	20 
2995	33 
2996	22 
2997	39 
2998	39 
2999	10 
3000	42 
3001	35 
3002	20 
3003	22 
3004	19 
3005	46 
3006	32 
3007	46 
3008	39 
3009	18 
3010	18 
3011	15 
3012	46 
3013	46 
3014	32 
3015	22 
3016	1 
3017	39 
3018	15 
3019	11 
3020	42 
3021	7 
3022	22 
3023	17 
3024	22 
3025	22 
3026	17 
3027	42 
3028	31 
3029	22 
3030	7 
3031	1 
3032	46 
3033	16 
3034	17 
3035	16 
3036	38 
3037	14 
3038	20 
3039	46 
3040	35 
3041	32 
3042	31 
3043	20 
3044	33 
3045	22 
3046	14 
3047	12 
3048	39 
3049	14 
3050	22 
3051	32 
3052	14 
3053	39 
3054	46 
3055	44 
3056	32 
3057	5 
3058	31 
3059	17 
3060	39 
3061	12 
3062	39 
3063	29 
3064	22 
3065	8 
3066	16 
3067	16 
3068	35 
3069	24 
3070	1 
3071	46 
3072	15 
3073	34 
3074	1 
3075	14 
3076	6 
3077	15 
3078	22 
3079	15 
3080	35 
3081	39 
3082	31 
3083	16 
3084	46 
3085	18 
3086	45 
3087	22 
3088	39 
3089	39 
3090	8 
3091	39 
3092	42 
3093	39 
3094	7 
3095	36 
3096	16 
3097	46 
3098	16 
3099	39 
3100	15 
3101	16 
3102	8 
3103	46 
3104	16 
3105	15 
3106	14 
3107	39 
3108	16 
3109	14 
3110	35 
3111	44 
3112	32 
3113	20 
3114	11 
3115	39 
3116	18 
3117	46 
3118	40 
3119	31 
3120	1 
3121	14 
3122	46 
3123	16 
3124	44 
3125	22 
3126	46 
3127	46 
3128	46 
3129	39 
3130	31 
3131	46 
3132	46 
3133	16 
3134	16 
3135	35 
3136	39 
3137	16 
3138	42 
3139	20 
3140	39 
3141	20 
3142	46 
3143	39 
3144	42 
3145	39 
3146	42 
3147	31 
3148	14 
3149	22 
3150	18 
3151	24 
3152	16 
3153	16 
3154	22 
3155	36 
3156	20 
3157	35 
3158	16 
3159	34 
3160	22 
3161	46 
3162	40 
3163	45 
3164	35 
3165	22 
3166	39 
3167	16 
3168	36 
3169	20 
3170	2 
3171	22 
3172	16 
3173	39 
3174	42 
3175	35 
3176	15 
3177	17 
3178	14 
3179	38 
3180	20 
3181	17 
3182	14 
3183	31 
3184	18 
3185	31 
3186	1 
3187	16 
3188	45 
3189	39 
3190	20 
3191	46 
3192	12 
3193	16 
3194	32 
3195	39 
3196	1 
3197	22 
3198	31 
3199	42 
3200	1 
3201	8 
3202	29 
3203	11 
3204	1 
3205	46 
3206	42 
3207	22 
3208	17 
3209	46 
3210	12 
3211	31 
3212	1 
3213	18 
3214	34 
3215	46 
3216	4 
3217	39 
3218	32 
3219	1 
3220	46 
3221	17 
3222	46 
3223	1 
3224	16 
3225	22 
3226	22 
3227	3 
3228	34 
3229	1 
3230	42 
3231	39 
3232	16 
3233	34 
3234	35 
3235	34 
3236	20 
3237	1 
3238	46 
3239	16 
3240	1 
3241	42 
3242	39 
3243	18 
3244	20 
3245	18 
3246	46 
3247	31 
3248	32 
3249	39 
3250	34 
3251	39 
3252	16 
3253	39 
3254	39 
3255	44 
3256	16 
3257	1 
3258	45 
3259	10 
3260	1 
3261	1 
3262	46 
3263	20 
3264	15 
3265	17 
3266	42 
3267	14 
3268	10 
3269	16 
3270	31 
3271	7 
3272	20 
3273	22 
3274	39 
3275	46 
3276	15 
3277	32 
3278	17 
3279	11 
3280	45 
3281	39 
3282	17 
3283	18 
3284	31 
3285	39 
3286	18 
3287	31 
3288	20 
3289	15 
3290	22 
3291	6 
3292	42 
3293	14 
3294	45 
3295	39 
3296	12 
3297	2 
3298	22 
3299	1 
3300	1 
3301	31 
3302	16 
3303	39 
3304	46 
3305	10 
3306	16 
3307	39 
3308	16 
3309	16 
3310	16 
3311	1 
3312	22 
3313	1 
3314	32 
3315	4 
3316	12 
3317	35 
3318	31 
3319	22 
3320	22 
3321	46 
3322	20 
3323	16 
3324	31 
3325	31 
3326	46 
3327	39 
3328	31 
3329	31 
3330	31 
3331	42 
3332	39 
3333	31 
3334	8 
3335	44 
3336	18 
3337	46 
3338	14 
3339	31 
3340	1 
3341	2 
3342	22 
3343	17 
3344	16 
3345	20 
3346	1 
3347	17 
3348	46 
3349	15 
3350	17 
3351	16 
3352	20 
3353	1 
3354	31 
3355	31 
3356	31 
3357	15 
3358	20 
3359	22 
3360	20 
3361	46 
3362	35 
3363	17 
3364	32 
3365	46 
3366	39 
3367	45 
3368	1 
3369	39 
3370	42 
3371	31 
3372	16 
3373	16 
3374	20 
3375	12 
3376	31 
3377	16 
3378	46 
3379	14 
3380	42 
3381	22 
3382	46 
3383	39 
3384	46 
3385	19 
3386	36 
3387	14 
3388	29 
3389	22 
3390	20 
3391	6 
3392	14 
3393	31 
3394	18 
3395	31 
3396	15 
3397	22 
3398	46 
3399	7 
3400	14 
3401	22 
3402	39 
3403	16 
3404	39 
3405	12 
3406	20 
3407	42 
3408	46 
3409	8 
3410	7 
3411	44 
3412	16 
3413	16 
3414	1 
3415	16 
3416	35 
3417	19 
3418	39 
3419	29 
3420	12 
3421	12 
3422	20 
3423	35 
3424	35 
3425	14 
3426	31 
3427	35 
3428	20 
3429	39 
3430	18 
3431	3 
3432	45 
3433	20 
3434	1 
3435	31 
3436	31 
3437	14 
3438	42 
3439	31 
3440	42 
3441	19 
3442	6 
3443	1 
3444	16 
3445	42 
3446	4 
3447	16 
3448	42 
3449	29 
3450	16 
3451	36 
3452	32 
3453	1 
3454	20 
3455	46 
3456	32 
3457	46 
3458	16 
3459	16 
3460	39 
3461	39 
3462	22 
3463	44 
3464	46 
3465	16 
3466	46 
3467	39 
3468	16 
3469	46 
3470	15 
3471	17 
3472	32 
3473	46 
3474	46 
3475	22 
3476	46 
3477	16 
3478	29 
3479	22 
3480	6 
3481	18 
3482	46 
3483	12 
3484	16 
3485	32 
3486	46 
3487	16 
3488	39 
3489	45 
3490	35 
3491	46 
3492	20 
3493	31 
3494	22 
3495	35 
3496	31 
3497	1 
3498	3 
3499	22 
3500	46 
3501	46 
3502	14 
3503	1 
3504	1 
3505	32 
3506	44 
3507	3 
3508	42 
3509	31 
3510	20 
3511	46 
3512	22 
3513	1 
3514	39 
3515	46 
3516	35 
3517	20 
3518	42 
3519	31 
3520	1 
3521	22 
3522	39 
3523	39 
3524	12 
3525	18 
3526	31 
3527	22 
3528	46 
3529	1 
3530	46 
3531	19 
3532	29 
3533	22 
3534	39 
3535	16 
3536	18 
3537	39 
3538	19 
3539	22 
3540	8 
3541	32 
3542	17 
3543	1 
3544	22 
3545	1 
3546	1 
3547	1 
3548	1 
3549	39 
3550	16 
3551	22 
3552	14 
3553	45 
3554	42 
3555	18 
3556	14 
3557	16 
3558	1 
3559	14 
3560	33 
3561	1 
3562	15 
3563	39 
3564	46 
3565	39 
3566	32 
3567	15 
3568	44 
3569	31 
3570	16 
3571	16 
3572	1 
3573	8 
3574	35 
3575	1 
3576	15 
3577	20 
3578	32 
3579	16 
3580	4 
3581	3 
3582	35 
3583	14 
3584	33 
3585	1 
3586	22 
3587	46 
3588	15 
3589	22 
3590	20 
3591	32 
3592	16 
3593	14 
3594	22 
3595	22 
3596	35 
3597	46 
3598	1 
3599	14 
3600	22 
3601	1 
3602	9 
3603	46 
3604	35 
3605	39 
3606	31 
3607	22 
3608	15 
3609	35 
3610	14 
3611	39 
3612	10 
3613	1 
3614	18 
3615	16 
3616	1 
3617	14 
3618	14 
3619	1 
3620	42 
3621	39 
3622	16 
3623	39 
3624	14 
3625	32 
3626	16 
3627	1 
3628	4 
3629	22 
3630	46 
3631	32 
3632	46 
3633	1 
3634	16 
3635	1 
3636	40 
3637	33 
3638	36 
3639	22 
3640	1 
3641	46 
3642	35 
3643	39 
3644	35 
3645	35 
3646	42 
3647	46 
3648	46 
3649	7 
3650	1 
3651	16 
3652	22 
3653	46 
3654	44 
3655	45 
3656	42 
3657	35 
3658	20 
3659	39 
3660	1 
3661	42 
3662	14 
3663	31 
3664	31 
3665	46 
3666	35 
3667	32 
3668	17 
3669	39 
3670	46 
3671	46 
3672	15 
3673	22 
3674	35 
3675	20 
3676	14 
3677	1 
3678	44 
3679	35 
3680	4 
3681	45 
3682	20 
3683	29 
3684	22 
3685	46 
3686	22 
3687	22 
3688	44 
3689	32 
3690	39 
3691	35 
3692	31 
3693	20 
3694	31 
3695	16 
3696	46 
3697	42 
3698	46 
3699	44 
3700	14 
3701	18 
3702	15 
3703	15 
3704	1 
3705	1 
3706	16 
3707	22 
3708	17 
3709	39 
3710	46 
3711	16 
3712	46 
3713	22 
3714	34 
3715	35 
3716	46 
3717	42 
3718	46 
3719	39 
3720	15 
3721	32 
3722	22 
3723	22 
3724	35 
3725	12 
3726	3 
3727	32 
3728	20 
3729	1 
3730	18 
3731	45 
3732	46 
3733	22 
3734	46 
3735	1 
3736	14 
3737	31 
3738	34 
3739	14 
3740	8 
3741	31 
3742	39 
3743	35 
3744	19 
3745	42 
3746	1 
3747	8 
3748	46 
3749	15 
3750	1 
3751	45 
3752	18 
3753	39 
3754	35 
3755	14 
3756	46 
3757	35 
3758	39 
3759	6 
3760	22 
3761	18 
3762	34 
3763	22 
3764	34 
3765	14 
3766	46 
3767	1 
3768	45 
3769	35 
3770	14 
3771	35 
3772	39 
3773	46 
3774	29 
3775	1 
3776	8 
3777	9 
3778	32 
3779	17 
3780	17 
3781	7 
3782	42 
3783	15 
3784	31 
3785	8 
3786	16 
3787	20 
3788	32 
3789	35 
3790	3 
3791	31 
3792	16 
3793	12 
3794	1 
3795	12 
3796	46 
3797	3 
3798	36 
3799	35 
3800	45 
3801	20 
3802	20 
3803	42 
3804	22 
3805	35 
3806	32 
3807	22 
3808	20 
3809	46 
3810	42 
3811	1 
3812	16 
3813	42 
3814	39 
3815	46 
3816	22 
3817	12 
3818	32 
3819	10 
3820	46 
3821	14 
3822	46 
3823	14 
3824	14 
3825	46 
3826	39 
3827	31 
3828	39 
3829	39 
3830	16 
3831	39 
3832	46 
3833	14 
3834	22 
3835	16 
3836	38 
3837	12 
3838	16 
3839	16 
3840	31 
3841	20 
3842	42 
3843	42 
3844	32 
3845	14 
3846	7 
3847	39 
3848	22 
3849	46 
3850	42 
3851	39 
3852	31 
3853	9 
3854	39 
3855	18 
3856	29 
3857	31 
3858	46 
3859	15 
3860	39 
3861	46 
3862	16 
3863	40 
3864	32 
3865	1 
3866	44 
3867	7 
3868	7 
3869	46 
3870	35 
3871	39 
3872	16 
3873	16 
3874	46 
3875	16 
3876	18 
3877	20 
3878	16 
3879	20 
3880	22 
3881	42 
3882	8 
3883	18 
3884	14 
3885	31 
3886	17 
3887	39 
3888	35 
3889	15 
3890	9 
3891	17 
3892	31 
3893	39 
3894	32 
3895	42 
3896	14 
3897	20 
3898	31 
3899	22 
3900	31 
3901	16 
3902	18 
3903	16 
3904	16 
3905	39 
3906	42 
3907	17 
3908	22 
3909	15 
3910	35 
3911	39 
3912	35 
3913	32 
3914	20 
3915	16 
3916	35 
3917	14 
3918	20 
3919	16 
3920	42 
3921	1 
3922	3 
3923	46 
3924	44 
3925	42 
3926	1 
3927	42 
3928	15 
3929	44 
3930	39 
3931	17 
3932	22 
3933	36 
3934	7 
3935	18 
3936	31 
3937	22 
3938	35 
3939	39 
3940	42 
3941	22 
3942	46 
3943	31 
3944	44 
3945	29 
3946	44 
3947	34 
3948	22 
3949	22 
3950	1 
3951	46 
3952	46 
3953	32 
3954	29 
3955	22 
3956	44 
3957	22 
3958	15 
3959	39 
3960	16 
3961	39 
3962	17 
3963	44 
3964	7 
3965	32 
3966	6 
3967	16 
3968	29 
3969	15 
3970	35 
3971	16 
3972	46 
3973	22 
3974	20 
3975	18 
3976	1 
3977	35 
3978	3 
3979	42 
3980	46 
3981	46 
3982	14 
3983	29 
3984	17 
3985	40 
3986	19 
3987	45 
3988	34 
3989	45 
3990	8 
3991	16 
3992	46 
3993	18 
3994	46 
3995	42 
3996	20 
3997	1 
3998	16 
3999	45 
4000	42 
4001	1 
4002	20 
4003	16 
4004	32 
4005	45 
4006	4 
4007	22 
4008	35 
4009	19 
4010	31 
4011	17 
4012	20 
4013	36 
4014	14 
4015	20 
4016	32 
4017	46 
4018	22 
4019	1 
4020	39 
4021	6 
4022	29 
4023	15 
4024	15 
4025	1 
4026	31 
4027	31 
4028	42 
4029	18 
4030	46 
4031	20 
4032	22 
4033	1 
4034	15 
4035	35 
4036	44 
4037	42 
4038	31 
4039	22 
4040	31 
4041	32 
4042	19 
4043	17 
4044	22 
4045	35 
4046	16 
4047	35 
4048	1 
4049	45 
4050	39 
4051	22 
4052	15 
4053	19 
4054	35 
4055	19 
4056	44 
4057	44 
4058	18 
4059	19 
4060	1 
4061	20 
4062	32 
4063	16 
4064	22 
4065	17 
4066	16 
4067	36 
4068	17 
4069	9 
4070	33 
4071	44 
4072	6 
4073	39 
4074	1 
4075	7 
4076	31 
4077	1 
4078	16 
4079	18 
4080	8 
4081	39 
4082	15 
4083	32 
4084	22 
4085	31 
4086	33 
4087	22 
4088	22 
4089	33 
4090	42 
4091	1 
4092	32 
4093	1 
4094	39 
4095	6 
4096	22 
4097	1 
4098	35 
4099	1 
4100	1 
4101	44 
4102	46 
4103	39 
4104	31 
4105	17 
4106	20 
4107	29 
4108	42 
4109	39 
4110	3 
4111	45 
4112	18 
4113	17 
4114	46 
4115	16 
4116	31 
4117	14 
4118	42 
4119	46 
4120	20 
4121	1 
4122	39 
4123	39 
4124	16 
4125	1 
4126	39 
4127	22 
4128	22 
4129	39 
4130	14 
4131	1 
4132	14 
4133	1 
4134	6 
4135	42 
4136	39 
4137	39 
4138	35 
4139	22 
4140	20 
4141	16 
4142	46 
4143	10 
4144	20 
4145	35 
4146	22 
4147	15 
4148	32 
4149	17 
4150	46 
4151	10 
4152	20 
4153	31 
4154	44 
4155	15 
4156	45 
4157	18 
4158	39 
4159	16 
4160	35 
4161	36 
4162	1 
4163	32 
4164	8 
4165	14 
4166	45 
4167	46 
4168	22 
4169	39 
4170	17 
4171	46 
4172	35 
4173	16 
4174	31 
4175	42 
4176	46 
4177	15 
4178	46 
4179	20 
4180	1 
4181	18 
4182	12 
4183	46 
4184	39 
4185	12 
4186	3 
4187	17 
4188	39 
4189	35 
4190	46 
4191	20 
4192	39 
4193	31 
4194	1 
4195	22 
4196	46 
4197	3 
4198	14 
4199	22 
4200	16 
4201	39 
4202	32 
4203	1 
4204	15 
4205	35 
4206	46 
4207	19 
4208	16 
4209	22 
4210	14 
4211	44 
4212	1 
4213	45 
4214	39 
4215	42 
4216	16 
4217	46 
4218	39 
4219	18 
4220	19 
4221	20 
4222	14 
4223	16 
4224	1 
4225	22 
4226	31 
4227	31 
4228	36 
4229	14 
4230	15 
4231	39 
4232	35 
4233	35 
4234	39 
4235	33 
4236	42 
4237	20 
4238	46 
4239	32 
4240	18 
4241	6 
4242	1 
4243	44 
4244	22 
4245	14 
4246	39 
4247	39 
4248	9 
4249	31 
4250	22 
4251	14 
4252	16 
4253	22 
4254	1 
4255	16 
4256	36 
4257	1 
4258	35 
4259	35 
4260	42 
4261	18 
4262	46 
4263	16 
4264	35 
4265	39 
4266	16 
4267	46 
4268	39 
4269	31 
4270	16 
4271	1 
4272	1 
4273	46 
4274	46 
4275	9 
4276	1 
4277	3 
4278	6 
4279	29 
4280	39 
4281	20 
4282	20 
4283	35 
4284	39 
4285	1 
4286	20 
4287	16 
4288	44 
4289	22 
4290	44 
4291	16 
4292	14 
4293	35 
4294	18 
4295	35 
4296	22 
4297	39 
4298	16 
4299	32 
4300	1 
4301	22 
4302	32 
4303	46 
4304	32 
4305	32 
4306	1 
4307	31 
4308	39 
4309	15 
4310	44 
4311	17 
4312	1 
4313	46 
4314	31 
4315	12 
4316	22 
4317	22 
4318	18 
4319	1 
4320	22 
4321	35 
4322	22 
4323	42 
4324	7 
4325	1 
4326	22 
4327	46 
4328	46 
4329	17 
4330	12 
4331	42 
4332	39 
4333	44 
4334	19 
4335	1 
4336	46 
4337	22 
4338	45 
4339	20 
4340	35 
4341	46 
4342	1 
4343	1 
4344	1 
4345	29 
4346	20 
4347	29 
4348	31 
4349	39 
4350	22 
4351	3 
4352	15 
4353	31 
4354	46 
4355	46 
4356	35 
4357	46 
4358	46 
4359	22 
4360	20 
4361	46 
4362	35 
4363	20 
4364	16 
4365	32 
4366	32 
4367	20 
4368	31 
4369	20 
4370	17 
4371	7 
4372	31 
4373	18 
4374	14 
4375	45 
4376	16 
4377	1 
4378	1 
4379	12 
4380	14 
4381	34 
4382	20 
4383	35 
4384	17 
4385	1 
4386	14 
4387	14 
4388	22 
4389	15 
4390	16 
4391	31 
4392	1 
4393	31 
4394	36 
4395	46 
4396	46 
4397	18 
4398	22 
4399	22 
4400	20 
4401	32 
4402	31 
4403	1 
4404	20 
4405	6 
4406	22 
4407	29 
4408	45 
4409	31 
4410	35 
4411	39 
4412	35 
4413	39 
4414	16 
4415	42 
4416	20 
4417	15 
4418	32 
4419	6 
4420	39 
4421	31 
4422	22 
4423	32 
4424	22 
4425	22 
4426	32 
4427	42 
4428	15 
4429	35 
4430	20 
4431	46 
4432	18 
4433	31 
4434	42 
4435	39 
4436	14 
4437	22 
4438	1 
4439	19 
4440	31 
4441	35 
4442	39 
4443	16 
4444	31 
4445	39 
4446	44 
4447	16 
4448	22 
4449	15 
4450	31 
4451	32 
4452	39 
4453	8 
4454	16 
4455	1 
4456	42 
4457	3 
4458	39 
4459	16 
4460	16 
4461	12 
4462	1 
4463	31 
4464	22 
4465	22 
4466	16 
4467	35 
4468	19 
4469	31 
4470	42 
4471	18 
4472	22 
4473	31 
4474	35 
4475	15 
4476	20 
4477	39 
4478	1 
4479	35 
4480	35 
4481	1 
4482	22 
4483	31 
4484	16 
4485	44 
4486	1 
4487	32 
4488	15 
4489	46 
4490	39 
4491	20 
4492	22 
4493	46 
4494	35 
4495	31 
4496	20 
4497	1 
4498	39 
4499	7 
4500	18 
4501	35 
4502	22 
4503	46 
4504	15 
4505	17 
4506	44 
4507	42 
4508	29 
4509	46 
4510	20 
4511	16 
4512	7 
4513	44 
4514	46 
4515	35 
4516	35 
4517	16 
4518	18 
4519	32 
4520	14 
4521	32 
4522	14 
4523	22 
4524	22 
4525	18 
4526	42 
4527	17 
4528	32 
4529	6 
4530	31 
4531	16 
4532	22 
4533	18 
4534	22 
4535	39 
4536	46 
4537	31 
4538	33 
4539	16 
4540	22 
4541	44 
4542	32 
4543	35 
4544	1 
4545	16 
4546	31 
4547	1 
4548	39 
4549	16 
4550	17 
4551	31 
4552	12 
4553	16 
4554	32 
4555	46 
4556	22 
4557	46 
4558	39 
4559	20 
4560	35 
4561	1 
4562	45 
4563	14 
4564	35 
4565	39 
4566	1 
4567	16 
4568	6 
4569	1 
4570	16 
4571	1 
4572	12 
4573	39 
4574	39 
4575	36 
4576	20 
4577	39 
4578	15 
4579	18 
4580	31 
4581	16 
4582	22 
4583	1 
4584	31 
4585	31 
4586	14 
4587	16 
4588	14 
4589	46 
4590	20 
4591	1 
4592	15 
4593	39 
4594	44 
4595	46 
4596	15 
4597	6 
4598	44 
4599	16 
4600	34 
4601	1 
4602	16 
4603	39 
4604	45 
4605	36 
4606	1 
4607	16 
4608	17 
4609	46 
4610	46 
4611	46 
4612	20 
4613	17 
4614	22 
4615	39 
4616	16 
4617	46 
4618	31 
4619	1 
4620	31 
4621	8 
4622	32 
4623	35 
4624	31 
4625	44 
4626	22 
4627	31 
4628	1 
4629	31 
4630	1 
4631	1 
4632	46 
4633	31 
4634	19 
4635	46 
4636	16 
4637	18 
4638	39 
4639	42 
4640	46 
4641	14 
4642	31 
4643	22 
4644	44 
4645	16 
4646	1 
4647	39 
4648	39 
4649	39 
4650	31 
4651	39 
4652	31 
4653	16 
4654	1 
4655	46 
4656	16 
4657	39 
4658	32 
4659	16 
4660	16 
4661	1 
4662	35 
4663	39 
4664	14 
4665	46 
4666	22 
4667	16 
4668	22 
4669	16 
4670	35 
4671	46 
4672	46 
4673	31 
4674	16 
4675	44 
4676	39 
4677	1 
4678	39 
4679	22 
4680	1 
4681	42 
4682	22 
4683	20 
4684	31 
4685	22 
4686	16 
4687	39 
4688	35 
4689	44 
4690	17 
4691	32 
4692	46 
4693	16 
4694	42 
4695	46 
4696	22 
4697	22 
4698	32 
4699	31 
4700	39 
4701	31 
4702	31 
4703	39 
4704	44 
4705	16 
4706	31 
4707	16 
4708	1 
4709	44 
4710	44 
4711	22 
4712	15 
4713	20 
4714	22 
4715	1 
4716	35 
4717	12 
4718	44 
4719	42 
4720	31 
4721	22 
4722	1 
4723	42 
4724	16 
4725	46 
4726	17 
4727	22 
4728	32 
4729	46 
4730	16 
4731	35 
4732	32 
4733	1 
4734	32 
4735	31 
4736	32 
4737	39 
4738	1 
4739	1 
4740	39 
4741	46 
4742	1 
4743	18 
4744	16 
4745	39 
4746	1 
4747	17 
4748	46 
4749	46 
4750	22 
4751	12 
4752	39 
4753	46 
4754	46 
4755	45 
4756	17 
4757	15 
4758	20 
4759	31 
4760	22 
4761	20 
4762	32 
4763	16 
4764	39 
4765	1 
4766	42 
4767	16 
4768	20 
4769	42 
4770	22 
4771	46 
4772	46 
4773	14 
4774	35 
4775	20 
4776	20 
4777	45 
4778	35 
4779	35 
4780	32 
4781	32 
4782	22 
4783	31 
4784	22 
4785	31 
4786	22 
4787	22 
4788	17 
4789	39 
4790	39 
4791	16 
4792	31 
4793	35 
4794	22 
4795	32 
4796	22 
4797	20 
4798	39 
4799	39 
4800	15 
4801	46 
4802	39 
4803	17 
4804	20 
4805	20 
4806	18 
4807	46 
4808	31 
4809	32 
4810	18 
4811	39 
4812	14 
4813	39 
4814	32 
4815	14 
4816	44 
4817	22 
4818	1 
4819	39 
4820	1 
4821	32 
4822	39 
4823	16 
4824	15 
4825	15 
4826	18 
4827	31 
4828	31 
4829	35 
4830	32 
4831	46 
4832	42 
4833	39 
4834	32 
4835	42 
4836	1 
4837	16 
4838	39 
4839	14 
4840	46 
4841	18 
4842	22 
4843	22 
4844	32 
4845	18 
4846	46 
4847	32 
4848	31 
4849	16 
4850	42 
4851	39 
4852	46 
4853	1 
4854	1 
4855	1 
4856	42 
4857	39 
4858	1 
4859	35 
4860	31 
4861	18 
4862	14 
4863	17 
4864	20 
4865	20 
4866	22 
4867	39 
4868	16 
4869	44 
4870	46 
4871	35 
4872	32 
4873	46 
4874	46 
4875	44 
4876	1 
4877	46 
4878	39 
4879	17 
4880	16 
4881	32 
4882	42 
4883	17 
4884	46 
4885	42 
4886	1 
4887	20 
4888	14 
4889	39 
4890	20 
4891	16 
4892	22 
4893	16 
4894	15 
4895	1 
4896	39 
4897	1 
4898	1 
4899	1 
4900	31 
4901	39 
4902	14 
4903	39 
4904	1 
4905	42 
4906	20 
4907	39 
4908	32 
4909	22 
4910	22 
4911	20 
4912	39 
4913	20 
4914	1 
4915	1 
4916	35 
4917	46 
4918	1 
4919	16 
4920	1 
4921	42 
4922	1 
4923	16 
4924	31 
4925	32 
4926	16 
4927	32 
4928	22 
4929	39 
4930	22 
4931	39 
4932	16 
4933	46 
4934	32 
4935	16 
4936	31 
4937	31 
4938	39 
4939	46 
4940	22 
4941	35 
4942	16 
4943	1 
4944	22 
4945	22 
4946	46 
4947	1 
4948	42 
4949	46 
4950	14 
4951	32 
4952	1 
4953	35 
4954	46 
4955	14 
4956	39 
4957	32 
4958	1 
4959	20 
4960	22 
4961	1 
4962	22 
4963	20 
4964	31 
4965	46 
4966	20 
4967	1 
4968	22 
4969	22 
4970	22 
4971	16 
4972	39 
4973	31 
4974	22 
4975	39 
4976	22 
4977	22 
4978	31 
4979	39 
4980	1 
4981	39 
4982	1 
4983	22 
4984	1 
4985	22 
4986	1 
4987	31 
4988	1 
4989	22 
4990	46 
4991	22 
4992	31 
4993	46 
4994	1 
4995	16 
4996	1 
4997	39 
4998	16 
4999	16 
5000	39 
