1	17 
2	31 
3	53 
4	61 
5	49 
6	65 
7	61 
8	63 
9	43 
10	91 
11	28 
12	55 
13	43 
14	65 
15	55 
16	19 
17	54 
18	104 
19	50 
20	65 
21	23 
22	96 
23	38 
24	27 
25	98 
26	97 
27	53 
28	8 
29	2 
30	57 
31	71 
32	88 
33	64 
34	17 
35	83 
36	20 
37	93 
38	58 
39	32 
40	80 
41	82 
42	23 
43	41 
44	103 
45	92 
46	84 
47	30 
48	48 
49	33 
50	21 
51	85 
52	45 
53	14 
54	50 
55	21 
56	53 
57	53 
58	38 
59	29 
60	82 
61	4 
62	2 
63	14 
64	100 
65	77 
66	9 
67	60 
68	70 
69	66 
70	95 
71	35 
72	53 
73	48 
74	7 
75	95 
76	58 
77	12 
78	61 
79	32 
80	56 
81	62 
82	43 
83	52 
84	103 
85	30 
86	75 
87	44 
88	23 
89	65 
90	72 
91	38 
92	45 
93	57 
94	83 
95	16 
96	89 
97	54 
98	56 
99	64 
100	72 
101	39 
102	16 
103	73 
104	12 
105	34 
106	5 
107	1 
108	63 
109	3 
110	38 
111	90 
112	66 
113	55 
114	34 
115	5 
116	62 
117	21 
118	84 
119	80 
120	53 
121	30 
122	71 
123	54 
124	87 
125	18 
126	60 
127	8 
128	19 
129	92 
130	84 
131	104 
132	53 
133	101 
134	86 
135	21 
136	69 
137	31 
138	56 
139	20 
140	76 
141	85 
142	43 
143	52 
144	81 
145	29 
146	14 
147	45 
148	60 
149	98 
150	58 
151	17 
152	15 
153	58 
154	5 
155	84 
156	88 
157	6 
158	78 
159	37 
160	34 
161	56 
162	67 
163	14 
164	102 
165	66 
166	10 
167	89 
168	30 
169	8 
170	4 
171	54 
172	85 
173	58 
174	34 
175	68 
176	53 
177	38 
178	14 
179	57 
180	50 
181	79 
182	78 
183	59 
184	73 
185	59 
186	38 
187	18 
188	16 
189	24 
190	101 
191	19 
192	78 
193	35 
194	29 
195	13 
196	45 
197	13 
198	96 
199	43 
200	49 
201	45 
202	90 
203	61 
204	13 
205	19 
206	65 
207	64 
208	84 
209	75 
210	103 
211	35 
212	81 
213	42 
214	6 
215	57 
216	71 
217	57 
218	103 
219	30 
220	104 
221	62 
222	43 
223	45 
224	43 
225	58 
226	1 
227	85 
228	66 
229	1 
230	90 
231	69 
232	49 
233	34 
234	69 
235	85 
236	81 
237	77 
238	34 
239	50 
240	46 
241	47 
242	71 
243	16 
244	45 
245	69 
246	17 
247	63 
248	98 
249	67 
250	80 
251	18 
252	48 
253	88 
254	14 
255	83 
256	93 
257	38 
258	76 
259	79 
260	62 
261	19 
262	16 
263	46 
264	75 
265	13 
266	97 
267	15 
268	62 
269	78 
270	60 
271	82 
272	31 
273	6 
274	71 
275	60 
276	26 
277	13 
278	86 
279	33 
280	20 
281	98 
282	67 
283	5 
284	93 
285	36 
286	60 
287	76 
288	64 
289	53 
290	11 
291	89 
292	79 
293	15 
294	81 
295	15 
296	104 
297	46 
298	39 
299	44 
300	42 
301	38 
302	40 
303	59 
304	14 
305	103 
306	81 
307	88 
308	29 
309	84 
310	16 
311	52 
312	47 
313	14 
314	70 
315	58 
316	26 
317	92 
318	90 
319	34 
320	104 
321	80 
322	60 
323	19 
324	6 
325	26 
326	103 
327	85 
328	96 
329	15 
330	44 
331	103 
332	101 
333	79 
334	66 
335	52 
336	102 
337	34 
338	28 
339	97 
340	49 
341	56 
342	8 
343	52 
344	45 
345	48 
346	57 
347	59 
348	19 
349	39 
350	83 
351	14 
352	33 
353	38 
354	48 
355	46 
356	39 
357	2 
358	17 
359	60 
360	97 
361	52 
362	22 
363	25 
364	18 
365	14 
366	52 
367	83 
368	7 
369	22 
370	90 
371	92 
372	82 
373	86 
374	40 
375	50 
376	43 
377	89 
378	73 
379	38 
380	104 
381	88 
382	83 
383	30 
384	61 
385	42 
386	3 
387	16 
388	60 
389	9 
390	102 
391	64 
392	46 
393	59 
394	39 
395	44 
396	46 
397	72 
398	90 
399	71 
400	69 
401	28 
402	47 
403	18 
404	72 
405	56 
406	64 
407	16 
408	94 
409	50 
410	46 
411	78 
412	58 
413	103 
414	70 
415	48 
416	77 
417	35 
418	4 
419	95 
420	30 
421	10 
422	23 
423	45 
424	19 
425	19 
426	89 
427	16 
428	56 
429	82 
430	20 
431	70 
432	16 
433	50 
434	88 
435	69 
436	24 
437	55 
438	79 
439	64 
440	12 
441	64 
442	2 
443	41 
444	53 
445	62 
446	34 
447	100 
448	55 
449	71 
450	31 
451	6 
452	46 
453	88 
454	74 
455	89 
456	41 
457	38 
458	51 
459	39 
460	52 
461	41 
462	18 
463	41 
464	27 
465	12 
466	84 
467	5 
468	103 
469	26 
470	32 
471	61 
472	2 
473	30 
474	33 
475	23 
476	71 
477	103 
478	35 
479	100 
480	69 
481	16 
482	9 
483	56 
484	64 
485	7 
486	53 
487	21 
488	2 
489	96 
490	3 
491	56 
492	61 
493	27 
494	28 
495	70 
496	85 
497	26 
498	50 
499	22 
500	87 
501	87 
502	15 
503	34 
504	56 
505	54 
506	69 
507	83 
508	46 
509	34 
510	27 
511	102 
512	69 
513	72 
514	34 
515	33 
516	82 
517	59 
518	49 
519	51 
520	8 
521	104 
522	25 
523	71 
524	81 
525	70 
526	79 
527	6 
528	101 
529	53 
530	94 
531	28 
532	38 
533	63 
534	45 
535	49 
536	66 
537	8 
538	98 
539	102 
540	87 
541	37 
542	84 
543	64 
544	69 
545	24 
546	21 
547	13 
548	103 
549	66 
550	4 
551	24 
552	79 
553	34 
554	75 
555	40 
556	72 
557	59 
558	88 
559	14 
560	38 
561	2 
562	43 
563	97 
564	103 
565	71 
566	38 
567	3 
568	30 
569	63 
570	77 
571	50 
572	81 
573	41 
574	3 
575	29 
576	92 
577	13 
578	80 
579	4 
580	13 
581	2 
582	30 
583	56 
584	31 
585	103 
586	21 
587	9 
588	72 
589	31 
590	63 
591	54 
592	40 
593	52 
594	27 
595	84 
596	45 
597	15 
598	102 
599	102 
600	65 
601	31 
602	78 
603	13 
604	78 
605	16 
606	73 
607	64 
608	68 
609	59 
610	55 
611	40 
612	79 
613	58 
614	96 
615	27 
616	94 
617	103 
618	30 
619	45 
620	61 
621	50 
622	51 
623	55 
624	81 
625	90 
626	19 
627	55 
628	100 
629	35 
630	42 
631	2 
632	15 
633	2 
634	45 
635	21 
636	21 
637	75 
638	53 
639	53 
640	77 
641	97 
642	80 
643	38 
644	49 
645	10 
646	21 
647	64 
648	58 
649	29 
650	50 
651	71 
652	63 
653	92 
654	53 
655	34 
656	83 
657	29 
658	74 
659	102 
660	93 
661	15 
662	84 
663	96 
664	33 
665	99 
666	12 
667	55 
668	34 
669	2 
670	64 
671	59 
672	38 
673	91 
674	66 
675	75 
676	55 
677	68 
678	83 
679	87 
680	84 
681	99 
682	34 
683	77 
684	23 
685	71 
686	52 
687	45 
688	103 
689	8 
690	33 
691	102 
692	17 
693	38 
694	80 
695	43 
696	41 
697	78 
698	66 
699	45 
700	30 
701	6 
702	34 
703	76 
704	4 
705	88 
706	28 
707	69 
708	84 
709	75 
710	57 
711	57 
712	41 
713	97 
714	95 
715	45 
716	86 
717	16 
718	98 
719	5 
720	89 
721	91 
722	92 
723	21 
724	6 
725	2 
726	64 
727	52 
728	99 
729	92 
730	39 
731	53 
732	49 
733	10 
734	9 
735	76 
736	84 
737	98 
738	103 
739	55 
740	47 
741	83 
742	15 
743	25 
744	90 
745	27 
746	86 
747	76 
748	67 
749	34 
750	80 
751	66 
752	13 
753	9 
754	15 
755	58 
756	70 
757	97 
758	7 
759	15 
760	79 
761	101 
762	31 
763	28 
764	29 
765	64 
766	96 
767	4 
768	47 
769	96 
770	43 
771	17 
772	22 
773	16 
774	31 
775	75 
776	98 
777	56 
778	1 
779	71 
780	33 
781	60 
782	13 
783	53 
784	11 
785	104 
786	85 
787	77 
788	8 
789	45 
790	37 
791	74 
792	31 
793	34 
794	38 
795	31 
796	89 
797	88 
798	34 
799	89 
800	59 
801	93 
802	2 
803	50 
804	22 
805	51 
806	50 
807	100 
808	22 
809	24 
810	31 
811	59 
812	62 
813	46 
814	82 
815	45 
816	22 
817	66 
818	73 
819	38 
820	80 
821	46 
822	50 
823	60 
824	39 
825	22 
826	45 
827	97 
828	66 
829	58 
830	82 
831	91 
832	49 
833	4 
834	83 
835	3 
836	33 
837	72 
838	7 
839	6 
840	80 
841	8 
842	21 
843	99 
844	15 
845	49 
846	64 
847	60 
848	37 
849	61 
850	31 
851	28 
852	74 
853	80 
854	18 
855	37 
856	71 
857	31 
858	82 
859	56 
860	38 
861	5 
862	4 
863	102 
864	2 
865	63 
866	46 
867	84 
868	76 
869	101 
870	45 
871	98 
872	28 
873	85 
874	72 
875	63 
876	26 
877	14 
878	84 
879	15 
880	86 
881	97 
882	33 
883	31 
884	62 
885	55 
886	17 
887	58 
888	89 
889	5 
890	38 
891	50 
892	104 
893	41 
894	102 
895	19 
896	101 
897	78 
898	58 
899	18 
900	5 
901	49 
902	31 
903	71 
904	46 
905	60 
906	31 
907	41 
908	86 
909	72 
910	98 
911	85 
912	44 
913	42 
914	15 
915	4 
916	80 
917	89 
918	64 
919	83 
920	57 
921	30 
922	14 
923	37 
924	45 
925	37 
926	21 
927	48 
928	71 
929	55 
930	39 
931	86 
932	103 
933	15 
934	91 
935	43 
936	60 
937	5 
938	73 
939	101 
940	66 
941	101 
942	9 
943	34 
944	22 
945	89 
946	26 
947	10 
948	3 
949	39 
950	7 
951	45 
952	32 
953	77 
954	13 
955	13 
956	32 
957	39 
958	98 
959	21 
960	57 
961	25 
962	38 
963	66 
964	15 
965	21 
966	88 
967	92 
968	13 
969	74 
970	53 
971	75 
972	48 
973	29 
974	17 
975	88 
976	1 
977	52 
978	53 
979	71 
980	74 
981	73 
982	95 
983	10 
984	94 
985	83 
986	101 
987	97 
988	44 
989	49 
990	94 
991	78 
992	65 
993	87 
994	35 
995	90 
996	57 
997	38 
998	90 
999	2 
1000	37 
1001	4 
1002	57 
1003	45 
1004	95 
1005	8 
1006	24 
1007	53 
1008	25 
1009	13 
1010	103 
1011	51 
1012	71 
1013	69 
1014	59 
1015	6 
1016	15 
1017	64 
1018	6 
1019	74 
1020	23 
1021	85 
1022	53 
1023	19 
1024	89 
1025	104 
1026	84 
1027	22 
1028	28 
1029	21 
1030	53 
1031	72 
1032	33 
1033	50 
1034	90 
1035	13 
1036	45 
1037	53 
1038	45 
1039	45 
1040	35 
1041	22 
1042	41 
1043	26 
1044	57 
1045	63 
1046	44 
1047	91 
1048	2 
1049	64 
1050	79 
1051	77 
1052	13 
1053	15 
1054	6 
1055	16 
1056	45 
1057	31 
1058	62 
1059	46 
1060	71 
1061	25 
1062	85 
1063	92 
1064	17 
1065	43 
1066	14 
1067	14 
1068	7 
1069	63 
1070	43 
1071	47 
1072	18 
1073	92 
1074	83 
1075	71 
1076	44 
1077	47 
1078	66 
1079	80 
1080	55 
1081	18 
1082	91 
1083	102 
1084	50 
1085	30 
1086	17 
1087	79 
1088	57 
1089	7 
1090	59 
1091	93 
1092	66 
1093	60 
1094	64 
1095	77 
1096	17 
1097	63 
1098	88 
1099	53 
1100	21 
1101	28 
1102	65 
1103	80 
1104	96 
1105	104 
1106	4 
1107	24 
1108	5 
1109	19 
1110	31 
1111	63 
1112	101 
1113	41 
1114	33 
1115	80 
1116	93 
1117	79 
1118	81 
1119	104 
1120	9 
1121	72 
1122	8 
1123	21 
1124	49 
1125	94 
1126	87 
1127	84 
1128	57 
1129	74 
1130	51 
1131	90 
1132	50 
1133	61 
1134	79 
1135	56 
1136	12 
1137	17 
1138	36 
1139	19 
1140	103 
1141	48 
1142	32 
1143	88 
1144	18 
1145	69 
1146	82 
1147	50 
1148	104 
1149	34 
1150	87 
1151	61 
1152	88 
1153	27 
1154	102 
1155	5 
1156	89 
1157	92 
1158	11 
1159	50 
1160	47 
1161	81 
1162	91 
1163	42 
1164	69 
1165	81 
1166	37 
1167	61 
1168	9 
1169	9 
1170	72 
1171	84 
1172	38 
1173	17 
1174	71 
1175	44 
1176	32 
1177	15 
1178	38 
1179	21 
1180	95 
1181	70 
1182	31 
1183	15 
1184	60 
1185	23 
1186	75 
1187	75 
1188	71 
1189	26 
1190	48 
1191	13 
1192	49 
1193	2 
1194	82 
1195	55 
1196	84 
1197	85 
1198	19 
1199	85 
1200	72 
1201	45 
1202	38 
1203	3 
1204	17 
1205	13 
1206	64 
1207	44 
1208	18 
1209	22 
1210	62 
1211	79 
1212	74 
1213	19 
1214	100 
1215	2 
1216	76 
1217	102 
1218	55 
1219	96 
1220	49 
1221	53 
1222	10 
1223	64 
1224	4 
1225	14 
1226	16 
1227	43 
1228	84 
1229	69 
1230	66 
1231	90 
1232	75 
1233	40 
1234	50 
1235	15 
1236	56 
1237	29 
1238	67 
1239	101 
1240	91 
1241	21 
1242	66 
1243	30 
1244	88 
1245	63 
1246	49 
1247	30 
1248	43 
1249	76 
1250	85 
1251	80 
1252	58 
1253	44 
1254	17 
1255	11 
1256	4 
1257	42 
1258	46 
1259	43 
1260	21 
1261	66 
1262	102 
1263	18 
1264	72 
1265	63 
1266	22 
1267	90 
1268	13 
1269	62 
1270	33 
1271	44 
1272	28 
1273	28 
1274	84 
1275	21 
1276	19 
1277	24 
1278	18 
1279	81 
1280	54 
1281	38 
1282	10 
1283	89 
1284	11 
1285	38 
1286	81 
1287	85 
1288	31 
1289	50 
1290	63 
1291	35 
1292	61 
1293	63 
1294	28 
1295	75 
1296	102 
1297	102 
1298	19 
1299	68 
1300	35 
1301	69 
1302	45 
1303	79 
1304	94 
1305	17 
1306	45 
1307	34 
1308	7 
1309	36 
1310	13 
1311	15 
1312	28 
1313	56 
1314	85 
1315	96 
1316	62 
1317	70 
1318	38 
1319	71 
1320	84 
1321	34 
1322	67 
1323	33 
1324	104 
1325	32 
1326	38 
1327	85 
1328	84 
1329	76 
1330	51 
1331	49 
1332	79 
1333	39 
1334	75 
1335	69 
1336	15 
1337	99 
1338	87 
1339	41 
1340	74 
1341	32 
1342	41 
1343	45 
1344	50 
1345	98 
1346	38 
1347	61 
1348	21 
1349	51 
1350	49 
1351	30 
1352	58 
1353	84 
1354	85 
1355	56 
1356	10 
1357	51 
1358	59 
1359	14 
1360	49 
1361	24 
1362	53 
1363	61 
1364	1 
1365	7 
1366	94 
1367	17 
1368	16 
1369	86 
1370	38 
1371	65 
1372	75 
1373	12 
1374	63 
1375	46 
1376	34 
1377	64 
1378	37 
1379	77 
1380	32 
1381	53 
1382	34 
1383	80 
1384	69 
1385	46 
1386	34 
1387	51 
1388	66 
1389	44 
1390	50 
1391	47 
1392	68 
1393	53 
1394	27 
1395	37 
1396	3 
1397	64 
1398	24 
1399	21 
1400	14 
1401	56 
1402	69 
1403	60 
1404	9 
1405	39 
1406	38 
1407	9 
1408	15 
1409	46 
1410	10 
1411	100 
1412	62 
1413	85 
1414	6 
1415	85 
1416	23 
1417	85 
1418	72 
1419	79 
1420	51 
1421	90 
1422	23 
1423	8 
1424	90 
1425	46 
1426	38 
1427	54 
1428	102 
1429	85 
1430	11 
1431	53 
1432	31 
1433	80 
1434	46 
1435	5 
1436	19 
1437	93 
1438	78 
1439	74 
1440	25 
1441	98 
1442	26 
1443	36 
1444	69 
1445	32 
1446	64 
1447	60 
1448	72 
1449	7 
1450	11 
1451	40 
1452	16 
1453	92 
1454	54 
1455	13 
1456	53 
1457	49 
1458	77 
1459	82 
1460	33 
1461	17 
1462	31 
1463	70 
1464	89 
1465	41 
1466	79 
1467	2 
1468	30 
1469	76 
1470	76 
1471	17 
1472	56 
1473	72 
1474	100 
1475	96 
1476	54 
1477	84 
1478	38 
1479	102 
1480	16 
1481	24 
1482	80 
1483	80 
1484	25 
1485	75 
1486	80 
1487	59 
1488	94 
1489	72 
1490	39 
1491	89 
1492	102 
1493	98 
1494	23 
1495	45 
1496	19 
1497	34 
1498	82 
1499	13 
1500	41 
1501	13 
1502	90 
1503	91 
1504	11 
1505	19 
1506	53 
1507	89 
1508	51 
1509	34 
1510	76 
1511	97 
1512	41 
1513	35 
1514	49 
1515	46 
1516	19 
1517	68 
1518	94 
1519	36 
1520	44 
1521	13 
1522	7 
1523	32 
1524	66 
1525	69 
1526	102 
1527	28 
1528	33 
1529	21 
1530	7 
1531	67 
1532	58 
1533	12 
1534	13 
1535	81 
1536	30 
1537	32 
1538	17 
1539	14 
1540	30 
1541	39 
1542	57 
1543	71 
1544	104 
1545	79 
1546	13 
1547	91 
1548	95 
1549	92 
1550	33 
1551	73 
1552	9 
1553	100 
1554	80 
1555	95 
1556	33 
1557	14 
1558	47 
1559	83 
1560	7 
1561	26 
1562	37 
1563	9 
1564	32 
1565	76 
1566	19 
1567	12 
1568	39 
1569	80 
1570	29 
1571	95 
1572	50 
1573	31 
1574	74 
1575	11 
1576	64 
1577	79 
1578	82 
1579	2 
1580	30 
1581	68 
1582	38 
1583	81 
1584	54 
1585	78 
1586	38 
1587	43 
1588	48 
1589	29 
1590	76 
1591	50 
1592	97 
1593	52 
1594	69 
1595	102 
1596	45 
1597	45 
1598	28 
1599	96 
1600	20 
1601	93 
1602	17 
1603	20 
1604	38 
1605	16 
1606	48 
1607	83 
1608	24 
1609	82 
1610	89 
1611	33 
1612	80 
1613	89 
1614	102 
1615	80 
1616	23 
1617	87 
1618	21 
1619	82 
1620	17 
1621	94 
1622	15 
1623	71 
1624	50 
1625	43 
1626	56 
1627	89 
1628	53 
1629	92 
1630	85 
1631	11 
1632	55 
1633	29 
1634	7 
1635	78 
1636	39 
1637	84 
1638	71 
1639	82 
1640	49 
1641	50 
1642	56 
1643	38 
1644	50 
1645	56 
1646	6 
1647	6 
1648	60 
1649	62 
1650	18 
1651	50 
1652	55 
1653	53 
1654	30 
1655	46 
1656	61 
1657	49 
1658	22 
1659	38 
1660	2 
1661	98 
1662	58 
1663	104 
1664	8 
1665	69 
1666	99 
1667	74 
1668	27 
1669	28 
1670	38 
1671	49 
1672	5 
1673	7 
1674	12 
1675	58 
1676	39 
1677	100 
1678	25 
1679	80 
1680	80 
1681	21 
1682	94 
1683	82 
1684	38 
1685	44 
1686	98 
1687	58 
1688	30 
1689	93 
1690	33 
1691	15 
1692	17 
1693	76 
1694	32 
1695	34 
1696	35 
1697	33 
1698	56 
1699	104 
1700	99 
1701	56 
1702	37 
1703	68 
1704	86 
1705	58 
1706	50 
1707	90 
1708	101 
1709	47 
1710	34 
1711	31 
1712	101 
1713	39 
1714	81 
1715	85 
1716	90 
1717	90 
1718	67 
1719	32 
1720	30 
1721	14 
1722	88 
1723	16 
1724	17 
1725	10 
1726	47 
1727	63 
1728	74 
1729	20 
1730	34 
1731	92 
1732	72 
1733	26 
1734	15 
1735	66 
1736	17 
1737	45 
1738	33 
1739	13 
1740	53 
1741	16 
1742	34 
1743	18 
1744	52 
1745	67 
1746	71 
1747	101 
1748	57 
1749	53 
1750	45 
1751	68 
1752	55 
1753	92 
1754	68 
1755	15 
1756	57 
1757	58 
1758	68 
1759	71 
1760	71 
1761	56 
1762	72 
1763	27 
1764	49 
1765	76 
1766	3 
1767	35 
1768	19 
1769	91 
1770	21 
1771	104 
1772	75 
1773	85 
1774	49 
1775	2 
1776	58 
1777	79 
1778	7 
1779	84 
1780	82 
1781	3 
1782	61 
1783	35 
1784	6 
1785	21 
1786	50 
1787	91 
1788	82 
1789	53 
1790	45 
1791	96 
1792	102 
1793	70 
1794	63 
1795	53 
1796	72 
1797	1 
1798	56 
1799	58 
1800	55 
1801	80 
1802	53 
1803	18 
1804	88 
1805	16 
1806	80 
1807	80 
1808	80 
1809	98 
1810	64 
1811	28 
1812	10 
1813	5 
1814	90 
1815	62 
1816	100 
1817	19 
1818	74 
1819	42 
1820	12 
1821	2 
1822	21 
1823	4 
1824	16 
1825	68 
1826	61 
1827	43 
1828	47 
1829	5 
1830	52 
1831	39 
1832	99 
1833	34 
1834	23 
1835	81 
1836	31 
1837	2 
1838	37 
1839	8 
1840	30 
1841	50 
1842	68 
1843	45 
1844	18 
1845	3 
1846	55 
1847	45 
1848	51 
1849	76 
1850	75 
1851	38 
1852	16 
1853	15 
1854	75 
1855	60 
1856	67 
1857	103 
1858	67 
1859	38 
1860	38 
1861	71 
1862	61 
1863	103 
1864	34 
1865	41 
1866	84 
1867	82 
1868	95 
1869	7 
1870	14 
1871	45 
1872	85 
1873	43 
1874	73 
1875	85 
1876	74 
1877	33 
1878	18 
1879	56 
1880	53 
1881	69 
1882	64 
1883	16 
1884	91 
1885	13 
1886	63 
1887	25 
1888	70 
1889	75 
1890	20 
1891	89 
1892	40 
1893	60 
1894	64 
1895	81 
1896	34 
1897	48 
1898	87 
1899	77 
1900	67 
1901	41 
1902	43 
1903	13 
1904	15 
1905	5 
1906	49 
1907	57 
1908	44 
1909	101 
1910	82 
1911	46 
1912	5 
1913	71 
1914	83 
1915	33 
1916	51 
1917	23 
1918	64 
1919	68 
1920	72 
1921	34 
1922	57 
1923	20 
1924	56 
1925	103 
1926	66 
1927	47 
1928	13 
1929	57 
1930	57 
1931	71 
1932	11 
1933	56 
1934	30 
1935	99 
1936	55 
1937	6 
1938	3 
1939	44 
1940	92 
1941	34 
1942	65 
1943	43 
1944	61 
1945	18 
1946	51 
1947	45 
1948	73 
1949	53 
1950	38 
1951	47 
1952	101 
1953	73 
1954	81 
1955	71 
1956	41 
1957	64 
1958	95 
1959	66 
1960	13 
1961	16 
1962	66 
1963	96 
1964	69 
1965	54 
1966	67 
1967	21 
1968	84 
1969	31 
1970	73 
1971	85 
1972	75 
1973	53 
1974	93 
1975	92 
1976	68 
1977	104 
1978	46 
1979	69 
1980	50 
1981	38 
1982	11 
1983	38 
1984	88 
1985	79 
1986	62 
1987	77 
1988	64 
1989	33 
1990	94 
1991	38 
1992	20 
1993	26 
1994	38 
1995	59 
1996	101 
1997	44 
1998	90 
1999	84 
2000	28 
2001	31 
2002	2 
2003	57 
2004	12 
2005	14 
2006	53 
2007	94 
2008	102 
2009	47 
2010	58 
2011	47 
2012	52 
2013	16 
2014	61 
2015	61 
2016	95 
2017	87 
2018	19 
2019	74 
2020	50 
2021	17 
2022	56 
2023	51 
2024	54 
2025	54 
2026	80 
2027	52 
2028	26 
2029	1 
2030	18 
2031	58 
2032	41 
2033	80 
2034	41 
2035	103 
2036	50 
2037	57 
2038	51 
2039	39 
2040	84 
2041	34 
2042	64 
2043	41 
2044	6 
2045	15 
2046	77 
2047	64 
2048	85 
2049	53 
2050	79 
2051	56 
2052	28 
2053	69 
2054	21 
2055	83 
2056	5 
2057	16 
2058	43 
2059	1 
2060	69 
2061	16 
2062	58 
2063	75 
2064	97 
2065	51 
2066	17 
2067	90 
2068	65 
2069	30 
2070	30 
2071	30 
2072	3 
2073	21 
2074	46 
2075	11 
2076	14 
2077	64 
2078	54 
2079	46 
2080	68 
2081	85 
2082	5 
2083	55 
2084	45 
2085	15 
2086	16 
2087	60 
2088	37 
2089	74 
2090	103 
2091	23 
2092	37 
2093	40 
2094	88 
2095	32 
2096	11 
2097	20 
2098	17 
2099	16 
2100	84 
2101	16 
2102	69 
2103	103 
2104	56 
2105	53 
2106	76 
2107	30 
2108	6 
2109	34 
2110	61 
2111	78 
2112	19 
2113	84 
2114	82 
2115	32 
2116	55 
2117	28 
2118	49 
2119	64 
2120	83 
2121	61 
2122	89 
2123	84 
2124	95 
2125	93 
2126	11 
2127	28 
2128	30 
2129	9 
2130	30 
2131	90 
2132	95 
2133	70 
2134	12 
2135	91 
2136	19 
2137	15 
2138	80 
2139	73 
2140	35 
2141	55 
2142	64 
2143	87 
2144	89 
2145	67 
2146	18 
2147	88 
2148	78 
2149	92 
2150	15 
2151	56 
2152	101 
2153	60 
2154	15 
2155	80 
2156	22 
2157	64 
2158	101 
2159	97 
2160	59 
2161	30 
2162	90 
2163	44 
2164	90 
2165	21 
2166	17 
2167	32 
2168	92 
2169	44 
2170	77 
2171	49 
2172	6 
2173	47 
2174	21 
2175	56 
2176	75 
2177	80 
2178	69 
2179	102 
2180	85 
2181	85 
2182	75 
2183	69 
2184	64 
2185	5 
2186	56 
2187	70 
2188	88 
2189	94 
2190	42 
2191	30 
2192	36 
2193	20 
2194	36 
2195	67 
2196	15 
2197	101 
2198	18 
2199	1 
2200	47 
2201	59 
2202	93 
2203	35 
2204	32 
2205	12 
2206	21 
2207	15 
2208	94 
2209	61 
2210	64 
2211	15 
2212	52 
2213	30 
2214	15 
2215	92 
2216	90 
2217	61 
2218	30 
2219	46 
2220	38 
2221	55 
2222	45 
2223	51 
2224	66 
2225	10 
2226	63 
2227	60 
2228	33 
2229	96 
2230	45 
2231	78 
2232	55 
2233	84 
2234	5 
2235	21 
2236	96 
2237	61 
2238	32 
2239	70 
2240	22 
2241	55 
2242	78 
2243	39 
2244	38 
2245	68 
2246	5 
2247	46 
2248	53 
2249	79 
2250	41 
2251	13 
2252	85 
2253	53 
2254	84 
2255	88 
2256	72 
2257	19 
2258	21 
2259	74 
2260	22 
2261	19 
2262	41 
2263	8 
2264	21 
2265	56 
2266	21 
2267	6 
2268	30 
2269	75 
2270	3 
2271	71 
2272	67 
2273	66 
2274	39 
2275	83 
2276	35 
2277	66 
2278	53 
2279	55 
2280	63 
2281	97 
2282	1 
2283	17 
2284	86 
2285	63 
2286	70 
2287	32 
2288	71 
2289	20 
2290	82 
2291	76 
2292	35 
2293	81 
2294	5 
2295	19 
2296	102 
2297	25 
2298	80 
2299	21 
2300	46 
2301	92 
2302	41 
2303	14 
2304	61 
2305	21 
2306	20 
2307	92 
2308	87 
2309	97 
2310	49 
2311	90 
2312	41 
2313	63 
2314	103 
2315	79 
2316	41 
2317	41 
2318	14 
2319	1 
2320	45 
2321	21 
2322	41 
2323	7 
2324	104 
2325	95 
2326	86 
2327	30 
2328	27 
2329	70 
2330	85 
2331	43 
2332	15 
2333	40 
2334	45 
2335	10 
2336	4 
2337	69 
2338	98 
2339	84 
2340	41 
2341	13 
2342	99 
2343	88 
2344	69 
2345	2 
2346	20 
2347	32 
2348	36 
2349	8 
2350	83 
2351	34 
2352	50 
2353	104 
2354	79 
2355	97 
2356	24 
2357	39 
2358	97 
2359	13 
2360	48 
2361	66 
2362	32 
2363	87 
2364	59 
2365	84 
2366	78 
2367	7 
2368	66 
2369	83 
2370	25 
2371	58 
2372	79 
2373	30 
2374	73 
2375	59 
2376	37 
2377	61 
2378	44 
2379	44 
2380	17 
2381	10 
2382	53 
2383	9 
2384	72 
2385	85 
2386	34 
2387	38 
2388	92 
2389	43 
2390	57 
2391	93 
2392	42 
2393	68 
2394	78 
2395	54 
2396	30 
2397	40 
2398	21 
2399	36 
2400	37 
2401	101 
2402	70 
2403	11 
2404	76 
2405	77 
2406	56 
2407	6 
2408	101 
2409	72 
2410	48 
2411	16 
2412	28 
2413	60 
2414	17 
2415	39 
2416	104 
2417	33 
2418	31 
2419	46 
2420	83 
2421	72 
2422	11 
2423	57 
2424	66 
2425	97 
2426	79 
2427	37 
2428	58 
2429	52 
2430	99 
2431	9 
2432	47 
2433	82 
2434	90 
2435	19 
2436	41 
2437	85 
2438	31 
2439	80 
2440	18 
2441	56 
2442	15 
2443	6 
2444	29 
2445	59 
2446	30 
2447	86 
2448	101 
2449	58 
2450	67 
2451	35 
2452	15 
2453	30 
2454	3 
2455	9 
2456	19 
2457	45 
2458	55 
2459	58 
2460	53 
2461	100 
2462	23 
2463	101 
2464	47 
2465	49 
2466	61 
2467	100 
2468	59 
2469	9 
2470	72 
2471	64 
2472	52 
2473	14 
2474	69 
2475	79 
2476	5 
2477	25 
2478	71 
2479	95 
2480	93 
2481	34 
2482	103 
2483	89 
2484	28 
2485	46 
2486	9 
2487	57 
2488	90 
2489	14 
2490	31 
2491	19 
2492	21 
2493	38 
2494	53 
2495	57 
2496	16 
2497	93 
2498	40 
2499	81 
2500	15 
2501	71 
2502	33 
2503	90 
2504	11 
2505	52 
2506	69 
2507	87 
2508	53 
2509	39 
2510	26 
2511	57 
2512	38 
2513	37 
2514	60 
2515	1 
2516	5 
2517	77 
2518	85 
2519	56 
2520	84 
2521	3 
2522	87 
2523	34 
2524	30 
2525	67 
2526	16 
2527	21 
2528	43 
2529	13 
2530	7 
2531	44 
2532	82 
2533	55 
2534	16 
2535	72 
2536	45 
2537	102 
2538	57 
2539	56 
2540	56 
2541	30 
2542	80 
2543	15 
2544	72 
2545	46 
2546	19 
2547	29 
2548	58 
2549	49 
2550	64 
2551	69 
2552	55 
2553	44 
2554	4 
2555	63 
2556	15 
2557	59 
2558	71 
2559	60 
2560	79 
2561	68 
2562	21 
2563	20 
2564	101 
2565	78 
2566	90 
2567	71 
2568	6 
2569	16 
2570	76 
2571	97 
2572	17 
2573	60 
2574	88 
2575	44 
2576	46 
2577	98 
2578	69 
2579	46 
2580	71 
2581	51 
2582	59 
2583	56 
2584	67 
2585	44 
2586	90 
2587	30 
2588	16 
2589	89 
2590	16 
2591	65 
2592	13 
2593	74 
2594	45 
2595	60 
2596	6 
2597	61 
2598	43 
2599	17 
2600	103 
2601	85 
2602	22 
2603	51 
2604	56 
2605	72 
2606	21 
2607	30 
2608	53 
2609	12 
2610	61 
2611	51 
2612	5 
2613	21 
2614	59 
2615	42 
2616	45 
2617	53 
2618	56 
2619	49 
2620	31 
2621	60 
2622	49 
2623	67 
2624	3 
2625	49 
2626	68 
2627	15 
2628	19 
2629	5 
2630	56 
2631	21 
2632	91 
2633	51 
2634	56 
2635	14 
2636	54 
2637	31 
2638	75 
2639	75 
2640	83 
2641	67 
2642	43 
2643	78 
2644	42 
2645	36 
2646	49 
2647	21 
2648	10 
2649	36 
2650	42 
2651	45 
2652	13 
2653	76 
2654	21 
2655	9 
2656	98 
2657	72 
2658	3 
2659	31 
2660	30 
2661	41 
2662	34 
2663	44 
2664	43 
2665	99 
2666	3 
2667	76 
2668	19 
2669	104 
2670	53 
2671	104 
2672	45 
2673	97 
2674	15 
2675	74 
2676	32 
2677	58 
2678	56 
2679	79 
2680	11 
2681	6 
2682	17 
2683	54 
2684	19 
2685	90 
2686	104 
2687	58 
2688	93 
2689	45 
2690	27 
2691	82 
2692	102 
2693	37 
2694	72 
2695	69 
2696	31 
2697	11 
2698	64 
2699	28 
2700	35 
2701	8 
2702	73 
2703	95 
2704	7 
2705	33 
2706	78 
2707	15 
2708	38 
2709	21 
2710	1 
2711	14 
2712	33 
2713	82 
2714	53 
2715	34 
2716	49 
2717	40 
2718	16 
2719	97 
2720	38 
2721	84 
2722	91 
2723	34 
2724	30 
2725	80 
2726	103 
2727	58 
2728	31 
2729	93 
2730	33 
2731	52 
2732	14 
2733	3 
2734	87 
2735	93 
2736	11 
2737	82 
2738	95 
2739	34 
2740	57 
2741	34 
2742	27 
2743	83 
2744	88 
2745	45 
2746	36 
2747	5 
2748	79 
2749	48 
2750	46 
2751	79 
2752	44 
2753	85 
2754	71 
2755	7 
2756	30 
2757	92 
2758	21 
2759	84 
2760	53 
2761	86 
2762	57 
2763	50 
2764	91 
2765	90 
2766	17 
2767	69 
2768	89 
2769	60 
2770	5 
2771	62 
2772	41 
2773	11 
2774	18 
2775	98 
2776	8 
2777	15 
2778	68 
2779	38 
2780	58 
2781	64 
2782	90 
2783	44 
2784	71 
2785	42 
2786	84 
2787	55 
2788	1 
2789	56 
2790	36 
2791	63 
2792	69 
2793	95 
2794	50 
2795	73 
2796	41 
2797	50 
2798	21 
2799	66 
2800	44 
2801	30 
2802	26 
2803	60 
2804	50 
2805	44 
2806	89 
2807	48 
2808	71 
2809	18 
2810	84 
2811	7 
2812	88 
2813	61 
2814	87 
2815	60 
2816	60 
2817	4 
2818	53 
2819	88 
2820	59 
2821	36 
2822	61 
2823	86 
2824	16 
2825	59 
2826	91 
2827	80 
2828	19 
2829	4 
2830	102 
2831	84 
2832	57 
2833	16 
2834	11 
2835	38 
2836	82 
2837	14 
2838	23 
2839	88 
2840	69 
2841	54 
2842	84 
2843	89 
2844	65 
2845	62 
2846	36 
2847	80 
2848	84 
2849	97 
2850	45 
2851	77 
2852	84 
2853	21 
2854	86 
2855	30 
2856	4 
2857	82 
2858	16 
2859	37 
2860	10 
2861	15 
2862	103 
2863	56 
2864	53 
2865	48 
2866	66 
2867	73 
2868	3 
2869	82 
2870	45 
2871	12 
2872	94 
2873	15 
2874	88 
2875	74 
2876	17 
2877	53 
2878	19 
2879	42 
2880	24 
2881	21 
2882	17 
2883	80 
2884	75 
2885	21 
2886	1 
2887	80 
2888	76 
2889	37 
2890	65 
2891	55 
2892	101 
2893	81 
2894	34 
2895	2 
2896	43 
2897	46 
2898	69 
2899	90 
2900	82 
2901	69 
2902	68 
2903	45 
2904	38 
2905	15 
2906	18 
2907	19 
2908	93 
2909	49 
2910	84 
2911	41 
2912	68 
2913	38 
2914	49 
2915	31 
2916	46 
2917	60 
2918	15 
2919	6 
2920	19 
2921	87 
2922	37 
2923	85 
2924	28 
2925	15 
2926	77 
2927	71 
2928	82 
2929	92 
2930	93 
2931	71 
2932	2 
2933	10 
2934	74 
2935	5 
2936	14 
2937	89 
2938	51 
2939	90 
2940	89 
2941	100 
2942	56 
2943	85 
2944	69 
2945	19 
2946	69 
2947	2 
2948	55 
2949	85 
2950	83 
2951	81 
2952	21 
2953	71 
2954	10 
2955	72 
2956	61 
2957	83 
2958	44 
2959	16 
2960	24 
2961	10 
2962	41 
2963	15 
2964	37 
2965	83 
2966	5 
2967	95 
2968	59 
2969	25 
2970	58 
2971	6 
2972	39 
2973	8 
2974	14 
2975	42 
2976	48 
2977	103 
2978	11 
2979	79 
2980	25 
2981	31 
2982	76 
2983	54 
2984	34 
2985	13 
2986	58 
2987	32 
2988	88 
2989	74 
2990	5 
2991	15 
2992	35 
2993	7 
2994	89 
2995	38 
2996	69 
2997	60 
2998	11 
2999	30 
3000	52 
3001	58 
3002	47 
3003	96 
3004	47 
3005	40 
3006	34 
3007	87 
3008	100 
3009	76 
3010	90 
3011	72 
3012	23 
3013	74 
3014	38 
3015	104 
3016	19 
3017	7 
3018	14 
3019	34 
3020	80 
3021	45 
3022	6 
3023	60 
3024	67 
3025	83 
3026	62 
3027	99 
3028	15 
3029	83 
3030	26 
3031	71 
3032	103 
3033	14 
3034	93 
3035	56 
3036	36 
3037	9 
3038	67 
3039	104 
3040	27 
3041	99 
3042	56 
3043	84 
3044	31 
3045	1 
3046	16 
3047	88 
3048	25 
3049	41 
3050	11 
3051	13 
3052	73 
3053	104 
3054	91 
3055	77 
3056	86 
3057	32 
3058	31 
3059	15 
3060	85 
3061	40 
3062	88 
3063	46 
3064	91 
3065	103 
3066	58 
3067	17 
3068	89 
3069	61 
3070	35 
3071	17 
3072	79 
3073	30 
3074	28 
3075	71 
3076	37 
3077	80 
3078	81 
3079	17 
3080	47 
3081	38 
3082	103 
3083	87 
3084	45 
3085	95 
3086	59 
3087	14 
3088	60 
3089	81 
3090	31 
3091	78 
3092	102 
3093	6 
3094	11 
3095	99 
3096	31 
3097	17 
3098	64 
3099	55 
3100	85 
3101	81 
3102	54 
3103	92 
3104	39 
3105	35 
3106	90 
3107	13 
3108	90 
3109	12 
3110	26 
3111	73 
3112	80 
3113	44 
3114	5 
3115	85 
3116	50 
3117	40 
3118	29 
3119	102 
3120	82 
3121	27 
3122	83 
3123	98 
3124	103 
3125	82 
3126	27 
3127	5 
3128	104 
3129	85 
3130	94 
3131	67 
3132	84 
3133	17 
3134	30 
3135	69 
3136	8 
3137	19 
3138	102 
3139	102 
3140	30 
3141	86 
3142	59 
3143	45 
3144	95 
3145	54 
3146	71 
3147	45 
3148	44 
3149	50 
3150	41 
3151	100 
3152	81 
3153	48 
3154	33 
3155	45 
3156	28 
3157	23 
3158	53 
3159	55 
3160	57 
3161	74 
3162	55 
3163	80 
3164	21 
3165	66 
3166	83 
3167	46 
3168	55 
3169	75 
3170	28 
3171	46 
3172	19 
3173	18 
3174	74 
3175	84 
3176	41 
3177	71 
3178	83 
3179	77 
3180	41 
3181	12 
3182	47 
3183	85 
3184	43 
3185	11 
3186	86 
3187	102 
3188	78 
3189	94 
3190	45 
3191	98 
3192	104 
3193	41 
3194	61 
3195	3 
3196	61 
3197	89 
3198	31 
3199	21 
3200	21 
3201	35 
3202	93 
3203	43 
3204	37 
3205	63 
3206	32 
3207	80 
3208	82 
3209	48 
3210	50 
3211	22 
3212	78 
3213	101 
3214	43 
3215	89 
3216	75 
3217	53 
3218	61 
3219	74 
3220	74 
3221	72 
3222	71 
3223	50 
3224	2 
3225	64 
3226	58 
3227	95 
3228	58 
3229	69 
3230	59 
3231	1 
3232	56 
3233	89 
3234	51 
3235	34 
3236	19 
3237	17 
3238	41 
3239	80 
3240	66 
3241	82 
3242	43 
3243	23 
3244	56 
3245	63 
3246	11 
3247	103 
3248	55 
3249	27 
3250	89 
3251	96 
3252	93 
3253	75 
3254	11 
3255	88 
3256	20 
3257	56 
3258	19 
3259	87 
3260	7 
3261	99 
3262	66 
3263	14 
3264	83 
3265	15 
3266	36 
3267	66 
3268	100 
3269	31 
3270	80 
3271	55 
3272	44 
3273	43 
3274	90 
3275	25 
3276	49 
3277	21 
3278	59 
3279	80 
3280	72 
3281	45 
3282	39 
3283	66 
3284	73 
3285	35 
3286	83 
3287	31 
3288	51 
3289	102 
3290	48 
3291	85 
3292	49 
3293	70 
3294	18 
3295	88 
3296	5 
3297	61 
3298	2 
3299	13 
3300	33 
3301	45 
3302	83 
3303	61 
3304	55 
3305	79 
3306	14 
3307	18 
3308	90 
3309	47 
3310	15 
3311	32 
3312	60 
3313	53 
3314	34 
3315	100 
3316	31 
3317	46 
3318	92 
3319	72 
3320	42 
3321	104 
3322	82 
3323	88 
3324	14 
3325	74 
3326	74 
3327	65 
3328	41 
3329	65 
3330	90 
3331	71 
3332	101 
3333	85 
3334	65 
3335	1 
3336	72 
3337	69 
3338	62 
3339	92 
3340	16 
3341	84 
3342	69 
3343	79 
3344	61 
3345	71 
3346	73 
3347	43 
3348	14 
3349	61 
3350	68 
3351	66 
3352	22 
3353	66 
3354	19 
3355	19 
3356	65 
3357	31 
3358	67 
3359	8 
3360	55 
3361	84 
3362	61 
3363	70 
3364	51 
3365	50 
3366	104 
3367	63 
3368	14 
3369	73 
3370	42 
3371	31 
3372	49 
3373	101 
3374	72 
3375	60 
3376	13 
3377	51 
3378	1 
3379	35 
3380	21 
3381	24 
3382	21 
3383	41 
3384	18 
3385	81 
3386	15 
3387	8 
3388	43 
3389	53 
3390	46 
3391	69 
3392	6 
3393	43 
3394	58 
3395	84 
3396	20 
3397	90 
3398	69 
3399	21 
3400	85 
3401	24 
3402	75 
3403	98 
3404	64 
3405	85 
3406	82 
3407	64 
3408	21 
3409	44 
3410	84 
3411	94 
3412	62 
3413	83 
3414	82 
3415	34 
3416	49 
3417	15 
3418	28 
3419	44 
3420	55 
3421	38 
3422	55 
3423	35 
3424	96 
3425	1 
3426	62 
3427	14 
3428	38 
3429	83 
3430	10 
3431	80 
3432	71 
3433	30 
3434	14 
3435	53 
3436	20 
3437	53 
3438	59 
3439	75 
3440	45 
3441	60 
3442	58 
3443	67 
3444	33 
3445	91 
3446	102 
3447	4 
3448	61 
3449	12 
3450	85 
3451	7 
3452	60 
3453	44 
3454	64 
3455	34 
3456	100 
3457	101 
3458	8 
3459	14 
3460	80 
3461	36 
3462	35 
3463	36 
3464	80 
3465	43 
3466	89 
3467	99 
3468	73 
3469	95 
3470	103 
3471	85 
3472	85 
3473	36 
3474	91 
3475	30 
3476	56 
3477	93 
3478	49 
3479	53 
3480	74 
3481	71 
3482	60 
3483	5 
3484	69 
3485	6 
3486	30 
3487	51 
3488	26 
3489	76 
3490	76 
3491	100 
3492	55 
3493	50 
3494	34 
3495	47 
3496	40 
3497	71 
3498	7 
3499	80 
3500	69 
3501	22 
3502	43 
3503	2 
3504	62 
3505	4 
3506	63 
3507	46 
3508	10 
3509	74 
3510	46 
3511	36 
3512	4 
3513	103 
3514	41 
3515	91 
3516	56 
3517	29 
3518	88 
3519	84 
3520	34 
3521	45 
3522	98 
3523	55 
3524	69 
3525	21 
3526	53 
3527	75 
3528	35 
3529	83 
3530	65 
3531	54 
3532	55 
3533	40 
3534	46 
3535	66 
3536	66 
3537	80 
3538	31 
3539	73 
3540	52 
3541	83 
3542	3 
3543	58 
3544	4 
3545	24 
3546	84 
3547	48 
3548	32 
3549	100 
3550	85 
3551	84 
3552	65 
3553	63 
3554	16 
3555	13 
3556	4 
3557	72 
3558	65 
3559	52 
3560	72 
3561	14 
3562	43 
3563	84 
3564	13 
3565	74 
3566	17 
3567	52 
3568	83 
3569	23 
3570	50 
3571	2 
3572	63 
3573	19 
3574	43 
3575	95 
3576	63 
3577	90 
3578	45 
3579	67 
3580	42 
3581	54 
3582	43 
3583	66 
3584	38 
3585	46 
3586	60 
3587	87 
3588	16 
3589	62 
3590	84 
3591	69 
3592	7 
3593	66 
3594	48 
3595	58 
3596	80 
3597	10 
3598	72 
3599	71 
3600	38 
3601	31 
3602	67 
3603	41 
3604	1 
3605	24 
3606	79 
3607	31 
3608	25 
3609	51 
3610	23 
3611	3 
3612	53 
3613	1 
3614	38 
3615	29 
3616	15 
3617	13 
3618	59 
3619	49 
3620	34 
3621	56 
3622	52 
3623	27 
3624	31 
3625	50 
3626	8 
3627	41 
3628	51 
3629	16 
3630	9 
3631	38 
3632	17 
3633	88 
3634	39 
3635	80 
3636	61 
3637	11 
3638	26 
3639	19 
3640	41 
3641	55 
3642	85 
3643	85 
3644	79 
3645	43 
3646	93 
3647	71 
3648	8 
3649	40 
3650	89 
3651	3 
3652	24 
3653	77 
3654	38 
3655	49 
3656	9 
3657	102 
3658	23 
3659	64 
3660	44 
3661	50 
3662	30 
3663	78 
3664	38 
3665	38 
3666	15 
3667	79 
3668	63 
3669	30 
3670	77 
3671	23 
3672	81 
3673	55 
3674	83 
3675	9 
3676	38 
3677	67 
3678	48 
3679	103 
3680	7 
3681	32 
3682	93 
3683	41 
3684	15 
3685	8 
3686	7 
3687	34 
3688	19 
3689	62 
3690	83 
3691	52 
3692	91 
3693	62 
3694	35 
3695	68 
3696	102 
3697	88 
3698	71 
3699	31 
3700	36 
3701	60 
3702	3 
3703	76 
3704	28 
3705	84 
3706	61 
3707	55 
3708	30 
3709	82 
3710	65 
3711	30 
3712	29 
3713	83 
3714	25 
3715	104 
3716	28 
3717	70 
3718	72 
3719	7 
3720	27 
3721	29 
3722	84 
3723	89 
3724	70 
3725	59 
3726	54 
3727	31 
3728	103 
3729	15 
3730	77 
3731	62 
3732	69 
3733	5 
3734	56 
3735	18 
3736	58 
3737	85 
3738	20 
3739	98 
3740	56 
3741	44 
3742	21 
3743	95 
3744	59 
3745	89 
3746	14 
3747	47 
3748	45 
3749	71 
3750	97 
3751	76 
3752	9 
3753	47 
3754	63 
3755	15 
3756	97 
3757	31 
3758	99 
3759	88 
3760	39 
3761	102 
3762	10 
3763	81 
3764	11 
3765	18 
3766	90 
3767	99 
3768	13 
3769	46 
3770	88 
3771	19 
3772	28 
3773	13 
3774	79 
3775	12 
3776	69 
3777	9 
3778	86 
3779	86 
3780	49 
3781	15 
3782	12 
3783	99 
3784	61 
3785	98 
3786	85 
3787	23 
3788	72 
3789	66 
3790	22 
3791	56 
3792	46 
3793	70 
3794	46 
3795	98 
3796	21 
3797	13 
3798	69 
3799	38 
3800	33 
3801	102 
3802	104 
3803	83 
3804	47 
3805	64 
3806	28 
3807	8 
3808	85 
3809	21 
3810	10 
3811	53 
3812	8 
3813	28 
3814	8 
3815	15 
3816	83 
3817	41 
3818	71 
3819	42 
3820	88 
3821	29 
3822	53 
3823	45 
3824	4 
3825	21 
3826	55 
3827	41 
3828	56 
3829	53 
3830	48 
3831	86 
3832	43 
3833	101 
3834	85 
3835	82 
3836	53 
3837	9 
3838	34 
3839	30 
3840	63 
3841	83 
3842	5 
3843	48 
3844	6 
3845	84 
3846	43 
3847	7 
3848	45 
3849	19 
3850	87 
3851	76 
3852	6 
3853	32 
3854	23 
3855	88 
3856	59 
3857	50 
3858	35 
3859	56 
3860	7 
3861	17 
3862	19 
3863	85 
3864	76 
3865	1 
3866	3 
3867	82 
3868	49 
3869	11 
3870	76 
3871	80 
3872	13 
3873	71 
3874	14 
3875	90 
3876	34 
3877	7 
3878	20 
3879	61 
3880	84 
3881	61 
3882	30 
3883	52 
3884	61 
3885	59 
3886	96 
3887	15 
3888	60 
3889	74 
3890	85 
3891	83 
3892	32 
3893	98 
3894	43 
3895	3 
3896	55 
3897	85 
3898	45 
3899	5 
3900	63 
3901	8 
3902	84 
3903	46 
3904	21 
3905	20 
3906	92 
3907	33 
3908	85 
3909	19 
3910	26 
3911	26 
3912	85 
3913	103 
3914	43 
3915	25 
3916	90 
3917	99 
3918	49 
3919	83 
3920	17 
3921	21 
3922	50 
3923	46 
3924	61 
3925	53 
3926	12 
3927	79 
3928	75 
3929	72 
3930	19 
3931	104 
3932	17 
3933	98 
3934	4 
3935	91 
3936	3 
3937	32 
3938	40 
3939	57 
3940	80 
3941	84 
3942	53 
3943	84 
3944	54 
3945	104 
3946	61 
3947	13 
3948	26 
3949	15 
3950	89 
3951	85 
3952	72 
3953	81 
3954	27 
3955	55 
3956	85 
3957	13 
3958	64 
3959	41 
3960	21 
3961	19 
3962	8 
3963	76 
3964	82 
3965	4 
3966	58 
3967	55 
3968	98 
3969	15 
3970	48 
3971	57 
3972	66 
3973	78 
3974	30 
3975	54 
3976	46 
3977	13 
3978	47 
3979	59 
3980	80 
3981	47 
3982	78 
3983	51 
3984	56 
3985	6 
3986	19 
3987	50 
3988	71 
3989	55 
3990	21 
3991	97 
3992	19 
3993	37 
3994	53 
3995	71 
3996	102 
3997	16 
3998	34 
3999	14 
4000	91 
4001	57 
4002	17 
4003	65 
4004	102 
4005	36 
4006	66 
4007	80 
4008	14 
4009	57 
4010	75 
4011	49 
4012	6 
4013	11 
4014	28 
4015	42 
4016	82 
4017	6 
4018	46 
4019	16 
4020	38 
4021	18 
4022	35 
4023	45 
4024	91 
4025	34 
4026	50 
4027	46 
4028	11 
4029	48 
4030	41 
4031	42 
4032	32 
4033	61 
4034	15 
4035	21 
4036	63 
4037	8 
4038	7 
4039	5 
4040	68 
4041	21 
4042	48 
4043	32 
4044	43 
4045	89 
4046	74 
4047	70 
4048	11 
4049	52 
4050	80 
4051	21 
4052	50 
4053	82 
4054	18 
4055	85 
4056	15 
4057	79 
4058	41 
4059	41 
4060	75 
4061	92 
4062	22 
4063	59 
4064	53 
4065	102 
4066	58 
4067	46 
4068	103 
4069	11 
4070	69 
4071	90 
4072	86 
4073	103 
4074	89 
4075	81 
4076	75 
4077	97 
4078	61 
4079	17 
4080	103 
4081	83 
4082	15 
4083	72 
4084	16 
4085	58 
4086	21 
4087	5 
4088	66 
4089	11 
4090	86 
4091	72 
4092	96 
4093	6 
4094	22 
4095	53 
4096	45 
4097	33 
4098	68 
4099	76 
4100	92 
4101	55 
4102	101 
4103	14 
4104	82 
4105	62 
4106	43 
4107	44 
4108	72 
4109	44 
4110	15 
4111	71 
4112	69 
4113	98 
4114	31 
4115	4 
4116	41 
4117	49 
4118	17 
4119	52 
4120	102 
4121	93 
4122	46 
4123	93 
4124	14 
4125	41 
4126	14 
4127	59 
4128	45 
4129	41 
4130	95 
4131	11 
4132	4 
4133	84 
4134	45 
4135	46 
4136	51 
4137	35 
4138	46 
4139	66 
4140	45 
4141	75 
4142	89 
4143	13 
4144	87 
4145	46 
4146	102 
4147	28 
4148	93 
4149	44 
4150	19 
4151	31 
4152	34 
4153	43 
4154	53 
4155	53 
4156	35 
4157	10 
4158	101 
4159	21 
4160	6 
4161	61 
4162	77 
4163	81 
4164	74 
4165	74 
4166	61 
4167	58 
4168	51 
4169	46 
4170	50 
4171	103 
4172	83 
4173	31 
4174	8 
4175	43 
4176	38 
4177	49 
4178	15 
4179	76 
4180	46 
4181	26 
4182	71 
4183	49 
4184	55 
4185	60 
4186	30 
4187	21 
4188	12 
4189	13 
4190	91 
4191	45 
4192	21 
4193	45 
4194	37 
4195	18 
4196	102 
4197	1 
4198	102 
4199	85 
4200	46 
4201	60 
4202	71 
4203	80 
4204	1 
4205	51 
4206	79 
4207	92 
4208	103 
4209	67 
4210	56 
4211	12 
4212	38 
4213	56 
4214	15 
4215	102 
4216	26 
4217	53 
4218	70 
4219	15 
4220	49 
4221	13 
4222	102 
4223	59 
4224	34 
4225	60 
4226	18 
4227	21 
4228	88 
4229	88 
4230	38 
4231	15 
4232	19 
4233	60 
4234	84 
4235	83 
4236	18 
4237	28 
4238	3 
4239	66 
4240	67 
4241	86 
4242	49 
4243	92 
4244	23 
4245	31 
4246	41 
4247	45 
4248	60 
4249	74 
4250	83 
4251	28 
4252	67 
4253	41 
4254	30 
4255	43 
4256	32 
4257	58 
4258	91 
4259	84 
4260	71 
4261	83 
4262	78 
4263	84 
4264	61 
4265	101 
4266	15 
4267	28 
4268	14 
4269	21 
4270	85 
4271	49 
4272	10 
4273	93 
4274	74 
4275	41 
4276	14 
4277	43 
4278	15 
4279	60 
4280	19 
4281	64 
4282	21 
4283	102 
4284	67 
4285	35 
4286	7 
4287	56 
4288	103 
4289	9 
4290	3 
4291	3 
4292	19 
4293	31 
4294	52 
4295	17 
4296	81 
4297	23 
4298	81 
4299	66 
4300	85 
4301	4 
4302	90 
4303	30 
4304	43 
4305	68 
4306	88 
4307	31 
4308	56 
4309	30 
4310	66 
4311	32 
4312	89 
4313	75 
4314	62 
4315	9 
4316	35 
4317	46 
4318	2 
4319	14 
4320	41 
4321	81 
4322	46 
4323	79 
4324	9 
4325	103 
4326	18 
4327	47 
4328	98 
4329	81 
4330	16 
4331	66 
4332	43 
4333	85 
4334	66 
4335	104 
4336	68 
4337	57 
4338	66 
4339	104 
4340	56 
4341	2 
4342	14 
4343	50 
4344	51 
4345	48 
4346	58 
4347	30 
4348	43 
4349	45 
4350	102 
4351	102 
4352	46 
4353	88 
4354	45 
4355	76 
4356	15 
4357	19 
4358	97 
4359	55 
4360	82 
4361	33 
4362	63 
4363	92 
4364	45 
4365	21 
4366	56 
4367	72 
4368	11 
4369	38 
4370	46 
4371	78 
4372	44 
4373	35 
4374	102 
4375	104 
4376	63 
4377	52 
4378	71 
4379	16 
4380	80 
4381	58 
4382	14 
4383	15 
4384	13 
4385	52 
4386	74 
4387	35 
4388	98 
4389	61 
4390	69 
4391	95 
4392	41 
4393	50 
4394	76 
4395	72 
4396	57 
4397	82 
4398	104 
4399	90 
4400	17 
4401	49 
4402	64 
4403	17 
4404	68 
4405	30 
4406	97 
4407	7 
4408	75 
4409	52 
4410	51 
4411	63 
4412	52 
4413	83 
4414	102 
4415	102 
4416	41 
4417	78 
4418	56 
4419	17 
4420	38 
4421	76 
4422	21 
4423	84 
4424	18 
4425	7 
4426	38 
4427	61 
4428	55 
4429	71 
4430	47 
4431	80 
4432	19 
4433	80 
4434	64 
4435	56 
4436	53 
4437	14 
4438	83 
4439	41 
4440	56 
4441	97 
4442	2 
4443	88 
4444	63 
4445	59 
4446	44 
4447	97 
4448	41 
4449	83 
4450	84 
4451	34 
4452	50 
4453	72 
4454	16 
4455	46 
4456	88 
4457	13 
4458	15 
4459	57 
4460	38 
4461	92 
4462	89 
4463	31 
4464	90 
4465	67 
4466	84 
4467	59 
4468	35 
4469	63 
4470	51 
4471	28 
4472	45 
4473	30 
4474	15 
4475	90 
4476	102 
4477	66 
4478	38 
4479	16 
4480	9 
4481	11 
4482	66 
4483	2 
4484	74 
4485	91 
4486	19 
4487	19 
4488	18 
4489	80 
4490	83 
4491	72 
4492	3 
4493	78 
4494	88 
4495	98 
4496	55 
4497	101 
4498	61 
4499	90 
4500	38 
4501	60 
4502	17 
4503	38 
4504	45 
4505	93 
4506	75 
4507	30 
4508	98 
4509	52 
4510	92 
4511	63 
4512	57 
4513	76 
4514	11 
4515	104 
4516	56 
4517	80 
4518	76 
4519	45 
4520	38 
4521	60 
4522	102 
4523	53 
4524	90 
4525	19 
4526	13 
4527	79 
4528	32 
4529	82 
4530	64 
4531	58 
4532	53 
4533	34 
4534	34 
4535	34 
4536	52 
4537	61 
4538	33 
4539	71 
4540	7 
4541	92 
4542	53 
4543	78 
4544	46 
4545	89 
4546	56 
4547	57 
4548	58 
4549	79 
4550	8 
4551	90 
4552	53 
4553	103 
4554	59 
4555	34 
4556	89 
4557	5 
4558	89 
4559	98 
4560	44 
4561	34 
4562	45 
4563	46 
4564	80 
4565	30 
4566	49 
4567	45 
4568	75 
4569	28 
4570	85 
4571	16 
4572	60 
4573	50 
4574	71 
4575	84 
4576	57 
4577	14 
4578	88 
4579	34 
4580	9 
4581	33 
4582	84 
4583	17 
4584	30 
4585	88 
4586	13 
4587	84 
4588	58 
4589	66 
4590	69 
4591	18 
4592	9 
4593	2 
4594	89 
4595	76 
4596	50 
4597	80 
4598	101 
4599	82 
4600	13 
4601	55 
4602	64 
4603	18 
4604	69 
4605	102 
4606	80 
4607	55 
4608	30 
4609	19 
4610	104 
4611	32 
4612	80 
4613	34 
4614	59 
4615	82 
4616	11 
4617	57 
4618	75 
4619	13 
4620	57 
4621	6 
4622	31 
4623	30 
4624	17 
4625	75 
4626	56 
4627	33 
4628	66 
4629	15 
4630	31 
4631	8 
4632	17 
4633	90 
4634	13 
4635	38 
4636	66 
4637	60 
4638	8 
4639	66 
4640	103 
4641	92 
4642	85 
4643	84 
4644	30 
4645	85 
4646	81 
4647	57 
4648	56 
4649	66 
4650	32 
4651	63 
4652	92 
4653	6 
4654	66 
4655	71 
4656	60 
4657	14 
4658	53 
4659	57 
4660	41 
4661	30 
4662	53 
4663	58 
4664	75 
4665	33 
4666	41 
4667	46 
4668	81 
4669	80 
4670	101 
4671	61 
4672	30 
4673	46 
4674	50 
4675	71 
4676	2 
4677	83 
4678	57 
4679	34 
4680	31 
4681	75 
4682	46 
4683	33 
4684	85 
4685	44 
4686	17 
4687	71 
4688	44 
4689	79 
4690	13 
4691	82 
4692	90 
4693	34 
4694	71 
4695	13 
4696	84 
4697	11 
4698	69 
4699	46 
4700	88 
4701	76 
4702	90 
4703	90 
4704	31 
4705	13 
4706	31 
4707	69 
4708	85 
4709	76 
4710	61 
4711	45 
4712	21 
4713	6 
4714	102 
4715	7 
4716	5 
4717	7 
4718	50 
4719	90 
4720	11 
4721	44 
4722	7 
4723	80 
4724	103 
4725	38 
4726	43 
4727	49 
4728	45 
4729	102 
4730	56 
4731	66 
4732	35 
4733	85 
4734	30 
4735	35 
4736	13 
4737	30 
4738	21 
4739	55 
4740	14 
4741	71 
4742	13 
4743	44 
4744	55 
4745	38 
4746	103 
4747	33 
4748	2 
4749	28 
4750	50 
4751	72 
4752	57 
4753	104 
4754	19 
4755	2 
4756	35 
4757	19 
4758	55 
4759	103 
4760	60 
4761	63 
4762	2 
4763	85 
4764	46 
4765	53 
4766	32 
4767	61 
4768	53 
4769	59 
4770	16 
4771	84 
4772	80 
4773	59 
4774	63 
4775	17 
4776	30 
4777	50 
4778	2 
4779	55 
4780	90 
4781	66 
4782	85 
4783	55 
4784	79 
4785	85 
4786	15 
4787	49 
4788	56 
4789	88 
4790	19 
4791	11 
4792	30 
4793	55 
4794	50 
4795	53 
4796	28 
4797	45 
4798	31 
4799	83 
4800	55 
4801	75 
4802	102 
4803	14 
4804	55 
4805	34 
4806	55 
4807	46 
4808	56 
4809	71 
4810	76 
4811	90 
4812	46 
4813	61 
4814	55 
4815	49 
4816	80 
4817	38 
4818	49 
4819	14 
4820	60 
4821	41 
4822	55 
4823	50 
4824	21 
4825	41 
4826	66 
4827	56 
4828	85 
4829	11 
4830	57 
4831	53 
4832	53 
4833	88 
4834	19 
4835	56 
4836	61 
4837	84 
4838	21 
4839	15 
4840	84 
4841	89 
4842	60 
4843	41 
4844	45 
4845	88 
4846	38 
4847	31 
4848	61 
4849	55 
4850	19 
4851	53 
4852	34 
4853	31 
4854	72 
4855	85 
4856	11 
4857	21 
4858	11 
4859	59 
4860	103 
4861	83 
4862	55 
4863	58 
4864	44 
4865	80 
4866	30 
4867	58 
4868	13 
4869	17 
4870	41 
4871	56 
4872	103 
4873	13 
4874	58 
4875	69 
4876	66 
4877	58 
4878	13 
4879	45 
4880	63 
4881	21 
4882	63 
4883	56 
4884	38 
4885	31 
4886	56 
4887	85 
4888	30 
4889	63 
4890	15 
4891	102 
4892	72 
4893	15 
4894	15 
4895	69 
4896	64 
4897	14 
4898	58 
4899	83 
4900	17 
4901	64 
4902	58 
4903	85 
4904	15 
4905	103 
4906	45 
4907	64 
4908	30 
4909	53 
4910	55 
4911	13 
4912	53 
4913	19 
4914	43 
4915	103 
4916	71 
4917	53 
4918	13 
4919	69 
4920	60 
4921	49 
4922	72 
4923	17 
4924	53 
4925	84 
4926	82 
4927	21 
4928	102 
4929	46 
4930	85 
4931	45 
4932	13 
4933	61 
4934	19 
4935	46 
4936	31 
4937	55 
4938	61 
4939	31 
4940	88 
4941	21 
4942	84 
4943	90 
4944	13 
4945	58 
4946	84 
4947	61 
4948	64 
4949	45 
4950	84 
4951	69 
4952	30 
4953	80 
4954	102 
4955	53 
4956	72 
4957	45 
4958	88 
4959	103 
4960	41 
4961	21 
4962	64 
4963	85 
4964	55 
4965	15 
4966	80 
4967	50 
4968	71 
4969	71 
4970	21 
4971	64 
4972	31 
4973	17 
4974	50 
4975	61 
4976	84 
4977	88 
4978	15 
4979	31 
4980	71 
4981	13 
4982	19 
4983	60 
4984	53 
4985	84 
4986	38 
4987	30 
4988	60 
4989	85 
4990	71 
4991	55 
4992	14 
4993	56 
4994	55 
4995	34 
4996	38 
4997	85 
4998	58 
4999	50 
5000	69 
