1	22 
2	13 
3	51 
4	16 
5	39 
6	45 
7	31 
8	35 
9	39 
10	20 
11	1 
12	35 
13	51 
14	46 
15	39 
16	39 
17	50 
18	46 
19	22 
20	15 
21	51 
22	22 
23	16 
24	31 
25	47 
26	47 
27	31 
28	47 
29	46 
30	20 
31	46 
32	47 
33	46 
34	1 
35	46 
36	35 
37	31 
38	14 
39	51 
40	39 
41	20 
42	46 
43	15 
44	10 
45	46 
46	22 
47	31 
48	20 
49	38 
50	17 
51	1 
52	32 
53	35 
54	22 
55	22 
56	12 
57	44 
58	7 
59	29 
60	22 
61	3 
62	46 
63	22 
64	16 
65	1 
66	15 
67	39 
68	50 
69	47 
70	33 
71	31 
72	52 
73	42 
74	1 
75	46 
76	36 
77	22 
78	46 
79	20 
80	35 
81	47 
82	16 
83	32 
84	22 
85	1 
86	22 
87	39 
88	46 
89	45 
90	49 
91	16 
92	14 
93	39 
94	42 
95	22 
96	35 
97	14 
98	51 
99	39 
100	50 
101	35 
102	15 
103	16 
104	39 
105	14 
106	53 
107	39 
108	1 
109	22 
110	46 
111	46 
112	15 
113	14 
114	39 
115	35 
116	46 
117	18 
118	42 
119	31 
120	16 
121	47 
122	22 
123	18 
124	15 
125	22 
126	31 
127	35 
128	33 
129	39 
130	22 
131	39 
132	1 
133	1 
134	49 
135	35 
136	45 
137	51 
138	1 
139	9 
140	9 
141	35 
142	20 
143	16 
144	12 
145	46 
146	14 
147	42 
148	32 
149	1 
150	14 
151	46 
152	39 
153	15 
154	22 
155	46 
156	39 
157	15 
158	32 
159	32 
160	44 
161	39 
162	1 
163	47 
164	31 
165	20 
166	17 
167	46 
168	1 
169	52 
170	18 
171	39 
172	32 
173	31 
174	16 
175	31 
176	18 
177	14 
178	16 
179	22 
180	51 
181	8 
182	32 
183	46 
184	32 
185	46 
186	50 
187	46 
188	53 
189	44 
190	20 
191	18 
192	31 
193	39 
194	46 
195	39 
196	39 
197	45 
198	47 
199	16 
200	8 
201	44 
202	46 
203	39 
204	35 
205	53 
206	31 
207	46 
208	42 
209	42 
210	16 
211	50 
212	52 
213	39 
214	46 
215	16 
216	42 
217	16 
218	16 
219	39 
220	32 
221	22 
222	22 
223	46 
224	32 
225	18 
226	16 
227	22 
228	1 
229	47 
230	42 
231	15 
232	14 
233	39 
234	35 
235	39 
236	35 
237	31 
238	46 
239	39 
240	39 
241	42 
242	51 
243	50 
244	16 
245	46 
246	17 
247	3 
248	31 
249	22 
250	45 
251	29 
252	46 
253	51 
254	39 
255	7 
256	22 
257	39 
258	22 
259	31 
260	39 
261	46 
262	20 
263	1 
264	15 
265	16 
266	51 
267	4 
268	8 
269	51 
270	42 
271	39 
272	31 
273	16 
274	18 
275	39 
276	39 
277	1 
278	1 
279	22 
280	39 
281	31 
282	47 
283	22 
284	14 
285	16 
286	41 
287	20 
288	46 
289	35 
290	20 
291	16 
292	35 
293	16 
294	16 
295	47 
296	31 
297	31 
298	46 
299	42 
300	22 
301	16 
302	15 
303	22 
304	16 
305	18 
306	41 
307	51 
308	20 
309	22 
310	34 
311	47 
312	46 
313	46 
314	16 
315	8 
316	16 
317	32 
318	32 
319	35 
320	46 
321	1 
322	8 
323	50 
324	22 
325	22 
326	51 
327	20 
328	35 
329	31 
330	12 
331	39 
332	31 
333	22 
334	31 
335	35 
336	23 
337	46 
338	22 
339	44 
340	47 
341	10 
342	51 
343	46 
344	39 
345	51 
346	42 
347	42 
348	46 
349	17 
350	32 
351	16 
352	38 
353	20 
354	47 
355	31 
356	22 
357	44 
358	1 
359	16 
360	22 
361	47 
362	51 
363	50 
364	45 
365	51 
366	20 
367	16 
368	22 
369	32 
370	22 
371	20 
372	1 
373	32 
374	1 
375	1 
376	16 
377	42 
378	38 
379	15 
380	14 
381	39 
382	50 
383	10 
384	31 
385	36 
386	32 
387	17 
388	42 
389	8 
390	14 
391	47 
392	20 
393	39 
394	16 
395	17 
396	39 
397	18 
398	50 
399	22 
400	47 
401	16 
402	29 
403	46 
404	35 
405	20 
406	14 
407	46 
408	1 
409	29 
410	22 
411	22 
412	22 
413	47 
414	49 
415	16 
416	35 
417	16 
418	53 
419	39 
420	31 
421	16 
422	19 
423	17 
424	31 
425	46 
426	29 
427	16 
428	22 
429	19 
430	44 
431	18 
432	46 
433	43 
434	22 
435	14 
436	51 
437	14 
438	32 
439	47 
440	14 
441	18 
442	20 
443	51 
444	47 
445	7 
446	20 
447	31 
448	16 
449	50 
450	22 
451	15 
452	48 
453	47 
454	32 
455	12 
456	1 
457	42 
458	3 
459	31 
460	14 
461	42 
462	35 
463	46 
464	39 
465	35 
466	1 
467	39 
468	31 
469	44 
470	39 
471	22 
472	1 
473	18 
474	39 
475	47 
476	35 
477	20 
478	1 
479	22 
480	22 
481	51 
482	1 
483	1 
484	14 
485	31 
486	15 
487	39 
488	15 
489	42 
490	51 
491	31 
492	31 
493	1 
494	22 
495	46 
496	22 
497	15 
498	51 
499	42 
500	17 
501	32 
502	36 
503	2 
504	20 
505	35 
506	22 
507	6 
508	42 
509	14 
510	50 
511	42 
512	31 
513	35 
514	1 
515	32 
516	17 
517	39 
518	16 
519	48 
520	40 
521	50 
522	16 
523	22 
524	39 
525	15 
526	32 
527	46 
528	16 
529	29 
530	46 
531	16 
532	32 
533	22 
534	22 
535	31 
536	47 
537	44 
538	46 
539	16 
540	16 
541	42 
542	35 
543	42 
544	47 
545	42 
546	31 
547	20 
548	46 
549	47 
550	12 
551	32 
552	47 
553	20 
554	42 
555	39 
556	45 
557	15 
558	15 
559	1 
560	18 
561	46 
562	14 
563	18 
564	47 
565	46 
566	47 
567	1 
568	31 
569	39 
570	32 
571	50 
572	31 
573	33 
574	39 
575	39 
576	39 
577	45 
578	29 
579	46 
580	39 
581	31 
582	47 
583	51 
584	46 
585	16 
586	46 
587	22 
588	50 
589	1 
590	31 
591	31 
592	46 
593	31 
594	39 
595	15 
596	22 
597	1 
598	47 
599	39 
600	42 
601	32 
602	20 
603	15 
604	20 
605	51 
606	51 
607	1 
608	46 
609	20 
610	43 
611	31 
612	7 
613	18 
614	21 
615	46 
616	44 
617	9 
618	46 
619	22 
620	11 
621	47 
622	46 
623	31 
624	17 
625	39 
626	44 
627	15 
628	31 
629	31 
630	20 
631	44 
632	46 
633	18 
634	16 
635	18 
636	22 
637	46 
638	7 
639	20 
640	46 
641	22 
642	32 
643	47 
644	12 
645	14 
646	1 
647	18 
648	15 
649	22 
650	39 
651	16 
652	28 
653	51 
654	46 
655	52 
656	45 
657	17 
658	22 
659	15 
660	20 
661	39 
662	15 
663	47 
664	32 
665	1 
666	39 
667	52 
668	46 
669	20 
670	46 
671	50 
672	39 
673	31 
674	22 
675	39 
676	1 
677	46 
678	20 
679	44 
680	47 
681	46 
682	1 
683	16 
684	20 
685	31 
686	1 
687	51 
688	39 
689	19 
690	14 
691	29 
692	36 
693	20 
694	18 
695	1 
696	35 
697	31 
698	39 
699	35 
700	46 
701	46 
702	22 
703	12 
704	47 
705	17 
706	32 
707	1 
708	16 
709	1 
710	18 
711	35 
712	39 
713	36 
714	1 
715	18 
716	17 
717	39 
718	6 
719	39 
720	16 
721	39 
722	46 
723	17 
724	50 
725	35 
726	22 
727	18 
728	1 
729	22 
730	47 
731	35 
732	8 
733	39 
734	39 
735	7 
736	32 
737	47 
738	1 
739	16 
740	22 
741	31 
742	50 
743	29 
744	39 
745	22 
746	9 
747	47 
748	32 
749	46 
750	35 
751	4 
752	47 
753	49 
754	16 
755	45 
756	35 
757	22 
758	22 
759	31 
760	22 
761	1 
762	12 
763	47 
764	16 
765	39 
766	46 
767	22 
768	15 
769	39 
770	40 
771	20 
772	51 
773	17 
774	31 
775	44 
776	20 
777	47 
778	35 
779	16 
780	14 
781	31 
782	39 
783	50 
784	17 
785	47 
786	1 
787	39 
788	35 
789	49 
790	32 
791	22 
792	39 
793	33 
794	1 
795	31 
796	35 
797	20 
798	37 
799	39 
800	50 
801	29 
802	47 
803	46 
804	1 
805	15 
806	32 
807	16 
808	16 
809	47 
810	18 
811	20 
812	31 
813	21 
814	50 
815	39 
816	1 
817	34 
818	39 
819	46 
820	39 
821	32 
822	46 
823	51 
824	32 
825	39 
826	46 
827	47 
828	22 
829	1 
830	14 
831	39 
832	31 
833	46 
834	31 
835	16 
836	44 
837	16 
838	42 
839	51 
840	44 
841	16 
842	22 
843	15 
844	39 
845	22 
846	22 
847	46 
848	46 
849	52 
850	14 
851	35 
852	31 
853	50 
854	4 
855	22 
856	42 
857	32 
858	51 
859	32 
860	14 
861	16 
862	32 
863	22 
864	20 
865	17 
866	50 
867	24 
868	51 
869	14 
870	16 
871	39 
872	46 
873	33 
874	14 
875	1 
876	22 
877	39 
878	32 
879	47 
880	34 
881	45 
882	18 
883	53 
884	45 
885	46 
886	31 
887	46 
888	20 
889	1 
890	32 
891	26 
892	39 
893	17 
894	39 
895	22 
896	22 
897	39 
898	39 
899	46 
900	30 
901	16 
902	28 
903	8 
904	29 
905	15 
906	16 
907	39 
908	3 
909	16 
910	2 
911	4 
912	16 
913	41 
914	51 
915	1 
916	22 
917	47 
918	14 
919	40 
920	39 
921	35 
922	14 
923	22 
924	1 
925	53 
926	16 
927	20 
928	42 
929	36 
930	53 
931	1 
932	28 
933	14 
934	20 
935	44 
936	47 
937	1 
938	31 
939	39 
940	20 
941	39 
942	8 
943	39 
944	39 
945	16 
946	47 
947	1 
948	1 
949	47 
950	22 
951	17 
952	18 
953	34 
954	3 
955	1 
956	17 
957	27 
958	47 
959	20 
960	50 
961	39 
962	22 
963	33 
964	46 
965	46 
966	47 
967	14 
968	15 
969	31 
970	39 
971	16 
972	20 
973	29 
974	46 
975	47 
976	46 
977	31 
978	1 
979	47 
980	31 
981	46 
982	31 
983	22 
984	39 
985	7 
986	16 
987	38 
988	22 
989	50 
990	35 
991	7 
992	35 
993	35 
994	32 
995	46 
996	15 
997	22 
998	15 
999	22 
1000	51 
1001	42 
1002	16 
1003	14 
1004	50 
1005	46 
1006	47 
1007	45 
1008	16 
1009	46 
1010	14 
1011	1 
1012	46 
1013	45 
1014	20 
1015	16 
1016	35 
1017	31 
1018	47 
1019	12 
1020	3 
1021	35 
1022	31 
1023	16 
1024	32 
1025	39 
1026	35 
1027	46 
1028	46 
1029	49 
1030	35 
1031	39 
1032	35 
1033	31 
1034	39 
1035	1 
1036	22 
1037	34 
1038	51 
1039	46 
1040	16 
1041	18 
1042	46 
1043	39 
1044	18 
1045	46 
1046	46 
1047	16 
1048	44 
1049	46 
1050	46 
1051	31 
1052	18 
1053	1 
1054	14 
1055	22 
1056	31 
1057	39 
1058	3 
1059	16 
1060	20 
1061	15 
1062	16 
1063	26 
1064	1 
1065	32 
1066	51 
1067	16 
1068	16 
1069	16 
1070	39 
1071	22 
1072	31 
1073	16 
1074	33 
1075	32 
1076	44 
1077	35 
1078	22 
1079	35 
1080	39 
1081	50 
1082	39 
1083	20 
1084	22 
1085	1 
1086	16 
1087	51 
1088	35 
1089	16 
1090	20 
1091	44 
1092	47 
1093	8 
1094	44 
1095	42 
1096	51 
1097	14 
1098	35 
1099	16 
1100	51 
1101	51 
1102	8 
1103	46 
1104	35 
1105	9 
1106	33 
1107	1 
1108	35 
1109	17 
1110	3 
1111	45 
1112	18 
1113	18 
1114	31 
1115	16 
1116	47 
1117	46 
1118	44 
1119	51 
1120	16 
1121	17 
1122	22 
1123	32 
1124	14 
1125	22 
1126	39 
1127	16 
1128	39 
1129	15 
1130	47 
1131	50 
1132	42 
1133	46 
1134	39 
1135	20 
1136	31 
1137	32 
1138	51 
1139	46 
1140	33 
1141	39 
1142	22 
1143	32 
1144	31 
1145	47 
1146	44 
1147	20 
1148	39 
1149	1 
1150	31 
1151	17 
1152	22 
1153	17 
1154	16 
1155	46 
1156	42 
1157	35 
1158	32 
1159	18 
1160	46 
1161	42 
1162	16 
1163	14 
1164	16 
1165	31 
1166	22 
1167	22 
1168	45 
1169	45 
1170	15 
1171	51 
1172	14 
1173	19 
1174	31 
1175	46 
1176	44 
1177	46 
1178	50 
1179	15 
1180	17 
1181	17 
1182	35 
1183	22 
1184	42 
1185	16 
1186	18 
1187	46 
1188	31 
1189	14 
1190	42 
1191	46 
1192	46 
1193	15 
1194	31 
1195	35 
1196	47 
1197	14 
1198	12 
1199	51 
1200	35 
1201	31 
1202	46 
1203	20 
1204	46 
1205	6 
1206	32 
1207	46 
1208	2 
1209	1 
1210	32 
1211	51 
1212	53 
1213	1 
1214	1 
1215	15 
1216	20 
1217	16 
1218	22 
1219	42 
1220	16 
1221	12 
1222	2 
1223	22 
1224	53 
1225	26 
1226	14 
1227	39 
1228	31 
1229	3 
1230	31 
1231	50 
1232	17 
1233	47 
1234	50 
1235	20 
1236	16 
1237	42 
1238	1 
1239	47 
1240	20 
1241	42 
1242	32 
1243	32 
1244	31 
1245	20 
1246	1 
1247	40 
1248	46 
1249	22 
1250	1 
1251	32 
1252	46 
1253	4 
1254	49 
1255	14 
1256	39 
1257	39 
1258	39 
1259	22 
1260	46 
1261	35 
1262	51 
1263	20 
1264	22 
1265	31 
1266	3 
1267	45 
1268	16 
1269	47 
1270	36 
1271	51 
1272	46 
1273	12 
1274	17 
1275	8 
1276	16 
1277	51 
1278	39 
1279	36 
1280	44 
1281	20 
1282	39 
1283	47 
1284	22 
1285	32 
1286	51 
1287	52 
1288	1 
1289	22 
1290	44 
1291	32 
1292	39 
1293	31 
1294	46 
1295	35 
1296	22 
1297	42 
1298	20 
1299	39 
1300	39 
1301	14 
1302	22 
1303	46 
1304	47 
1305	51 
1306	35 
1307	31 
1308	51 
1309	36 
1310	35 
1311	9 
1312	1 
1313	31 
1314	36 
1315	16 
1316	46 
1317	3 
1318	42 
1319	10 
1320	34 
1321	31 
1322	39 
1323	51 
1324	22 
1325	22 
1326	46 
1327	31 
1328	42 
1329	17 
1330	44 
1331	31 
1332	16 
1333	35 
1334	32 
1335	7 
1336	18 
1337	16 
1338	16 
1339	42 
1340	42 
1341	16 
1342	53 
1343	19 
1344	46 
1345	46 
1346	18 
1347	17 
1348	42 
1349	16 
1350	39 
1351	35 
1352	29 
1353	31 
1354	35 
1355	20 
1356	50 
1357	1 
1358	31 
1359	18 
1360	16 
1361	46 
1362	18 
1363	44 
1364	12 
1365	31 
1366	22 
1367	39 
1368	8 
1369	45 
1370	39 
1371	39 
1372	35 
1373	14 
1374	32 
1375	31 
1376	37 
1377	46 
1378	22 
1379	46 
1380	42 
1381	14 
1382	51 
1383	17 
1384	22 
1385	14 
1386	6 
1387	20 
1388	52 
1389	42 
1390	32 
1391	16 
1392	22 
1393	20 
1394	50 
1395	47 
1396	47 
1397	16 
1398	42 
1399	32 
1400	16 
1401	22 
1402	2 
1403	46 
1404	1 
1405	32 
1406	15 
1407	20 
1408	33 
1409	18 
1410	36 
1411	44 
1412	51 
1413	35 
1414	39 
1415	1 
1416	44 
1417	35 
1418	47 
1419	35 
1420	22 
1421	31 
1422	22 
1423	47 
1424	50 
1425	22 
1426	20 
1427	50 
1428	31 
1429	1 
1430	18 
1431	39 
1432	16 
1433	1 
1434	16 
1435	20 
1436	18 
1437	46 
1438	22 
1439	31 
1440	46 
1441	31 
1442	46 
1443	46 
1444	42 
1445	39 
1446	29 
1447	16 
1448	16 
1449	31 
1450	15 
1451	32 
1452	12 
1453	20 
1454	46 
1455	31 
1456	14 
1457	46 
1458	44 
1459	22 
1460	18 
1461	46 
1462	35 
1463	18 
1464	20 
1465	6 
1466	16 
1467	46 
1468	37 
1469	31 
1470	16 
1471	22 
1472	7 
1473	22 
1474	1 
1475	47 
1476	1 
1477	1 
1478	18 
1479	20 
1480	31 
1481	16 
1482	46 
1483	51 
1484	46 
1485	1 
1486	4 
1487	39 
1488	35 
1489	1 
1490	39 
1491	47 
1492	14 
1493	20 
1494	46 
1495	25 
1496	39 
1497	46 
1498	32 
1499	1 
1500	22 
1501	15 
1502	8 
1503	9 
1504	20 
1505	1 
1506	15 
1507	22 
1508	16 
1509	25 
1510	14 
1511	35 
1512	14 
1513	16 
1514	44 
1515	39 
1516	16 
1517	22 
1518	51 
1519	51 
1520	14 
1521	25 
1522	42 
1523	22 
1524	46 
1525	20 
1526	46 
1527	42 
1528	46 
1529	20 
1530	31 
1531	5 
1532	1 
1533	22 
1534	15 
1535	39 
1536	44 
1537	51 
1538	35 
1539	42 
1540	31 
1541	45 
1542	29 
1543	1 
1544	18 
1545	47 
1546	50 
1547	46 
1548	42 
1549	3 
1550	46 
1551	20 
1552	16 
1553	22 
1554	1 
1555	51 
1556	44 
1557	39 
1558	47 
1559	48 
1560	18 
1561	31 
1562	51 
1563	22 
1564	18 
1565	35 
1566	31 
1567	29 
1568	14 
1569	39 
1570	35 
1571	36 
1572	20 
1573	32 
1574	51 
1575	1 
1576	22 
1577	39 
1578	32 
1579	53 
1580	51 
1581	22 
1582	47 
1583	12 
1584	14 
1585	51 
1586	22 
1587	16 
1588	20 
1589	20 
1590	46 
1591	22 
1592	44 
1593	34 
1594	39 
1595	15 
1596	1 
1597	44 
1598	32 
1599	22 
1600	39 
1601	1 
1602	22 
1603	16 
1604	42 
1605	46 
1606	39 
1607	39 
1608	31 
1609	32 
1610	46 
1611	18 
1612	5 
1613	1 
1614	29 
1615	39 
1616	20 
1617	44 
1618	22 
1619	46 
1620	17 
1621	16 
1622	51 
1623	46 
1624	47 
1625	39 
1626	31 
1627	1 
1628	14 
1629	46 
1630	31 
1631	15 
1632	46 
1633	32 
1634	42 
1635	20 
1636	16 
1637	51 
1638	17 
1639	31 
1640	53 
1641	15 
1642	35 
1643	46 
1644	39 
1645	1 
1646	46 
1647	35 
1648	22 
1649	39 
1650	16 
1651	35 
1652	14 
1653	22 
1654	48 
1655	42 
1656	16 
1657	3 
1658	17 
1659	46 
1660	44 
1661	20 
1662	39 
1663	18 
1664	17 
1665	14 
1666	48 
1667	46 
1668	31 
1669	31 
1670	46 
1671	39 
1672	46 
1673	39 
1674	46 
1675	42 
1676	39 
1677	52 
1678	18 
1679	51 
1680	46 
1681	19 
1682	39 
1683	1 
1684	39 
1685	42 
1686	22 
1687	35 
1688	29 
1689	32 
1690	32 
1691	22 
1692	29 
1693	42 
1694	32 
1695	46 
1696	15 
1697	31 
1698	8 
1699	22 
1700	22 
1701	46 
1702	39 
1703	44 
1704	39 
1705	22 
1706	31 
1707	39 
1708	31 
1709	46 
1710	31 
1711	35 
1712	46 
1713	46 
1714	39 
1715	52 
1716	39 
1717	5 
1718	35 
1719	18 
1720	12 
1721	22 
1722	42 
1723	16 
1724	35 
1725	42 
1726	32 
1727	22 
1728	47 
1729	12 
1730	3 
1731	31 
1732	39 
1733	14 
1734	1 
1735	46 
1736	47 
1737	47 
1738	34 
1739	20 
1740	16 
1741	16 
1742	46 
1743	16 
1744	39 
1745	38 
1746	42 
1747	31 
1748	31 
1749	46 
1750	16 
1751	20 
1752	42 
1753	42 
1754	39 
1755	1 
1756	20 
1757	39 
1758	46 
1759	22 
1760	32 
1761	47 
1762	39 
1763	46 
1764	12 
1765	19 
1766	14 
1767	15 
1768	49 
1769	46 
1770	31 
1771	16 
1772	35 
1773	22 
1774	30 
1775	31 
1776	44 
1777	20 
1778	33 
1779	22 
1780	44 
1781	32 
1782	16 
1783	46 
1784	7 
1785	35 
1786	32 
1787	39 
1788	22 
1789	22 
1790	35 
1791	18 
1792	15 
1793	39 
1794	45 
1795	16 
1796	22 
1797	47 
1798	9 
1799	10 
1800	20 
1801	20 
1802	47 
1803	33 
1804	16 
1805	50 
1806	3 
1807	16 
1808	35 
1809	35 
1810	46 
1811	1 
1812	22 
1813	16 
1814	31 
1815	39 
1816	33 
1817	15 
1818	35 
1819	5 
1820	27 
1821	46 
1822	1 
1823	20 
1824	47 
1825	51 
1826	42 
1827	39 
1828	47 
1829	18 
1830	44 
1831	3 
1832	8 
1833	2 
1834	1 
1835	31 
1836	31 
1837	47 
1838	14 
1839	22 
1840	46 
1841	15 
1842	16 
1843	39 
1844	1 
1845	46 
1846	39 
1847	51 
1848	22 
1849	39 
1850	39 
1851	31 
1852	47 
1853	50 
1854	18 
1855	16 
1856	14 
1857	16 
1858	46 
1859	17 
1860	20 
1861	16 
1862	1 
1863	17 
1864	45 
1865	16 
1866	22 
1867	22 
1868	1 
1869	20 
1870	14 
1871	44 
1872	39 
1873	35 
1874	22 
1875	17 
1876	14 
1877	32 
1878	1 
1879	46 
1880	14 
1881	31 
1882	46 
1883	31 
1884	9 
1885	46 
1886	22 
1887	20 
1888	39 
1889	35 
1890	14 
1891	1 
1892	1 
1893	22 
1894	39 
1895	1 
1896	39 
1897	31 
1898	1 
1899	20 
1900	22 
1901	47 
1902	39 
1903	50 
1904	35 
1905	46 
1906	32 
1907	16 
1908	17 
1909	35 
1910	42 
1911	37 
1912	14 
1913	14 
1914	47 
1915	35 
1916	15 
1917	1 
1918	46 
1919	1 
1920	44 
1921	14 
1922	1 
1923	46 
1924	47 
1925	22 
1926	7 
1927	16 
1928	51 
1929	39 
1930	8 
1931	2 
1932	51 
1933	46 
1934	39 
1935	20 
1936	31 
1937	31 
1938	14 
1939	16 
1940	16 
1941	1 
1942	19 
1943	35 
1944	6 
1945	14 
1946	16 
1947	14 
1948	44 
1949	15 
1950	47 
1951	16 
1952	17 
1953	14 
1954	50 
1955	27 
1956	12 
1957	16 
1958	45 
1959	1 
1960	14 
1961	20 
1962	46 
1963	15 
1964	8 
1965	16 
1966	22 
1967	47 
1968	4 
1969	46 
1970	46 
1971	43 
1972	16 
1973	22 
1974	32 
1975	39 
1976	31 
1977	14 
1978	39 
1979	5 
1980	22 
1981	46 
1982	52 
1983	20 
1984	18 
1985	18 
1986	20 
1987	18 
1988	35 
1989	20 
1990	42 
1991	39 
1992	35 
1993	16 
1994	1 
1995	22 
1996	32 
1997	42 
1998	1 
1999	1 
2000	15 
2001	46 
2002	3 
2003	42 
2004	32 
2005	16 
2006	46 
2007	44 
2008	16 
2009	39 
2010	51 
2011	42 
2012	31 
2013	47 
2014	31 
2015	22 
2016	32 
2017	22 
2018	31 
2019	34 
2020	52 
2021	36 
2022	51 
2023	35 
2024	22 
2025	31 
2026	20 
2027	47 
2028	35 
2029	32 
2030	16 
2031	47 
2032	22 
2033	31 
2034	16 
2035	39 
2036	39 
2037	31 
2038	20 
2039	46 
2040	31 
2041	46 
2042	46 
2043	16 
2044	16 
2045	1 
2046	22 
2047	16 
2048	22 
2049	34 
2050	1 
2051	15 
2052	46 
2053	48 
2054	1 
2055	22 
2056	16 
2057	16 
2058	1 
2059	44 
2060	14 
2061	18 
2062	39 
2063	46 
2064	31 
2065	42 
2066	32 
2067	51 
2068	16 
2069	19 
2070	20 
2071	39 
2072	50 
2073	45 
2074	32 
2075	39 
2076	10 
2077	12 
2078	16 
2079	51 
2080	42 
2081	35 
2082	42 
2083	46 
2084	32 
2085	31 
2086	45 
2087	16 
2088	16 
2089	16 
2090	31 
2091	16 
2092	32 
2093	20 
2094	39 
2095	46 
2096	42 
2097	32 
2098	8 
2099	39 
2100	35 
2101	34 
2102	18 
2103	22 
2104	46 
2105	22 
2106	39 
2107	46 
2108	22 
2109	39 
2110	51 
2111	16 
2112	22 
2113	35 
2114	15 
2115	39 
2116	39 
2117	32 
2118	32 
2119	47 
2120	14 
2121	47 
2122	39 
2123	50 
2124	44 
2125	14 
2126	14 
2127	42 
2128	22 
2129	20 
2130	1 
2131	47 
2132	22 
2133	45 
2134	36 
2135	22 
2136	47 
2137	22 
2138	20 
2139	18 
2140	46 
2141	20 
2142	48 
2143	53 
2144	16 
2145	1 
2146	14 
2147	52 
2148	50 
2149	16 
2150	39 
2151	39 
2152	35 
2153	32 
2154	46 
2155	31 
2156	46 
2157	1 
2158	35 
2159	42 
2160	32 
2161	47 
2162	44 
2163	30 
2164	20 
2165	20 
2166	15 
2167	16 
2168	32 
2169	18 
2170	31 
2171	47 
2172	35 
2173	14 
2174	42 
2175	16 
2176	51 
2177	16 
2178	14 
2179	32 
2180	24 
2181	47 
2182	32 
2183	32 
2184	39 
2185	16 
2186	32 
2187	14 
2188	22 
2189	35 
2190	14 
2191	22 
2192	46 
2193	20 
2194	14 
2195	39 
2196	39 
2197	22 
2198	51 
2199	47 
2200	31 
2201	16 
2202	20 
2203	46 
2204	18 
2205	22 
2206	22 
2207	32 
2208	18 
2209	35 
2210	35 
2211	31 
2212	32 
2213	34 
2214	42 
2215	12 
2216	8 
2217	16 
2218	33 
2219	15 
2220	46 
2221	39 
2222	42 
2223	47 
2224	22 
2225	39 
2226	10 
2227	14 
2228	32 
2229	31 
2230	20 
2231	18 
2232	46 
2233	44 
2234	1 
2235	22 
2236	46 
2237	42 
2238	32 
2239	22 
2240	16 
2241	18 
2242	22 
2243	35 
2244	35 
2245	32 
2246	50 
2247	46 
2248	46 
2249	14 
2250	35 
2251	22 
2252	52 
2253	35 
2254	15 
2255	39 
2256	42 
2257	39 
2258	50 
2259	16 
2260	22 
2261	51 
2262	22 
2263	1 
2264	1 
2265	6 
2266	16 
2267	19 
2268	1 
2269	22 
2270	46 
2271	16 
2272	14 
2273	39 
2274	50 
2275	44 
2276	47 
2277	16 
2278	12 
2279	16 
2280	42 
2281	22 
2282	16 
2283	39 
2284	22 
2285	31 
2286	42 
2287	46 
2288	7 
2289	50 
2290	20 
2291	12 
2292	1 
2293	39 
2294	18 
2295	51 
2296	18 
2297	46 
2298	39 
2299	42 
2300	39 
2301	50 
2302	15 
2303	14 
2304	46 
2305	14 
2306	1 
2307	12 
2308	47 
2309	15 
2310	16 
2311	47 
2312	14 
2313	12 
2314	15 
2315	20 
2316	35 
2317	17 
2318	45 
2319	31 
2320	47 
2321	53 
2322	14 
2323	50 
2324	22 
2325	42 
2326	39 
2327	1 
2328	22 
2329	46 
2330	35 
2331	1 
2332	51 
2333	31 
2334	35 
2335	35 
2336	31 
2337	47 
2338	22 
2339	20 
2340	47 
2341	16 
2342	39 
2343	16 
2344	51 
2345	42 
2346	31 
2347	20 
2348	46 
2349	45 
2350	22 
2351	39 
2352	19 
2353	14 
2354	22 
2355	22 
2356	17 
2357	20 
2358	15 
2359	22 
2360	16 
2361	45 
2362	46 
2363	18 
2364	11 
2365	4 
2366	42 
2367	15 
2368	32 
2369	45 
2370	18 
2371	1 
2372	1 
2373	22 
2374	1 
2375	32 
2376	18 
2377	16 
2378	22 
2379	47 
2380	20 
2381	42 
2382	42 
2383	1 
2384	18 
2385	1 
2386	19 
2387	46 
2388	18 
2389	16 
2390	22 
2391	39 
2392	31 
2393	47 
2394	39 
2395	46 
2396	14 
2397	46 
2398	1 
2399	32 
2400	32 
2401	46 
2402	51 
2403	16 
2404	44 
2405	50 
2406	39 
2407	31 
2408	20 
2409	31 
2410	35 
2411	46 
2412	22 
2413	22 
2414	14 
2415	31 
2416	50 
2417	14 
2418	16 
2419	42 
2420	47 
2421	22 
2422	1 
2423	16 
2424	22 
2425	42 
2426	39 
2427	31 
2428	18 
2429	15 
2430	21 
2431	50 
2432	16 
2433	15 
2434	1 
2435	36 
2436	14 
2437	17 
2438	16 
2439	42 
2440	16 
2441	19 
2442	31 
2443	9 
2444	1 
2445	13 
2446	39 
2447	15 
2448	1 
2449	20 
2450	15 
2451	46 
2452	8 
2453	46 
2454	1 
2455	35 
2456	46 
2457	16 
2458	51 
2459	20 
2460	39 
2461	47 
2462	18 
2463	32 
2464	14 
2465	16 
2466	45 
2467	47 
2468	31 
2469	31 
2470	24 
2471	29 
2472	47 
2473	8 
2474	16 
2475	16 
2476	16 
2477	22 
2478	31 
2479	35 
2480	16 
2481	50 
2482	23 
2483	1 
2484	16 
2485	31 
2486	22 
2487	14 
2488	39 
2489	51 
2490	47 
2491	44 
2492	16 
2493	22 
2494	32 
2495	16 
2496	18 
2497	47 
2498	38 
2499	14 
2500	47 
2501	1 
2502	50 
2503	51 
2504	1 
2505	46 
2506	16 
2507	31 
2508	14 
2509	20 
2510	6 
2511	16 
2512	6 
2513	47 
2514	32 
2515	22 
2516	22 
2517	45 
2518	22 
2519	22 
2520	31 
2521	15 
2522	6 
2523	47 
2524	35 
2525	18 
2526	12 
2527	32 
2528	20 
2529	22 
2530	36 
2531	15 
2532	6 
2533	16 
2534	1 
2535	22 
2536	18 
2537	20 
2538	9 
2539	18 
2540	16 
2541	20 
2542	39 
2543	22 
2544	17 
2545	46 
2546	31 
2547	1 
2548	39 
2549	22 
2550	47 
2551	1 
2552	5 
2553	15 
2554	47 
2555	31 
2556	46 
2557	20 
2558	17 
2559	39 
2560	42 
2561	22 
2562	18 
2563	14 
2564	22 
2565	1 
2566	17 
2567	14 
2568	22 
2569	22 
2570	20 
2571	1 
2572	16 
2573	1 
2574	22 
2575	22 
2576	7 
2577	46 
2578	14 
2579	14 
2580	1 
2581	22 
2582	31 
2583	32 
2584	16 
2585	39 
2586	14 
2587	14 
2588	20 
2589	24 
2590	16 
2591	45 
2592	35 
2593	46 
2594	20 
2595	42 
2596	46 
2597	51 
2598	20 
2599	42 
2600	31 
2601	39 
2602	14 
2603	35 
2604	51 
2605	46 
2606	49 
2607	31 
2608	32 
2609	1 
2610	1 
2611	35 
2612	46 
2613	31 
2614	35 
2615	16 
2616	46 
2617	47 
2618	35 
2619	23 
2620	32 
2621	3 
2622	46 
2623	20 
2624	4 
2625	14 
2626	39 
2627	12 
2628	22 
2629	3 
2630	16 
2631	20 
2632	47 
2633	46 
2634	22 
2635	39 
2636	1 
2637	46 
2638	52 
2639	35 
2640	39 
2641	22 
2642	44 
2643	39 
2644	16 
2645	46 
2646	16 
2647	31 
2648	32 
2649	7 
2650	18 
2651	31 
2652	35 
2653	44 
2654	22 
2655	1 
2656	42 
2657	11 
2658	39 
2659	32 
2660	33 
2661	46 
2662	16 
2663	39 
2664	46 
2665	32 
2666	39 
2667	46 
2668	15 
2669	51 
2670	1 
2671	16 
2672	44 
2673	32 
2674	31 
2675	3 
2676	22 
2677	47 
2678	39 
2679	51 
2680	16 
2681	46 
2682	45 
2683	1 
2684	45 
2685	1 
2686	46 
2687	39 
2688	1 
2689	46 
2690	12 
2691	16 
2692	19 
2693	39 
2694	39 
2695	15 
2696	1 
2697	15 
2698	20 
2699	39 
2700	16 
2701	31 
2702	12 
2703	31 
2704	46 
2705	23 
2706	46 
2707	20 
2708	31 
2709	7 
2710	1 
2711	17 
2712	39 
2713	51 
2714	44 
2715	35 
2716	47 
2717	11 
2718	22 
2719	35 
2720	16 
2721	46 
2722	34 
2723	20 
2724	22 
2725	31 
2726	3 
2727	51 
2728	36 
2729	47 
2730	20 
2731	47 
2732	22 
2733	22 
2734	17 
2735	47 
2736	14 
2737	39 
2738	35 
2739	7 
2740	18 
2741	14 
2742	42 
2743	16 
2744	1 
2745	19 
2746	46 
2747	22 
2748	35 
2749	42 
2750	10 
2751	42 
2752	50 
2753	15 
2754	22 
2755	46 
2756	14 
2757	16 
2758	32 
2759	42 
2760	51 
2761	22 
2762	46 
2763	46 
2764	46 
2765	22 
2766	35 
2767	47 
2768	39 
2769	8 
2770	22 
2771	34 
2772	22 
2773	20 
2774	39 
2775	31 
2776	50 
2777	15 
2778	15 
2779	16 
2780	39 
2781	20 
2782	34 
2783	31 
2784	14 
2785	39 
2786	22 
2787	12 
2788	29 
2789	46 
2790	22 
2791	1 
2792	39 
2793	1 
2794	32 
2795	42 
2796	16 
2797	46 
2798	19 
2799	16 
2800	32 
2801	39 
2802	22 
2803	46 
2804	42 
2805	32 
2806	39 
2807	49 
2808	22 
2809	53 
2810	31 
2811	39 
2812	36 
2813	5 
2814	46 
2815	1 
2816	45 
2817	17 
2818	31 
2819	18 
2820	42 
2821	39 
2822	1 
2823	35 
2824	16 
2825	16 
2826	20 
2827	46 
2828	35 
2829	22 
2830	14 
2831	22 
2832	20 
2833	1 
2834	19 
2835	36 
2836	46 
2837	35 
2838	22 
2839	46 
2840	6 
2841	16 
2842	16 
2843	15 
2844	32 
2845	1 
2846	14 
2847	16 
2848	35 
2849	22 
2850	17 
2851	16 
2852	22 
2853	16 
2854	31 
2855	32 
2856	50 
2857	46 
2858	48 
2859	22 
2860	20 
2861	40 
2862	20 
2863	16 
2864	19 
2865	51 
2866	51 
2867	14 
2868	46 
2869	3 
2870	45 
2871	16 
2872	31 
2873	46 
2874	22 
2875	14 
2876	10 
2877	13 
2878	1 
2879	35 
2880	16 
2881	22 
2882	1 
2883	33 
2884	32 
2885	17 
2886	22 
2887	46 
2888	14 
2889	16 
2890	31 
2891	1 
2892	20 
2893	1 
2894	40 
2895	14 
2896	50 
2897	17 
2898	22 
2899	1 
2900	22 
2901	31 
2902	46 
2903	45 
2904	50 
2905	31 
2906	35 
2907	7 
2908	20 
2909	42 
2910	1 
2911	22 
2912	22 
2913	29 
2914	16 
2915	42 
2916	20 
2917	47 
2918	16 
2919	35 
2920	39 
2921	3 
2922	45 
2923	39 
2924	17 
2925	46 
2926	46 
2927	16 
2928	20 
2929	16 
2930	46 
2931	22 
2932	46 
2933	14 
2934	1 
2935	17 
2936	39 
2937	22 
2938	47 
2939	46 
2940	1 
2941	16 
2942	16 
2943	22 
2944	16 
2945	47 
2946	31 
2947	16 
2948	42 
2949	1 
2950	19 
2951	16 
2952	18 
2953	3 
2954	14 
2955	16 
2956	10 
2957	16 
2958	50 
2959	39 
2960	22 
2961	34 
2962	50 
2963	6 
2964	17 
2965	18 
2966	31 
2967	35 
2968	44 
2969	51 
2970	39 
2971	39 
2972	5 
2973	39 
2974	27 
2975	35 
2976	46 
2977	22 
2978	42 
2979	20 
2980	17 
2981	31 
2982	35 
2983	39 
2984	20 
2985	42 
2986	46 
2987	1 
2988	35 
2989	14 
2990	39 
2991	46 
2992	36 
2993	44 
2994	46 
2995	17 
2996	22 
2997	46 
2998	44 
2999	46 
3000	15 
3001	34 
3002	14 
3003	31 
3004	1 
3005	42 
3006	22 
3007	1 
3008	51 
3009	20 
3010	51 
3011	8 
3012	51 
3013	22 
3014	33 
3015	23 
3016	20 
3017	31 
3018	51 
3019	35 
3020	1 
3021	39 
3022	14 
3023	35 
3024	18 
3025	39 
3026	22 
3027	51 
3028	22 
3029	22 
3030	51 
3031	44 
3032	44 
3033	31 
3034	32 
3035	1 
3036	51 
3037	46 
3038	16 
3039	7 
3040	1 
3041	16 
3042	16 
3043	20 
3044	47 
3045	46 
3046	51 
3047	31 
3048	35 
3049	35 
3050	31 
3051	39 
3052	50 
3053	44 
3054	1 
3055	35 
3056	16 
3057	46 
3058	14 
3059	39 
3060	35 
3061	15 
3062	39 
3063	31 
3064	31 
3065	18 
3066	21 
3067	27 
3068	44 
3069	17 
3070	22 
3071	16 
3072	31 
3073	42 
3074	46 
3075	4 
3076	31 
3077	39 
3078	20 
3079	44 
3080	47 
3081	39 
3082	13 
3083	50 
3084	1 
3085	51 
3086	39 
3087	16 
3088	39 
3089	33 
3090	39 
3091	47 
3092	51 
3093	35 
3094	39 
3095	16 
3096	42 
3097	51 
3098	51 
3099	22 
3100	31 
3101	32 
3102	18 
3103	39 
3104	9 
3105	46 
3106	51 
3107	46 
3108	1 
3109	22 
3110	51 
3111	16 
3112	50 
3113	46 
3114	46 
3115	39 
3116	32 
3117	20 
3118	47 
3119	47 
3120	46 
3121	46 
3122	46 
3123	16 
3124	1 
3125	14 
3126	32 
3127	16 
3128	45 
3129	22 
3130	8 
3131	1 
3132	33 
3133	15 
3134	31 
3135	1 
3136	20 
3137	35 
3138	7 
3139	17 
3140	14 
3141	22 
3142	6 
3143	46 
3144	1 
3145	39 
3146	42 
3147	35 
3148	39 
3149	15 
3150	39 
3151	32 
3152	32 
3153	47 
3154	35 
3155	16 
3156	14 
3157	39 
3158	1 
3159	31 
3160	24 
3161	13 
3162	46 
3163	39 
3164	46 
3165	53 
3166	42 
3167	16 
3168	22 
3169	31 
3170	11 
3171	14 
3172	35 
3173	51 
3174	22 
3175	42 
3176	14 
3177	32 
3178	1 
3179	32 
3180	47 
3181	47 
3182	22 
3183	40 
3184	1 
3185	46 
3186	31 
3187	1 
3188	3 
3189	1 
3190	14 
3191	39 
3192	42 
3193	14 
3194	47 
3195	18 
3196	17 
3197	14 
3198	16 
3199	22 
3200	22 
3201	48 
3202	22 
3203	51 
3204	50 
3205	44 
3206	46 
3207	8 
3208	19 
3209	46 
3210	31 
3211	22 
3212	39 
3213	47 
3214	15 
3215	46 
3216	16 
3217	31 
3218	31 
3219	14 
3220	1 
3221	8 
3222	16 
3223	16 
3224	35 
3225	16 
3226	51 
3227	50 
3228	31 
3229	32 
3230	16 
3231	14 
3232	16 
3233	16 
3234	31 
3235	18 
3236	47 
3237	46 
3238	46 
3239	4 
3240	35 
3241	18 
3242	33 
3243	16 
3244	47 
3245	1 
3246	12 
3247	1 
3248	35 
3249	31 
3250	29 
3251	50 
3252	44 
3253	16 
3254	51 
3255	47 
3256	47 
3257	20 
3258	47 
3259	15 
3260	31 
3261	31 
3262	16 
3263	15 
3264	46 
3265	35 
3266	22 
3267	1 
3268	46 
3269	18 
3270	15 
3271	35 
3272	46 
3273	16 
3274	1 
3275	32 
3276	39 
3277	1 
3278	39 
3279	39 
3280	22 
3281	39 
3282	32 
3283	22 
3284	22 
3285	16 
3286	46 
3287	17 
3288	39 
3289	8 
3290	1 
3291	14 
3292	31 
3293	1 
3294	32 
3295	32 
3296	46 
3297	15 
3298	15 
3299	35 
3300	35 
3301	46 
3302	16 
3303	31 
3304	16 
3305	16 
3306	42 
3307	46 
3308	16 
3309	31 
3310	22 
3311	15 
3312	46 
3313	22 
3314	18 
3315	46 
3316	22 
3317	20 
3318	16 
3319	16 
3320	32 
3321	42 
3322	16 
3323	32 
3324	3 
3325	42 
3326	44 
3327	51 
3328	1 
3329	20 
3330	31 
3331	27 
3332	1 
3333	22 
3334	46 
3335	39 
3336	20 
3337	1 
3338	16 
3339	51 
3340	42 
3341	39 
3342	39 
3343	9 
3344	46 
3345	20 
3346	42 
3347	1 
3348	46 
3349	16 
3350	33 
3351	31 
3352	35 
3353	39 
3354	22 
3355	46 
3356	17 
3357	1 
3358	32 
3359	50 
3360	33 
3361	36 
3362	22 
3363	31 
3364	15 
3365	46 
3366	39 
3367	35 
3368	42 
3369	1 
3370	16 
3371	22 
3372	32 
3373	11 
3374	46 
3375	15 
3376	20 
3377	31 
3378	20 
3379	39 
3380	15 
3381	1 
3382	4 
3383	46 
3384	12 
3385	31 
3386	14 
3387	15 
3388	18 
3389	35 
3390	39 
3391	19 
3392	35 
3393	34 
3394	16 
3395	47 
3396	44 
3397	29 
3398	17 
3399	18 
3400	46 
3401	1 
3402	31 
3403	35 
3404	39 
3405	47 
3406	8 
3407	39 
3408	31 
3409	16 
3410	50 
3411	17 
3412	8 
3413	36 
3414	44 
3415	50 
3416	1 
3417	33 
3418	18 
3419	14 
3420	47 
3421	22 
3422	15 
3423	19 
3424	39 
3425	22 
3426	39 
3427	39 
3428	22 
3429	46 
3430	32 
3431	22 
3432	52 
3433	33 
3434	22 
3435	47 
3436	16 
3437	14 
3438	51 
3439	47 
3440	46 
3441	22 
3442	50 
3443	22 
3444	1 
3445	1 
3446	31 
3447	39 
3448	22 
3449	39 
3450	46 
3451	29 
3452	42 
3453	14 
3454	18 
3455	16 
3456	16 
3457	31 
3458	47 
3459	47 
3460	11 
3461	31 
3462	31 
3463	47 
3464	32 
3465	46 
3466	16 
3467	20 
3468	46 
3469	16 
3470	46 
3471	14 
3472	42 
3473	31 
3474	19 
3475	50 
3476	50 
3477	16 
3478	50 
3479	35 
3480	46 
3481	12 
3482	31 
3483	12 
3484	42 
3485	22 
3486	32 
3487	14 
3488	40 
3489	32 
3490	47 
3491	18 
3492	15 
3493	22 
3494	20 
3495	16 
3496	7 
3497	22 
3498	34 
3499	29 
3500	5 
3501	46 
3502	50 
3503	35 
3504	22 
3505	39 
3506	15 
3507	22 
3508	50 
3509	46 
3510	47 
3511	22 
3512	22 
3513	44 
3514	20 
3515	31 
3516	35 
3517	31 
3518	1 
3519	47 
3520	32 
3521	1 
3522	46 
3523	14 
3524	22 
3525	22 
3526	18 
3527	36 
3528	31 
3529	31 
3530	16 
3531	39 
3532	14 
3533	15 
3534	50 
3535	20 
3536	50 
3537	31 
3538	51 
3539	51 
3540	39 
3541	31 
3542	35 
3543	16 
3544	47 
3545	31 
3546	1 
3547	42 
3548	35 
3549	46 
3550	39 
3551	39 
3552	46 
3553	42 
3554	35 
3555	22 
3556	47 
3557	16 
3558	42 
3559	16 
3560	46 
3561	50 
3562	47 
3563	22 
3564	22 
3565	46 
3566	22 
3567	20 
3568	22 
3569	20 
3570	1 
3571	22 
3572	22 
3573	10 
3574	39 
3575	16 
3576	46 
3577	31 
3578	16 
3579	16 
3580	16 
3581	40 
3582	22 
3583	15 
3584	14 
3585	39 
3586	16 
3587	20 
3588	22 
3589	22 
3590	39 
3591	47 
3592	50 
3593	44 
3594	22 
3595	48 
3596	14 
3597	39 
3598	16 
3599	39 
3600	6 
3601	17 
3602	42 
3603	16 
3604	12 
3605	15 
3606	22 
3607	32 
3608	46 
3609	31 
3610	15 
3611	35 
3612	22 
3613	32 
3614	14 
3615	46 
3616	31 
3617	16 
3618	47 
3619	47 
3620	39 
3621	39 
3622	44 
3623	35 
3624	35 
3625	39 
3626	31 
3627	31 
3628	47 
3629	20 
3630	51 
3631	16 
3632	16 
3633	32 
3634	42 
3635	14 
3636	9 
3637	39 
3638	48 
3639	39 
3640	22 
3641	16 
3642	35 
3643	17 
3644	31 
3645	35 
3646	46 
3647	39 
3648	14 
3649	45 
3650	18 
3651	8 
3652	22 
3653	31 
3654	42 
3655	47 
3656	51 
3657	16 
3658	47 
3659	39 
3660	47 
3661	50 
3662	16 
3663	15 
3664	22 
3665	1 
3666	20 
3667	46 
3668	15 
3669	32 
3670	31 
3671	18 
3672	31 
3673	16 
3674	16 
3675	47 
3676	42 
3677	35 
3678	39 
3679	16 
3680	22 
3681	35 
3682	22 
3683	39 
3684	17 
3685	32 
3686	39 
3687	22 
3688	19 
3689	18 
3690	14 
3691	46 
3692	35 
3693	20 
3694	14 
3695	39 
3696	31 
3697	16 
3698	44 
3699	24 
3700	46 
3701	29 
3702	39 
3703	39 
3704	16 
3705	22 
3706	18 
3707	14 
3708	14 
3709	51 
3710	22 
3711	42 
3712	39 
3713	31 
3714	36 
3715	46 
3716	52 
3717	45 
3718	52 
3719	1 
3720	20 
3721	46 
3722	15 
3723	14 
3724	6 
3725	1 
3726	29 
3727	15 
3728	46 
3729	39 
3730	24 
3731	22 
3732	10 
3733	32 
3734	20 
3735	39 
3736	1 
3737	46 
3738	22 
3739	32 
3740	7 
3741	22 
3742	15 
3743	32 
3744	16 
3745	24 
3746	20 
3747	33 
3748	51 
3749	16 
3750	42 
3751	50 
3752	31 
3753	46 
3754	1 
3755	29 
3756	39 
3757	33 
3758	16 
3759	35 
3760	31 
3761	47 
3762	34 
3763	22 
3764	14 
3765	42 
3766	1 
3767	42 
3768	40 
3769	46 
3770	31 
3771	31 
3772	35 
3773	51 
3774	3 
3775	22 
3776	34 
3777	32 
3778	39 
3779	32 
3780	46 
3781	22 
3782	46 
3783	22 
3784	14 
3785	50 
3786	16 
3787	18 
3788	51 
3789	3 
3790	50 
3791	22 
3792	16 
3793	31 
3794	35 
3795	46 
3796	16 
3797	46 
3798	22 
3799	48 
3800	46 
3801	39 
3802	31 
3803	31 
3804	46 
3805	16 
3806	38 
3807	44 
3808	46 
3809	50 
3810	46 
3811	39 
3812	39 
3813	39 
3814	18 
3815	31 
3816	46 
3817	46 
3818	42 
3819	20 
3820	31 
3821	7 
3822	16 
3823	31 
3824	46 
3825	31 
3826	29 
3827	14 
3828	7 
3829	14 
3830	46 
3831	16 
3832	47 
3833	39 
3834	39 
3835	45 
3836	14 
3837	22 
3838	42 
3839	46 
3840	42 
3841	31 
3842	16 
3843	47 
3844	46 
3845	46 
3846	50 
3847	44 
3848	16 
3849	49 
3850	42 
3851	31 
3852	44 
3853	5 
3854	1 
3855	34 
3856	1 
3857	42 
3858	35 
3859	34 
3860	16 
3861	35 
3862	14 
3863	32 
3864	46 
3865	39 
3866	42 
3867	47 
3868	20 
3869	15 
3870	14 
3871	39 
3872	46 
3873	39 
3874	32 
3875	14 
3876	16 
3877	39 
3878	42 
3879	31 
3880	35 
3881	35 
3882	39 
3883	46 
3884	22 
3885	50 
3886	47 
3887	12 
3888	12 
3889	1 
3890	1 
3891	39 
3892	32 
3893	46 
3894	31 
3895	31 
3896	31 
3897	35 
3898	39 
3899	31 
3900	22 
3901	22 
3902	46 
3903	1 
3904	32 
3905	19 
3906	22 
3907	42 
3908	42 
3909	34 
3910	46 
3911	47 
3912	3 
3913	46 
3914	39 
3915	46 
3916	39 
3917	16 
3918	22 
3919	16 
3920	31 
3921	42 
3922	20 
3923	38 
3924	42 
3925	31 
3926	31 
3927	20 
3928	42 
3929	15 
3930	19 
3931	4 
3932	9 
3933	22 
3934	50 
3935	22 
3936	20 
3937	35 
3938	33 
3939	20 
3940	35 
3941	14 
3942	44 
3943	34 
3944	22 
3945	35 
3946	35 
3947	46 
3948	35 
3949	22 
3950	20 
3951	47 
3952	51 
3953	16 
3954	14 
3955	22 
3956	39 
3957	34 
3958	51 
3959	20 
3960	44 
3961	16 
3962	16 
3963	42 
3964	19 
3965	12 
3966	1 
3967	15 
3968	22 
3969	22 
3970	46 
3971	20 
3972	17 
3973	22 
3974	6 
3975	46 
3976	46 
3977	35 
3978	47 
3979	32 
3980	20 
3981	22 
3982	51 
3983	20 
3984	31 
3985	14 
3986	19 
3987	51 
3988	31 
3989	39 
3990	39 
3991	47 
3992	47 
3993	46 
3994	46 
3995	47 
3996	36 
3997	16 
3998	1 
3999	16 
4000	1 
4001	7 
4002	14 
4003	1 
4004	31 
4005	14 
4006	42 
4007	31 
4008	16 
4009	39 
4010	44 
4011	20 
4012	20 
4013	22 
4014	1 
4015	31 
4016	16 
4017	46 
4018	47 
4019	22 
4020	42 
4021	12 
4022	22 
4023	17 
4024	46 
4025	15 
4026	16 
4027	6 
4028	32 
4029	50 
4030	38 
4031	31 
4032	46 
4033	22 
4034	39 
4035	47 
4036	31 
4037	47 
4038	42 
4039	18 
4040	32 
4041	31 
4042	22 
4043	46 
4044	46 
4045	46 
4046	35 
4047	22 
4048	46 
4049	31 
4050	22 
4051	40 
4052	17 
4053	20 
4054	32 
4055	46 
4056	9 
4057	8 
4058	17 
4059	29 
4060	31 
4061	1 
4062	46 
4063	20 
4064	20 
4065	45 
4066	46 
4067	42 
4068	22 
4069	22 
4070	52 
4071	31 
4072	32 
4073	39 
4074	31 
4075	34 
4076	32 
4077	16 
4078	16 
4079	39 
4080	22 
4081	20 
4082	42 
4083	22 
4084	40 
4085	5 
4086	31 
4087	12 
4088	35 
4089	45 
4090	22 
4091	22 
4092	22 
4093	16 
4094	31 
4095	51 
4096	42 
4097	35 
4098	46 
4099	31 
4100	16 
4101	19 
4102	45 
4103	22 
4104	16 
4105	31 
4106	53 
4107	22 
4108	15 
4109	17 
4110	39 
4111	39 
4112	39 
4113	46 
4114	19 
4115	18 
4116	47 
4117	42 
4118	35 
4119	16 
4120	14 
4121	39 
4122	14 
4123	36 
4124	29 
4125	16 
4126	47 
4127	39 
4128	22 
4129	16 
4130	35 
4131	34 
4132	18 
4133	44 
4134	22 
4135	14 
4136	46 
4137	18 
4138	31 
4139	20 
4140	16 
4141	20 
4142	18 
4143	35 
4144	14 
4145	42 
4146	49 
4147	1 
4148	1 
4149	50 
4150	35 
4151	18 
4152	32 
4153	16 
4154	39 
4155	17 
4156	1 
4157	51 
4158	19 
4159	16 
4160	16 
4161	1 
4162	34 
4163	36 
4164	46 
4165	46 
4166	47 
4167	22 
4168	35 
4169	20 
4170	32 
4171	46 
4172	22 
4173	35 
4174	42 
4175	39 
4176	20 
4177	20 
4178	9 
4179	3 
4180	12 
4181	39 
4182	51 
4183	22 
4184	39 
4185	16 
4186	35 
4187	35 
4188	31 
4189	18 
4190	22 
4191	39 
4192	22 
4193	50 
4194	1 
4195	33 
4196	8 
4197	51 
4198	22 
4199	32 
4200	46 
4201	18 
4202	46 
4203	16 
4204	12 
4205	50 
4206	22 
4207	1 
4208	22 
4209	22 
4210	46 
4211	1 
4212	35 
4213	16 
4214	39 
4215	22 
4216	22 
4217	14 
4218	50 
4219	32 
4220	16 
4221	42 
4222	15 
4223	16 
4224	22 
4225	45 
4226	1 
4227	46 
4228	31 
4229	31 
4230	39 
4231	22 
4232	35 
4233	31 
4234	47 
4235	50 
4236	14 
4237	31 
4238	16 
4239	39 
4240	35 
4241	32 
4242	42 
4243	20 
4244	47 
4245	42 
4246	16 
4247	46 
4248	16 
4249	22 
4250	14 
4251	16 
4252	22 
4253	47 
4254	22 
4255	42 
4256	42 
4257	14 
4258	1 
4259	17 
4260	46 
4261	53 
4262	39 
4263	18 
4264	46 
4265	22 
4266	1 
4267	52 
4268	51 
4269	14 
4270	33 
4271	19 
4272	22 
4273	31 
4274	47 
4275	14 
4276	39 
4277	47 
4278	22 
4279	31 
4280	14 
4281	22 
4282	42 
4283	42 
4284	22 
4285	17 
4286	39 
4287	22 
4288	31 
4289	42 
4290	16 
4291	46 
4292	35 
4293	35 
4294	9 
4295	4 
4296	46 
4297	1 
4298	7 
4299	1 
4300	31 
4301	1 
4302	16 
4303	32 
4304	32 
4305	16 
4306	46 
4307	22 
4308	16 
4309	10 
4310	50 
4311	18 
4312	44 
4313	22 
4314	17 
4315	12 
4316	42 
4317	35 
4318	22 
4319	16 
4320	22 
4321	32 
4322	32 
4323	31 
4324	31 
4325	1 
4326	32 
4327	46 
4328	20 
4329	53 
4330	46 
4331	16 
4332	31 
4333	1 
4334	31 
4335	20 
4336	29 
4337	31 
4338	22 
4339	50 
4340	1 
4341	16 
4342	46 
4343	39 
4344	1 
4345	46 
4346	32 
4347	51 
4348	44 
4349	20 
4350	9 
4351	46 
4352	14 
4353	47 
4354	46 
4355	10 
4356	44 
4357	22 
4358	15 
4359	36 
4360	16 
4361	16 
4362	50 
4363	46 
4364	46 
4365	44 
4366	39 
4367	22 
4368	4 
4369	18 
4370	31 
4371	46 
4372	46 
4373	46 
4374	20 
4375	14 
4376	46 
4377	20 
4378	12 
4379	32 
4380	20 
4381	16 
4382	39 
4383	31 
4384	47 
4385	22 
4386	31 
4387	1 
4388	1 
4389	46 
4390	16 
4391	39 
4392	31 
4393	44 
4394	48 
4395	19 
4396	39 
4397	18 
4398	18 
4399	20 
4400	16 
4401	20 
4402	46 
4403	39 
4404	16 
4405	16 
4406	32 
4407	12 
4408	15 
4409	17 
4410	1 
4411	16 
4412	4 
4413	20 
4414	32 
4415	39 
4416	1 
4417	31 
4418	16 
4419	39 
4420	39 
4421	16 
4422	45 
4423	18 
4424	16 
4425	22 
4426	51 
4427	15 
4428	22 
4429	1 
4430	18 
4431	32 
4432	46 
4433	10 
4434	22 
4435	50 
4436	44 
4437	51 
4438	32 
4439	1 
4440	46 
4441	51 
4442	14 
4443	47 
4444	35 
4445	1 
4446	51 
4447	18 
4448	7 
4449	35 
4450	45 
4451	31 
4452	22 
4453	22 
4454	45 
4455	17 
4456	22 
4457	46 
4458	22 
4459	50 
4460	34 
4461	39 
4462	1 
4463	35 
4464	20 
4465	47 
4466	20 
4467	18 
4468	3 
4469	31 
4470	22 
4471	52 
4472	35 
4473	17 
4474	18 
4475	47 
4476	31 
4477	39 
4478	48 
4479	47 
4480	3 
4481	29 
4482	20 
4483	46 
4484	22 
4485	22 
4486	8 
4487	17 
4488	1 
4489	44 
4490	1 
4491	47 
4492	16 
4493	46 
4494	16 
4495	17 
4496	35 
4497	16 
4498	31 
4499	1 
4500	51 
4501	16 
4502	39 
4503	15 
4504	18 
4505	44 
4506	46 
4507	1 
4508	15 
4509	47 
4510	1 
4511	14 
4512	14 
4513	20 
4514	31 
4515	44 
4516	15 
4517	39 
4518	12 
4519	39 
4520	15 
4521	46 
4522	32 
4523	22 
4524	22 
4525	18 
4526	20 
4527	20 
4528	20 
4529	46 
4530	32 
4531	44 
4532	20 
4533	31 
4534	51 
4535	50 
4536	39 
4537	53 
4538	29 
4539	22 
4540	22 
4541	16 
4542	35 
4543	17 
4544	32 
4545	31 
4546	22 
4547	22 
4548	17 
4549	46 
4550	35 
4551	22 
4552	51 
4553	31 
4554	35 
4555	22 
4556	1 
4557	14 
4558	16 
4559	31 
4560	42 
4561	47 
4562	31 
4563	16 
4564	32 
4565	51 
4566	36 
4567	22 
4568	6 
4569	47 
4570	16 
4571	50 
4572	31 
4573	50 
4574	39 
4575	16 
4576	1 
4577	51 
4578	46 
4579	22 
4580	32 
4581	31 
4582	46 
4583	22 
4584	1 
4585	20 
4586	18 
4587	16 
4588	35 
4589	35 
4590	16 
4591	22 
4592	39 
4593	16 
4594	1 
4595	50 
4596	46 
4597	7 
4598	46 
4599	31 
4600	1 
4601	31 
4602	47 
4603	20 
4604	39 
4605	14 
4606	22 
4607	1 
4608	20 
4609	36 
4610	42 
4611	16 
4612	31 
4613	47 
4614	34 
4615	20 
4616	39 
4617	18 
4618	44 
4619	6 
4620	14 
4621	17 
4622	31 
4623	45 
4624	16 
4625	53 
4626	22 
4627	20 
4628	22 
4629	47 
4630	44 
4631	16 
4632	35 
4633	39 
4634	16 
4635	42 
4636	33 
4637	31 
4638	22 
4639	31 
4640	18 
4641	46 
4642	15 
4643	32 
4644	39 
4645	15 
4646	39 
4647	31 
4648	39 
4649	7 
4650	14 
4651	47 
4652	34 
4653	16 
4654	20 
4655	45 
4656	31 
4657	39 
4658	16 
4659	35 
4660	29 
4661	39 
4662	47 
4663	39 
4664	16 
4665	22 
4666	16 
4667	31 
4668	50 
4669	1 
4670	7 
4671	46 
4672	44 
4673	35 
4674	17 
4675	20 
4676	15 
4677	22 
4678	22 
4679	16 
4680	32 
4681	39 
4682	1 
4683	1 
4684	1 
4685	22 
4686	22 
4687	22 
4688	17 
4689	16 
4690	39 
4691	39 
4692	16 
4693	34 
4694	39 
4695	18 
4696	47 
4697	14 
4698	39 
4699	22 
4700	16 
4701	32 
4702	39 
4703	39 
4704	42 
4705	46 
4706	16 
4707	39 
4708	29 
4709	14 
4710	14 
4711	17 
4712	14 
4713	35 
4714	12 
4715	50 
4716	39 
4717	16 
4718	47 
4719	12 
4720	32 
4721	20 
4722	42 
4723	45 
4724	14 
4725	20 
4726	15 
4727	35 
4728	39 
4729	22 
4730	18 
4731	31 
4732	15 
4733	51 
4734	46 
4735	39 
4736	45 
4737	44 
4738	31 
4739	35 
4740	39 
4741	15 
4742	18 
4743	46 
4744	42 
4745	31 
4746	39 
4747	14 
4748	31 
4749	31 
4750	31 
4751	1 
4752	17 
4753	46 
4754	51 
4755	33 
4756	17 
4757	31 
4758	14 
4759	20 
4760	46 
4761	22 
4762	31 
4763	29 
4764	35 
4765	39 
4766	15 
4767	1 
4768	22 
4769	35 
4770	15 
4771	42 
4772	46 
4773	32 
4774	18 
4775	31 
4776	1 
4777	35 
4778	16 
4779	1 
4780	32 
4781	35 
4782	14 
4783	18 
4784	31 
4785	16 
4786	8 
4787	51 
4788	51 
4789	1 
4790	46 
4791	35 
4792	22 
4793	35 
4794	22 
4795	31 
4796	42 
4797	31 
4798	22 
4799	16 
4800	15 
4801	46 
4802	46 
4803	20 
4804	34 
4805	47 
4806	14 
4807	16 
4808	42 
4809	42 
4810	1 
4811	22 
4812	46 
4813	20 
4814	39 
4815	16 
4816	16 
4817	39 
4818	39 
4819	47 
4820	16 
4821	31 
4822	22 
4823	51 
4824	39 
4825	16 
4826	47 
4827	16 
4828	22 
4829	51 
4830	16 
4831	50 
4832	1 
4833	16 
4834	14 
4835	12 
4836	18 
4837	46 
4838	46 
4839	22 
4840	31 
4841	51 
4842	42 
4843	42 
4844	22 
4845	22 
4846	16 
4847	32 
4848	31 
4849	20 
4850	39 
4851	14 
4852	42 
4853	32 
4854	22 
4855	42 
4856	39 
4857	12 
4858	32 
4859	16 
4860	16 
4861	14 
4862	39 
4863	47 
4864	18 
4865	14 
4866	20 
4867	45 
4868	35 
4869	15 
4870	46 
4871	16 
4872	20 
4873	46 
4874	32 
4875	46 
4876	22 
4877	39 
4878	32 
4879	50 
4880	20 
4881	31 
4882	39 
4883	46 
4884	18 
4885	32 
4886	14 
4887	17 
4888	15 
4889	39 
4890	47 
4891	46 
4892	31 
4893	50 
4894	22 
4895	39 
4896	20 
4897	42 
4898	50 
4899	1 
4900	22 
4901	18 
4902	18 
4903	35 
4904	39 
4905	17 
4906	46 
4907	22 
4908	31 
4909	20 
4910	22 
4911	39 
4912	22 
4913	16 
4914	46 
4915	39 
4916	22 
4917	16 
4918	31 
4919	22 
4920	1 
4921	1 
4922	46 
4923	42 
4924	1 
4925	16 
4926	31 
4927	14 
4928	22 
4929	16 
4930	46 
4931	35 
4932	39 
4933	46 
4934	14 
4935	39 
4936	39 
4937	51 
4938	22 
4939	35 
4940	14 
4941	39 
4942	46 
4943	50 
4944	47 
4945	47 
4946	22 
4947	47 
4948	47 
4949	39 
4950	20 
4951	47 
4952	1 
4953	46 
4954	22 
4955	1 
4956	16 
4957	16 
4958	16 
4959	14 
4960	47 
4961	51 
4962	1 
4963	31 
4964	46 
4965	16 
4966	16 
4967	51 
4968	16 
4969	46 
4970	47 
4971	46 
4972	14 
4973	42 
4974	51 
4975	22 
4976	31 
4977	35 
4978	22 
4979	16 
4980	22 
4981	35 
4982	46 
4983	39 
4984	22 
4985	31 
4986	39 
4987	39 
4988	22 
4989	22 
4990	47 
4991	47 
4992	46 
4993	46 
4994	22 
4995	39 
4996	16 
4997	46 
4998	39 
4999	39 
5000	46 
