1	22 
2	20 
3	21 
4	3 
5	10 
6	1 
7	14 
8	26 
9	25 
10	9 
11	2 
12	26 
13	8 
14	29 
15	14 
16	28 
17	29 
18	28 
19	4 
20	12 
21	23 
22	9 
23	14 
24	5 
25	12 
26	7 
27	23 
28	20 
29	13 
30	11 
31	28 
32	27 
33	14 
34	24 
35	10 
36	19 
37	11 
38	17 
39	12 
40	24 
41	1 
42	21 
43	10 
44	6 
45	19 
46	14 
47	7 
48	5 
49	1 
50	19 
51	20 
52	25 
53	10 
54	28 
55	26 
56	24 
57	28 
58	1 
59	12 
60	7 
61	25 
62	15 
63	23 
64	12 
65	27 
66	28 
67	25 
68	27 
69	15 
70	6 
71	29 
72	2 
73	6 
74	9 
75	8 
76	7 
77	10 
78	27 
79	17 
80	18 
81	22 
82	8 
83	1 
84	17 
85	14 
86	5 
87	12 
88	6 
89	18 
90	16 
91	9 
92	29 
93	30 
94	17 
95	9 
96	23 
97	1 
98	26 
99	28 
100	12 
101	2 
102	14 
103	10 
104	17 
105	29 
106	2 
107	14 
108	9 
109	26 
110	4 
111	14 
112	10 
113	12 
114	22 
115	10 
116	14 
117	25 
118	13 
119	21 
120	17 
121	30 
122	4 
123	15 
124	9 
125	8 
126	3 
127	4 
128	15 
129	12 
130	23 
131	3 
132	11 
133	2 
134	25 
135	5 
136	3 
137	22 
138	20 
139	5 
140	26 
141	3 
142	5 
143	8 
144	26 
145	13 
146	12 
147	24 
148	9 
149	3 
150	1 
151	30 
152	2 
153	18 
154	10 
155	24 
156	29 
157	16 
158	15 
159	24 
160	8 
161	22 
162	23 
163	12 
164	11 
165	23 
166	21 
167	11 
168	9 
169	14 
170	8 
171	1 
172	21 
173	15 
174	23 
175	30 
176	22 
177	2 
178	19 
179	12 
180	14 
181	29 
182	5 
183	11 
184	11 
185	13 
186	28 
187	12 
188	20 
189	1 
190	26 
191	7 
192	19 
193	14 
194	27 
195	27 
196	19 
197	24 
198	18 
199	29 
200	9 
201	11 
202	10 
203	10 
204	23 
205	23 
206	20 
207	27 
208	21 
209	12 
210	14 
211	14 
212	10 
213	14 
214	4 
215	3 
216	2 
217	3 
218	21 
219	24 
220	5 
221	17 
222	10 
223	9 
224	24 
225	20 
226	27 
227	5 
228	7 
229	11 
230	15 
231	13 
232	1 
233	2 
234	12 
235	17 
236	26 
237	7 
238	21 
239	11 
240	20 
241	10 
242	3 
243	6 
244	14 
245	20 
246	26 
247	8 
248	14 
249	14 
250	5 
251	26 
252	26 
253	22 
254	30 
255	2 
256	9 
257	19 
258	16 
259	10 
260	8 
261	9 
262	3 
263	28 
264	23 
265	11 
266	27 
267	12 
268	9 
269	14 
270	23 
271	9 
272	21 
273	24 
274	19 
275	12 
276	25 
277	24 
278	1 
279	2 
280	28 
281	2 
282	5 
283	12 
284	27 
285	15 
286	29 
287	5 
288	19 
289	9 
290	5 
291	1 
292	23 
293	4 
294	20 
295	27 
296	28 
297	17 
298	22 
299	21 
300	25 
301	19 
302	4 
303	25 
304	12 
305	16 
306	28 
307	17 
308	3 
309	20 
310	1 
311	2 
312	20 
313	19 
314	27 
315	2 
316	3 
317	18 
318	18 
319	10 
320	10 
321	18 
322	21 
323	12 
324	23 
325	3 
326	16 
327	18 
328	25 
329	16 
330	23 
331	4 
332	25 
333	12 
334	13 
335	17 
336	22 
337	30 
338	11 
339	11 
340	27 
341	12 
342	3 
343	2 
344	28 
345	5 
346	3 
347	12 
348	24 
349	1 
350	18 
351	28 
352	26 
353	25 
354	19 
355	12 
356	12 
357	22 
358	5 
359	4 
360	14 
361	8 
362	12 
363	9 
364	4 
365	2 
366	22 
367	5 
368	24 
369	3 
370	15 
371	10 
372	5 
373	3 
374	30 
375	27 
376	1 
377	2 
378	26 
379	30 
380	27 
381	14 
382	11 
383	24 
384	5 
385	18 
386	23 
387	10 
388	20 
389	1 
390	10 
391	5 
392	11 
393	9 
394	3 
395	17 
396	12 
397	20 
398	29 
399	12 
400	3 
401	28 
402	10 
403	15 
404	8 
405	6 
406	25 
407	26 
408	21 
409	23 
410	2 
411	21 
412	18 
413	3 
414	8 
415	4 
416	13 
417	30 
418	14 
419	30 
420	7 
421	19 
422	16 
423	25 
424	17 
425	27 
426	16 
427	28 
428	25 
429	20 
430	8 
431	28 
432	15 
433	3 
434	18 
435	27 
436	15 
437	27 
438	19 
439	21 
440	15 
441	8 
442	7 
443	6 
444	28 
445	11 
446	17 
447	25 
448	18 
449	27 
450	13 
451	14 
452	20 
453	25 
454	20 
455	10 
456	20 
457	18 
458	10 
459	20 
460	25 
461	10 
462	21 
463	29 
464	9 
465	16 
466	16 
467	25 
468	18 
469	16 
470	15 
471	30 
472	19 
473	11 
474	18 
475	4 
476	10 
477	8 
478	30 
479	5 
480	29 
481	20 
482	28 
483	17 
484	2 
485	9 
486	14 
487	23 
488	17 
489	5 
490	27 
491	29 
492	21 
493	5 
494	27 
495	6 
496	14 
497	22 
498	15 
499	26 
500	5 
501	7 
502	3 
503	4 
504	19 
505	10 
506	30 
507	1 
508	29 
509	12 
510	14 
511	2 
512	4 
513	15 
514	14 
515	4 
516	11 
517	16 
518	18 
519	13 
520	3 
521	15 
522	21 
523	28 
524	23 
525	12 
526	7 
527	15 
528	21 
529	5 
530	19 
531	6 
532	1 
533	25 
534	14 
535	7 
536	17 
537	12 
538	24 
539	22 
540	29 
541	18 
542	13 
543	30 
544	15 
545	4 
546	27 
547	18 
548	9 
549	2 
550	8 
551	28 
552	15 
553	19 
554	20 
555	13 
556	25 
557	27 
558	9 
559	25 
560	28 
561	9 
562	26 
563	20 
564	16 
565	28 
566	7 
567	9 
568	9 
569	14 
570	1 
571	25 
572	21 
573	27 
574	19 
575	9 
576	27 
577	24 
578	5 
579	2 
580	3 
581	4 
582	14 
583	23 
584	24 
585	21 
586	5 
587	4 
588	4 
589	3 
590	3 
591	20 
592	10 
593	10 
594	24 
595	27 
596	12 
597	29 
598	26 
599	14 
600	1 
601	5 
602	26 
603	13 
604	20 
605	4 
606	6 
607	25 
608	9 
609	19 
610	12 
611	4 
612	30 
613	27 
614	13 
615	18 
616	6 
617	14 
618	29 
619	5 
620	4 
621	28 
622	14 
623	19 
624	1 
625	7 
626	5 
627	22 
628	23 
629	10 
630	14 
631	1 
632	10 
633	7 
634	19 
635	24 
636	19 
637	4 
638	19 
639	30 
640	23 
641	27 
642	19 
643	11 
644	16 
645	12 
646	29 
647	10 
648	11 
649	28 
650	28 
651	15 
652	1 
653	7 
654	9 
655	16 
656	13 
657	17 
658	10 
659	20 
660	3 
661	18 
662	30 
663	22 
664	8 
665	17 
666	25 
667	29 
668	20 
669	7 
670	9 
671	10 
672	1 
673	12 
674	3 
675	26 
676	25 
677	11 
678	21 
679	3 
680	7 
681	21 
682	29 
683	3 
684	8 
685	7 
686	29 
687	3 
688	27 
689	14 
690	20 
691	22 
692	3 
693	24 
694	3 
695	14 
696	10 
697	5 
698	27 
699	5 
700	28 
701	9 
702	6 
703	2 
704	28 
705	3 
706	25 
707	13 
708	14 
709	5 
710	14 
711	17 
712	21 
713	20 
714	26 
715	8 
716	26 
717	9 
718	14 
719	8 
720	7 
721	5 
722	16 
723	19 
724	16 
725	25 
726	3 
727	5 
728	7 
729	16 
730	17 
731	2 
732	6 
733	2 
734	22 
735	25 
736	18 
737	19 
738	27 
739	8 
740	24 
741	8 
742	26 
743	14 
744	24 
745	28 
746	20 
747	29 
748	10 
749	8 
750	10 
751	25 
752	16 
753	17 
754	4 
755	18 
756	9 
757	10 
758	7 
759	13 
760	18 
761	23 
762	5 
763	13 
764	17 
765	18 
766	7 
767	5 
768	20 
769	21 
770	26 
771	16 
772	12 
773	21 
774	9 
775	10 
776	9 
777	29 
778	8 
779	10 
780	4 
781	1 
782	23 
783	2 
784	13 
785	8 
786	3 
787	13 
788	20 
789	2 
790	26 
791	20 
792	14 
793	5 
794	8 
795	9 
796	12 
797	17 
798	1 
799	19 
800	4 
801	14 
802	30 
803	14 
804	1 
805	5 
806	1 
807	26 
808	7 
809	18 
810	22 
811	9 
812	23 
813	11 
814	18 
815	15 
816	8 
817	10 
818	14 
819	9 
820	20 
821	15 
822	26 
823	22 
824	27 
825	14 
826	1 
827	13 
828	6 
829	15 
830	9 
831	7 
832	15 
833	2 
834	9 
835	30 
836	28 
837	5 
838	28 
839	27 
840	20 
841	20 
842	15 
843	3 
844	8 
845	23 
846	13 
847	3 
848	26 
849	30 
850	20 
851	30 
852	2 
853	3 
854	23 
855	12 
856	23 
857	11 
858	6 
859	5 
860	15 
861	24 
862	14 
863	12 
864	1 
865	29 
866	5 
867	27 
868	13 
869	7 
870	10 
871	20 
872	8 
873	23 
874	28 
875	1 
876	13 
877	11 
878	27 
879	21 
880	19 
881	15 
882	14 
883	30 
884	7 
885	6 
886	3 
887	30 
888	1 
889	2 
890	21 
891	16 
892	23 
893	25 
894	7 
895	2 
896	12 
897	20 
898	23 
899	9 
900	26 
901	29 
902	21 
903	12 
904	27 
905	24 
906	16 
907	21 
908	9 
909	20 
910	27 
911	23 
912	25 
913	20 
914	18 
915	11 
916	3 
917	22 
918	25 
919	12 
920	26 
921	14 
922	29 
923	25 
924	14 
925	7 
926	10 
927	6 
928	18 
929	27 
930	5 
931	27 
932	20 
933	28 
934	9 
935	29 
936	10 
937	11 
938	28 
939	18 
940	12 
941	21 
942	30 
943	18 
944	17 
945	25 
946	1 
947	15 
948	10 
949	29 
950	4 
951	6 
952	9 
953	17 
954	11 
955	27 
956	16 
957	2 
958	16 
959	5 
960	15 
961	29 
962	27 
963	23 
964	2 
965	29 
966	13 
967	21 
968	8 
969	24 
970	12 
971	30 
972	3 
973	22 
974	3 
975	30 
976	14 
977	1 
978	30 
979	14 
980	17 
981	14 
982	8 
983	19 
984	30 
985	29 
986	23 
987	11 
988	27 
989	22 
990	9 
991	27 
992	20 
993	23 
994	30 
995	28 
996	26 
997	10 
998	6 
999	18 
1000	25 
1001	2 
1002	26 
1003	9 
1004	13 
1005	8 
1006	22 
1007	22 
1008	27 
1009	14 
1010	21 
1011	23 
1012	12 
1013	7 
1014	25 
1015	2 
1016	8 
1017	23 
1018	10 
1019	14 
1020	7 
1021	26 
1022	3 
1023	29 
1024	3 
1025	14 
1026	7 
1027	27 
1028	25 
1029	10 
1030	28 
1031	10 
1032	2 
1033	6 
1034	18 
1035	26 
1036	7 
1037	4 
1038	13 
1039	4 
1040	12 
1041	4 
1042	27 
1043	15 
1044	9 
1045	18 
1046	11 
1047	13 
1048	27 
1049	5 
1050	11 
1051	13 
1052	4 
1053	22 
1054	9 
1055	14 
1056	29 
1057	26 
1058	23 
1059	23 
1060	27 
1061	15 
1062	9 
1063	25 
1064	20 
1065	6 
1066	30 
1067	18 
1068	28 
1069	18 
1070	5 
1071	12 
1072	28 
1073	20 
1074	16 
1075	1 
1076	21 
1077	28 
1078	24 
1079	30 
1080	28 
1081	27 
1082	29 
1083	30 
1084	20 
1085	9 
1086	18 
1087	21 
1088	27 
1089	16 
1090	27 
1091	4 
1092	14 
1093	28 
1094	25 
1095	6 
1096	15 
1097	14 
1098	20 
1099	11 
1100	9 
1101	23 
1102	22 
1103	11 
1104	27 
1105	6 
1106	30 
1107	3 
1108	8 
1109	15 
1110	22 
1111	2 
1112	2 
1113	1 
1114	8 
1115	23 
1116	8 
1117	16 
1118	20 
1119	2 
1120	14 
1121	21 
1122	16 
1123	9 
1124	9 
1125	16 
1126	20 
1127	17 
1128	5 
1129	18 
1130	15 
1131	27 
1132	14 
1133	22 
1134	19 
1135	17 
1136	18 
1137	13 
1138	23 
1139	9 
1140	28 
1141	30 
1142	2 
1143	15 
1144	15 
1145	14 
1146	2 
1147	19 
1148	30 
1149	29 
1150	10 
1151	10 
1152	9 
1153	11 
1154	28 
1155	25 
1156	10 
1157	11 
1158	20 
1159	27 
1160	10 
1161	7 
1162	12 
1163	20 
1164	3 
1165	12 
1166	21 
1167	1 
1168	11 
1169	20 
1170	9 
1171	6 
1172	18 
1173	2 
1174	30 
1175	3 
1176	2 
1177	25 
1178	4 
1179	15 
1180	6 
1181	22 
1182	28 
1183	29 
1184	19 
1185	29 
1186	20 
1187	20 
1188	12 
1189	30 
1190	1 
1191	20 
1192	5 
1193	20 
1194	15 
1195	14 
1196	5 
1197	5 
1198	10 
1199	14 
1200	12 
1201	1 
1202	26 
1203	5 
1204	7 
1205	16 
1206	21 
1207	28 
1208	21 
1209	8 
1210	10 
1211	25 
1212	8 
1213	29 
1214	4 
1215	2 
1216	9 
1217	27 
1218	2 
1219	16 
1220	8 
1221	18 
1222	24 
1223	30 
1224	11 
1225	13 
1226	4 
1227	17 
1228	15 
1229	17 
1230	8 
1231	7 
1232	30 
1233	23 
1234	1 
1235	13 
1236	21 
1237	8 
1238	19 
1239	7 
1240	7 
1241	9 
1242	3 
1243	3 
1244	26 
1245	22 
1246	30 
1247	12 
1248	20 
1249	11 
1250	6 
1251	29 
1252	8 
1253	17 
1254	1 
1255	8 
1256	26 
1257	29 
1258	23 
1259	17 
1260	23 
1261	25 
1262	17 
1263	27 
1264	23 
1265	10 
1266	30 
1267	14 
1268	16 
1269	21 
1270	16 
1271	10 
1272	18 
1273	15 
1274	18 
1275	1 
1276	28 
1277	20 
1278	15 
1279	12 
1280	25 
1281	19 
1282	7 
1283	10 
1284	12 
1285	4 
1286	29 
1287	5 
1288	3 
1289	2 
1290	25 
1291	2 
1292	27 
1293	24 
1294	20 
1295	21 
1296	17 
1297	18 
1298	11 
1299	2 
1300	8 
1301	20 
1302	1 
1303	6 
1304	25 
1305	2 
1306	28 
1307	2 
1308	13 
1309	16 
1310	4 
1311	12 
1312	15 
1313	18 
1314	16 
1315	25 
1316	15 
1317	9 
1318	20 
1319	25 
1320	1 
1321	5 
1322	16 
1323	19 
1324	23 
1325	23 
1326	20 
1327	20 
1328	20 
1329	6 
1330	23 
1331	10 
1332	29 
1333	13 
1334	12 
1335	17 
1336	17 
1337	5 
1338	1 
1339	30 
1340	17 
1341	20 
1342	11 
1343	2 
1344	9 
1345	14 
1346	14 
1347	10 
1348	26 
1349	21 
1350	22 
1351	29 
1352	26 
1353	11 
1354	28 
1355	13 
1356	18 
1357	21 
1358	6 
1359	7 
1360	1 
1361	19 
1362	14 
1363	3 
1364	1 
1365	26 
1366	25 
1367	11 
1368	20 
1369	5 
1370	28 
1371	4 
1372	28 
1373	23 
1374	6 
1375	18 
1376	27 
1377	10 
1378	28 
1379	13 
1380	18 
1381	2 
1382	29 
1383	19 
1384	3 
1385	20 
1386	17 
1387	10 
1388	6 
1389	23 
1390	17 
1391	29 
1392	3 
1393	5 
1394	14 
1395	26 
1396	20 
1397	24 
1398	22 
1399	23 
1400	6 
1401	13 
1402	18 
1403	25 
1404	27 
1405	17 
1406	5 
1407	27 
1408	3 
1409	23 
1410	3 
1411	19 
1412	7 
1413	30 
1414	5 
1415	12 
1416	7 
1417	16 
1418	5 
1419	28 
1420	13 
1421	10 
1422	20 
1423	2 
1424	8 
1425	12 
1426	25 
1427	22 
1428	10 
1429	3 
1430	25 
1431	12 
1432	27 
1433	28 
1434	3 
1435	10 
1436	15 
1437	23 
1438	13 
1439	28 
1440	20 
1441	26 
1442	21 
1443	8 
1444	19 
1445	25 
1446	6 
1447	14 
1448	26 
1449	15 
1450	25 
1451	1 
1452	29 
1453	28 
1454	9 
1455	11 
1456	29 
1457	14 
1458	26 
1459	5 
1460	21 
1461	3 
1462	6 
1463	28 
1464	2 
1465	27 
1466	6 
1467	26 
1468	22 
1469	6 
1470	30 
1471	28 
1472	11 
1473	26 
1474	6 
1475	16 
1476	7 
1477	9 
1478	14 
1479	7 
1480	15 
1481	18 
1482	27 
1483	28 
1484	4 
1485	23 
1486	21 
1487	6 
1488	30 
1489	23 
1490	1 
1491	5 
1492	20 
1493	21 
1494	15 
1495	14 
1496	23 
1497	24 
1498	14 
1499	28 
1500	4 
1501	18 
1502	30 
1503	14 
1504	26 
1505	23 
1506	14 
1507	23 
1508	28 
1509	18 
1510	7 
1511	16 
1512	17 
1513	7 
1514	14 
1515	20 
1516	27 
1517	12 
1518	29 
1519	2 
1520	23 
1521	20 
1522	6 
1523	7 
1524	29 
1525	2 
1526	20 
1527	29 
1528	27 
1529	9 
1530	7 
1531	15 
1532	16 
1533	12 
1534	26 
1535	10 
1536	9 
1537	2 
1538	8 
1539	28 
1540	26 
1541	21 
1542	8 
1543	1 
1544	22 
1545	9 
1546	30 
1547	23 
1548	21 
1549	28 
1550	16 
1551	22 
1552	8 
1553	21 
1554	26 
1555	20 
1556	14 
1557	3 
1558	25 
1559	30 
1560	10 
1561	14 
1562	15 
1563	4 
1564	13 
1565	1 
1566	6 
1567	16 
1568	3 
1569	1 
1570	13 
1571	13 
1572	16 
1573	12 
1574	26 
1575	27 
1576	5 
1577	26 
1578	26 
1579	5 
1580	28 
1581	5 
1582	9 
1583	28 
1584	14 
1585	14 
1586	18 
1587	8 
1588	24 
1589	1 
1590	5 
1591	10 
1592	11 
1593	25 
1594	2 
1595	27 
1596	10 
1597	9 
1598	27 
1599	7 
1600	5 
1601	5 
1602	1 
1603	26 
1604	13 
1605	2 
1606	28 
1607	13 
1608	17 
1609	25 
1610	22 
1611	25 
1612	29 
1613	27 
1614	8 
1615	29 
1616	11 
1617	13 
1618	10 
1619	22 
1620	14 
1621	5 
1622	16 
1623	17 
1624	12 
1625	17 
1626	2 
1627	3 
1628	5 
1629	30 
1630	5 
1631	16 
1632	28 
1633	29 
1634	25 
1635	6 
1636	16 
1637	29 
1638	10 
1639	18 
1640	18 
1641	21 
1642	8 
1643	6 
1644	30 
1645	22 
1646	24 
1647	30 
1648	14 
1649	14 
1650	24 
1651	24 
1652	5 
1653	12 
1654	13 
1655	25 
1656	8 
1657	14 
1658	7 
1659	30 
1660	7 
1661	10 
1662	15 
1663	19 
1664	5 
1665	29 
1666	13 
1667	20 
1668	28 
1669	8 
1670	26 
1671	3 
1672	27 
1673	6 
1674	25 
1675	6 
1676	18 
1677	6 
1678	13 
1679	25 
1680	5 
1681	30 
1682	21 
1683	2 
1684	21 
1685	19 
1686	23 
1687	1 
1688	14 
1689	8 
1690	6 
1691	29 
1692	6 
1693	5 
1694	7 
1695	6 
1696	19 
1697	17 
1698	19 
1699	22 
1700	6 
1701	4 
1702	18 
1703	3 
1704	17 
1705	10 
1706	21 
1707	24 
1708	9 
1709	16 
1710	24 
1711	11 
1712	28 
1713	25 
1714	24 
1715	14 
1716	5 
1717	18 
1718	2 
1719	4 
1720	4 
1721	2 
1722	19 
1723	22 
1724	14 
1725	27 
1726	4 
1727	6 
1728	20 
1729	9 
1730	13 
1731	21 
1732	6 
1733	29 
1734	11 
1735	11 
1736	23 
1737	29 
1738	4 
1739	14 
1740	9 
1741	18 
1742	4 
1743	16 
1744	2 
1745	19 
1746	30 
1747	21 
1748	27 
1749	7 
1750	2 
1751	29 
1752	2 
1753	28 
1754	22 
1755	9 
1756	20 
1757	9 
1758	5 
1759	25 
1760	30 
1761	5 
1762	13 
1763	23 
1764	17 
1765	9 
1766	4 
1767	2 
1768	29 
1769	26 
1770	21 
1771	23 
1772	28 
1773	2 
1774	25 
1775	24 
1776	28 
1777	2 
1778	22 
1779	9 
1780	13 
1781	16 
1782	6 
1783	21 
1784	7 
1785	24 
1786	15 
1787	1 
1788	2 
1789	13 
1790	9 
1791	19 
1792	27 
1793	9 
1794	8 
1795	25 
1796	4 
1797	9 
1798	7 
1799	23 
1800	25 
1801	10 
1802	5 
1803	27 
1804	25 
1805	11 
1806	10 
1807	18 
1808	17 
1809	14 
1810	19 
1811	16 
1812	10 
1813	23 
1814	5 
1815	26 
1816	1 
1817	2 
1818	21 
1819	13 
1820	9 
1821	6 
1822	14 
1823	10 
1824	26 
1825	16 
1826	13 
1827	30 
1828	6 
1829	5 
1830	6 
1831	5 
1832	18 
1833	28 
1834	4 
1835	20 
1836	5 
1837	4 
1838	2 
1839	25 
1840	21 
1841	23 
1842	14 
1843	16 
1844	21 
1845	8 
1846	11 
1847	14 
1848	26 
1849	10 
1850	28 
1851	23 
1852	20 
1853	29 
1854	25 
1855	17 
1856	5 
1857	2 
1858	9 
1859	22 
1860	29 
1861	17 
1862	30 
1863	21 
1864	2 
1865	8 
1866	26 
1867	10 
1868	29 
1869	25 
1870	5 
1871	8 
1872	7 
1873	5 
1874	28 
1875	10 
1876	9 
1877	18 
1878	27 
1879	10 
1880	24 
1881	14 
1882	14 
1883	8 
1884	7 
1885	7 
1886	24 
1887	29 
1888	18 
1889	6 
1890	25 
1891	18 
1892	15 
1893	2 
1894	27 
1895	8 
1896	6 
1897	24 
1898	27 
1899	20 
1900	6 
1901	16 
1902	1 
1903	17 
1904	22 
1905	5 
1906	2 
1907	7 
1908	25 
1909	5 
1910	17 
1911	15 
1912	21 
1913	27 
1914	21 
1915	24 
1916	28 
1917	21 
1918	27 
1919	17 
1920	7 
1921	21 
1922	6 
1923	14 
1924	26 
1925	17 
1926	30 
1927	17 
1928	15 
1929	20 
1930	7 
1931	5 
1932	20 
1933	24 
1934	20 
1935	18 
1936	30 
1937	18 
1938	15 
1939	9 
1940	26 
1941	3 
1942	11 
1943	1 
1944	17 
1945	5 
1946	10 
1947	16 
1948	27 
1949	4 
1950	20 
1951	5 
1952	5 
1953	2 
1954	20 
1955	28 
1956	27 
1957	20 
1958	25 
1959	17 
1960	16 
1961	20 
1962	1 
1963	22 
1964	3 
1965	17 
1966	25 
1967	21 
1968	14 
1969	4 
1970	2 
1971	9 
1972	11 
1973	1 
1974	21 
1975	14 
1976	23 
1977	10 
1978	18 
1979	16 
1980	3 
1981	23 
1982	2 
1983	13 
1984	13 
1985	1 
1986	3 
1987	1 
1988	6 
1989	23 
1990	1 
1991	11 
1992	1 
1993	12 
1994	29 
1995	26 
1996	11 
1997	22 
1998	28 
1999	4 
2000	15 
2001	22 
2002	5 
2003	1 
2004	12 
2005	9 
2006	28 
2007	29 
2008	14 
2009	6 
2010	22 
2011	22 
2012	20 
2013	21 
2014	25 
2015	29 
2016	19 
2017	28 
2018	20 
2019	3 
2020	5 
2021	10 
2022	27 
2023	27 
2024	9 
2025	21 
2026	11 
2027	21 
2028	18 
2029	1 
2030	29 
2031	3 
2032	7 
2033	1 
2034	7 
2035	17 
2036	12 
2037	3 
2038	6 
2039	28 
2040	5 
2041	5 
2042	10 
2043	30 
2044	18 
2045	1 
2046	30 
2047	20 
2048	12 
2049	1 
2050	4 
2051	12 
2052	1 
2053	25 
2054	20 
2055	20 
2056	2 
2057	13 
2058	15 
2059	20 
2060	18 
2061	28 
2062	20 
2063	26 
2064	11 
2065	21 
2066	7 
2067	4 
2068	26 
2069	8 
2070	29 
2071	3 
2072	17 
2073	24 
2074	11 
2075	1 
2076	11 
2077	28 
2078	3 
2079	27 
2080	11 
2081	9 
2082	4 
2083	21 
2084	16 
2085	9 
2086	24 
2087	12 
2088	25 
2089	30 
2090	22 
2091	13 
2092	27 
2093	10 
2094	12 
2095	25 
2096	2 
2097	17 
2098	30 
2099	6 
2100	9 
2101	3 
2102	27 
2103	12 
2104	1 
2105	3 
2106	20 
2107	2 
2108	6 
2109	14 
2110	16 
2111	7 
2112	24 
2113	12 
2114	12 
2115	26 
2116	28 
2117	30 
2118	11 
2119	17 
2120	13 
2121	23 
2122	9 
2123	9 
2124	14 
2125	10 
2126	19 
2127	9 
2128	7 
2129	26 
2130	5 
2131	12 
2132	12 
2133	23 
2134	30 
2135	5 
2136	24 
2137	25 
2138	22 
2139	9 
2140	5 
2141	18 
2142	22 
2143	27 
2144	5 
2145	14 
2146	18 
2147	9 
2148	17 
2149	30 
2150	6 
2151	2 
2152	2 
2153	5 
2154	24 
2155	20 
2156	6 
2157	19 
2158	1 
2159	27 
2160	10 
2161	11 
2162	14 
2163	22 
2164	30 
2165	29 
2166	19 
2167	8 
2168	30 
2169	26 
2170	29 
2171	14 
2172	9 
2173	18 
2174	25 
2175	5 
2176	11 
2177	26 
2178	22 
2179	10 
2180	4 
2181	2 
2182	12 
2183	10 
2184	21 
2185	25 
2186	6 
2187	3 
2188	21 
2189	25 
2190	6 
2191	27 
2192	21 
2193	2 
2194	29 
2195	27 
2196	20 
2197	20 
2198	23 
2199	6 
2200	9 
2201	6 
2202	3 
2203	10 
2204	30 
2205	29 
2206	7 
2207	9 
2208	16 
2209	30 
2210	6 
2211	14 
2212	5 
2213	28 
2214	30 
2215	7 
2216	20 
2217	11 
2218	10 
2219	22 
2220	27 
2221	7 
2222	26 
2223	8 
2224	28 
2225	20 
2226	27 
2227	29 
2228	18 
2229	20 
2230	10 
2231	14 
2232	14 
2233	15 
2234	12 
2235	4 
2236	15 
2237	17 
2238	29 
2239	16 
2240	3 
2241	28 
2242	14 
2243	13 
2244	11 
2245	8 
2246	9 
2247	15 
2248	1 
2249	18 
2250	28 
2251	13 
2252	20 
2253	1 
2254	9 
2255	5 
2256	20 
2257	14 
2258	26 
2259	23 
2260	3 
2261	20 
2262	2 
2263	7 
2264	29 
2265	26 
2266	16 
2267	17 
2268	6 
2269	7 
2270	23 
2271	10 
2272	9 
2273	7 
2274	27 
2275	23 
2276	28 
2277	6 
2278	15 
2279	5 
2280	29 
2281	6 
2282	23 
2283	3 
2284	17 
2285	14 
2286	28 
2287	5 
2288	5 
2289	23 
2290	8 
2291	30 
2292	5 
2293	29 
2294	11 
2295	29 
2296	4 
2297	25 
2298	4 
2299	26 
2300	14 
2301	20 
2302	8 
2303	10 
2304	28 
2305	30 
2306	7 
2307	22 
2308	10 
2309	28 
2310	15 
2311	29 
2312	30 
2313	30 
2314	8 
2315	25 
2316	15 
2317	17 
2318	8 
2319	5 
2320	18 
2321	20 
2322	10 
2323	23 
2324	1 
2325	19 
2326	13 
2327	27 
2328	8 
2329	13 
2330	3 
2331	27 
2332	26 
2333	11 
2334	23 
2335	3 
2336	27 
2337	27 
2338	30 
2339	20 
2340	2 
2341	16 
2342	1 
2343	14 
2344	20 
2345	17 
2346	17 
2347	26 
2348	25 
2349	23 
2350	29 
2351	7 
2352	7 
2353	27 
2354	27 
2355	29 
2356	27 
2357	17 
2358	14 
2359	3 
2360	30 
2361	21 
2362	28 
2363	30 
2364	7 
2365	21 
2366	27 
2367	17 
2368	24 
2369	2 
2370	5 
2371	6 
2372	14 
2373	26 
2374	21 
2375	10 
2376	30 
2377	24 
2378	17 
2379	6 
2380	12 
2381	25 
2382	20 
2383	3 
2384	13 
2385	3 
2386	26 
2387	16 
2388	15 
2389	25 
2390	4 
2391	23 
2392	9 
2393	11 
2394	17 
2395	28 
2396	7 
2397	7 
2398	17 
2399	5 
2400	2 
2401	11 
2402	21 
2403	11 
2404	10 
2405	2 
2406	24 
2407	30 
2408	19 
2409	30 
2410	1 
2411	13 
2412	15 
2413	14 
2414	26 
2415	27 
2416	20 
2417	18 
2418	3 
2419	22 
2420	8 
2421	21 
2422	16 
2423	17 
2424	12 
2425	4 
2426	14 
2427	21 
2428	28 
2429	15 
2430	20 
2431	18 
2432	25 
2433	12 
2434	16 
2435	29 
2436	14 
2437	28 
2438	22 
2439	8 
2440	25 
2441	13 
2442	30 
2443	23 
2444	30 
2445	27 
2446	12 
2447	13 
2448	6 
2449	8 
2450	5 
2451	26 
2452	26 
2453	19 
2454	20 
2455	30 
2456	17 
2457	19 
2458	10 
2459	5 
2460	25 
2461	4 
2462	14 
2463	20 
2464	6 
2465	14 
2466	15 
2467	19 
2468	25 
2469	15 
2470	23 
2471	23 
2472	2 
2473	28 
2474	23 
2475	23 
2476	15 
2477	11 
2478	4 
2479	9 
2480	25 
2481	9 
2482	4 
2483	30 
2484	7 
2485	18 
2486	5 
2487	26 
2488	18 
2489	9 
2490	2 
2491	6 
2492	16 
2493	22 
2494	29 
2495	29 
2496	28 
2497	25 
2498	8 
2499	24 
2500	19 
2501	16 
2502	23 
2503	6 
2504	7 
2505	28 
2506	15 
2507	30 
2508	25 
2509	15 
2510	30 
2511	23 
2512	9 
2513	2 
2514	2 
2515	19 
2516	19 
2517	5 
2518	13 
2519	3 
2520	26 
2521	20 
2522	20 
2523	16 
2524	4 
2525	21 
2526	29 
2527	25 
2528	1 
2529	19 
2530	8 
2531	27 
2532	2 
2533	10 
2534	26 
2535	5 
2536	30 
2537	30 
2538	3 
2539	29 
2540	6 
2541	11 
2542	23 
2543	13 
2544	20 
2545	20 
2546	30 
2547	13 
2548	30 
2549	26 
2550	20 
2551	2 
2552	2 
2553	4 
2554	18 
2555	16 
2556	17 
2557	18 
2558	28 
2559	29 
2560	20 
2561	7 
2562	26 
2563	28 
2564	23 
2565	17 
2566	13 
2567	6 
2568	10 
2569	5 
2570	21 
2571	1 
2572	10 
2573	27 
2574	23 
2575	28 
2576	17 
2577	30 
2578	30 
2579	29 
2580	7 
2581	3 
2582	21 
2583	14 
2584	3 
2585	18 
2586	29 
2587	22 
2588	21 
2589	25 
2590	28 
2591	12 
2592	12 
2593	4 
2594	28 
2595	13 
2596	10 
2597	2 
2598	28 
2599	27 
2600	21 
2601	10 
2602	9 
2603	21 
2604	17 
2605	5 
2606	2 
2607	17 
2608	11 
2609	24 
2610	27 
2611	24 
2612	6 
2613	4 
2614	25 
2615	29 
2616	18 
2617	1 
2618	20 
2619	5 
2620	1 
2621	22 
2622	3 
2623	1 
2624	19 
2625	10 
2626	22 
2627	23 
2628	18 
2629	9 
2630	7 
2631	30 
2632	2 
2633	22 
2634	16 
2635	5 
2636	21 
2637	19 
2638	4 
2639	29 
2640	20 
2641	3 
2642	27 
2643	5 
2644	3 
2645	30 
2646	12 
2647	24 
2648	6 
2649	19 
2650	24 
2651	13 
2652	9 
2653	19 
2654	18 
2655	20 
2656	11 
2657	18 
2658	17 
2659	20 
2660	5 
2661	1 
2662	16 
2663	27 
2664	27 
2665	8 
2666	9 
2667	7 
2668	18 
2669	13 
2670	25 
2671	7 
2672	24 
2673	18 
2674	26 
2675	29 
2676	7 
2677	25 
2678	20 
2679	15 
2680	9 
2681	30 
2682	9 
2683	30 
2684	14 
2685	3 
2686	10 
2687	11 
2688	16 
2689	4 
2690	4 
2691	11 
2692	26 
2693	24 
2694	2 
2695	28 
2696	15 
2697	10 
2698	28 
2699	18 
2700	14 
2701	12 
2702	28 
2703	20 
2704	3 
2705	3 
2706	15 
2707	28 
2708	24 
2709	26 
2710	29 
2711	23 
2712	11 
2713	10 
2714	20 
2715	22 
2716	12 
2717	7 
2718	8 
2719	30 
2720	12 
2721	17 
2722	25 
2723	2 
2724	6 
2725	30 
2726	16 
2727	29 
2728	11 
2729	24 
2730	9 
2731	18 
2732	28 
2733	6 
2734	4 
2735	20 
2736	28 
2737	11 
2738	23 
2739	29 
2740	3 
2741	7 
2742	28 
2743	11 
2744	25 
2745	22 
2746	17 
2747	2 
2748	24 
2749	14 
2750	3 
2751	5 
2752	24 
2753	28 
2754	15 
2755	27 
2756	20 
2757	23 
2758	24 
2759	5 
2760	21 
2761	2 
2762	10 
2763	30 
2764	3 
2765	6 
2766	3 
2767	6 
2768	3 
2769	16 
2770	10 
2771	21 
2772	2 
2773	18 
2774	15 
2775	26 
2776	26 
2777	2 
2778	20 
2779	29 
2780	25 
2781	29 
2782	29 
2783	19 
2784	12 
2785	19 
2786	10 
2787	26 
2788	21 
2789	3 
2790	1 
2791	14 
2792	13 
2793	18 
2794	24 
2795	29 
2796	14 
2797	25 
2798	1 
2799	25 
2800	28 
2801	5 
2802	23 
2803	16 
2804	28 
2805	1 
2806	20 
2807	26 
2808	5 
2809	18 
2810	23 
2811	21 
2812	5 
2813	22 
2814	20 
2815	26 
2816	28 
2817	3 
2818	27 
2819	18 
2820	10 
2821	28 
2822	5 
2823	7 
2824	26 
2825	6 
2826	5 
2827	15 
2828	30 
2829	19 
2830	18 
2831	25 
2832	14 
2833	4 
2834	20 
2835	4 
2836	18 
2837	26 
2838	27 
2839	6 
2840	28 
2841	10 
2842	18 
2843	9 
2844	27 
2845	28 
2846	13 
2847	26 
2848	15 
2849	25 
2850	4 
2851	5 
2852	30 
2853	16 
2854	18 
2855	24 
2856	25 
2857	29 
2858	6 
2859	8 
2860	5 
2861	22 
2862	17 
2863	23 
2864	27 
2865	1 
2866	30 
2867	4 
2868	25 
2869	6 
2870	8 
2871	12 
2872	21 
2873	7 
2874	12 
2875	2 
2876	23 
2877	13 
2878	7 
2879	30 
2880	29 
2881	21 
2882	20 
2883	5 
2884	25 
2885	27 
2886	17 
2887	5 
2888	12 
2889	28 
2890	30 
2891	1 
2892	29 
2893	29 
2894	1 
2895	1 
2896	28 
2897	2 
2898	20 
2899	23 
2900	9 
2901	17 
2902	5 
2903	23 
2904	19 
2905	23 
2906	19 
2907	21 
2908	25 
2909	7 
2910	30 
2911	7 
2912	24 
2913	14 
2914	27 
2915	14 
2916	1 
2917	25 
2918	24 
2919	20 
2920	25 
2921	5 
2922	5 
2923	28 
2924	4 
2925	22 
2926	12 
2927	23 
2928	19 
2929	2 
2930	14 
2931	21 
2932	15 
2933	18 
2934	12 
2935	24 
2936	6 
2937	6 
2938	27 
2939	26 
2940	11 
2941	22 
2942	25 
2943	8 
2944	9 
2945	10 
2946	23 
2947	10 
2948	16 
2949	27 
2950	15 
2951	17 
2952	23 
2953	9 
2954	12 
2955	7 
2956	16 
2957	1 
2958	27 
2959	14 
2960	2 
2961	17 
2962	23 
2963	25 
2964	10 
2965	4 
2966	3 
2967	28 
2968	1 
2969	24 
2970	25 
2971	3 
2972	21 
2973	13 
2974	9 
2975	12 
2976	16 
2977	23 
2978	11 
2979	17 
2980	10 
2981	2 
2982	2 
2983	29 
2984	30 
2985	11 
2986	9 
2987	30 
2988	20 
2989	27 
2990	14 
2991	11 
2992	25 
2993	29 
2994	18 
2995	7 
2996	17 
2997	20 
2998	15 
2999	3 
3000	9 
3001	16 
3002	1 
3003	14 
3004	25 
3005	12 
3006	24 
3007	23 
3008	20 
3009	14 
3010	17 
3011	2 
3012	4 
3013	11 
3014	14 
3015	19 
3016	26 
3017	26 
3018	3 
3019	20 
3020	7 
3021	1 
3022	9 
3023	4 
3024	6 
3025	7 
3026	7 
3027	1 
3028	27 
3029	12 
3030	1 
3031	1 
3032	2 
3033	3 
3034	19 
3035	24 
3036	4 
3037	19 
3038	29 
3039	27 
3040	5 
3041	14 
3042	1 
3043	3 
3044	5 
3045	6 
3046	22 
3047	28 
3048	2 
3049	4 
3050	15 
3051	6 
3052	22 
3053	14 
3054	23 
3055	12 
3056	17 
3057	19 
3058	21 
3059	27 
3060	20 
3061	27 
3062	24 
3063	9 
3064	27 
3065	9 
3066	8 
3067	25 
3068	3 
3069	10 
3070	10 
3071	22 
3072	26 
3073	28 
3074	20 
3075	7 
3076	3 
3077	17 
3078	4 
3079	17 
3080	26 
3081	5 
3082	21 
3083	19 
3084	25 
3085	16 
3086	26 
3087	12 
3088	9 
3089	24 
3090	14 
3091	8 
3092	27 
3093	28 
3094	18 
3095	4 
3096	29 
3097	3 
3098	10 
3099	24 
3100	15 
3101	21 
3102	27 
3103	3 
3104	4 
3105	23 
3106	22 
3107	5 
3108	26 
3109	26 
3110	4 
3111	6 
3112	4 
3113	10 
3114	7 
3115	18 
3116	18 
3117	14 
3118	3 
3119	15 
3120	25 
3121	13 
3122	24 
3123	26 
3124	15 
3125	18 
3126	28 
3127	27 
3128	24 
3129	17 
3130	14 
3131	26 
3132	2 
3133	1 
3134	9 
3135	29 
3136	26 
3137	29 
3138	5 
3139	13 
3140	14 
3141	24 
3142	12 
3143	5 
3144	29 
3145	2 
3146	19 
3147	19 
3148	22 
3149	12 
3150	5 
3151	9 
3152	23 
3153	28 
3154	1 
3155	2 
3156	18 
3157	28 
3158	20 
3159	11 
3160	26 
3161	2 
3162	21 
3163	3 
3164	9 
3165	8 
3166	20 
3167	11 
3168	14 
3169	2 
3170	20 
3171	16 
3172	20 
3173	30 
3174	22 
3175	14 
3176	13 
3177	9 
3178	13 
3179	2 
3180	9 
3181	5 
3182	14 
3183	12 
3184	26 
3185	27 
3186	12 
3187	28 
3188	29 
3189	17 
3190	30 
3191	4 
3192	26 
3193	14 
3194	26 
3195	15 
3196	7 
3197	19 
3198	21 
3199	18 
3200	23 
3201	26 
3202	12 
3203	14 
3204	2 
3205	3 
3206	5 
3207	15 
3208	5 
3209	5 
3210	4 
3211	3 
3212	18 
3213	19 
3214	14 
3215	4 
3216	2 
3217	15 
3218	7 
3219	20 
3220	9 
3221	21 
3222	10 
3223	8 
3224	20 
3225	22 
3226	22 
3227	17 
3228	1 
3229	12 
3230	19 
3231	12 
3232	12 
3233	24 
3234	6 
3235	2 
3236	20 
3237	20 
3238	24 
3239	5 
3240	4 
3241	6 
3242	3 
3243	2 
3244	26 
3245	15 
3246	29 
3247	18 
3248	22 
3249	25 
3250	16 
3251	11 
3252	10 
3253	1 
3254	25 
3255	5 
3256	23 
3257	22 
3258	16 
3259	10 
3260	1 
3261	18 
3262	24 
3263	30 
3264	27 
3265	6 
3266	24 
3267	24 
3268	30 
3269	5 
3270	29 
3271	7 
3272	12 
3273	21 
3274	23 
3275	19 
3276	2 
3277	16 
3278	27 
3279	13 
3280	7 
3281	2 
3282	20 
3283	29 
3284	5 
3285	18 
3286	21 
3287	6 
3288	20 
3289	10 
3290	18 
3291	30 
3292	15 
3293	9 
3294	20 
3295	6 
3296	9 
3297	20 
3298	7 
3299	7 
3300	18 
3301	29 
3302	13 
3303	14 
3304	22 
3305	25 
3306	17 
3307	17 
3308	10 
3309	10 
3310	27 
3311	6 
3312	28 
3313	16 
3314	28 
3315	2 
3316	3 
3317	6 
3318	23 
3319	13 
3320	1 
3321	12 
3322	30 
3323	14 
3324	4 
3325	27 
3326	27 
3327	6 
3328	24 
3329	27 
3330	9 
3331	27 
3332	22 
3333	19 
3334	28 
3335	28 
3336	27 
3337	5 
3338	20 
3339	27 
3340	6 
3341	21 
3342	29 
3343	24 
3344	16 
3345	21 
3346	7 
3347	25 
3348	30 
3349	2 
3350	4 
3351	4 
3352	2 
3353	30 
3354	8 
3355	14 
3356	6 
3357	4 
3358	21 
3359	29 
3360	23 
3361	3 
3362	6 
3363	26 
3364	26 
3365	3 
3366	27 
3367	8 
3368	16 
3369	4 
3370	29 
3371	17 
3372	29 
3373	5 
3374	22 
3375	26 
3376	28 
3377	15 
3378	26 
3379	13 
3380	16 
3381	15 
3382	8 
3383	21 
3384	29 
3385	9 
3386	5 
3387	24 
3388	3 
3389	9 
3390	5 
3391	14 
3392	21 
3393	11 
3394	29 
3395	26 
3396	24 
3397	19 
3398	22 
3399	7 
3400	18 
3401	19 
3402	12 
3403	1 
3404	16 
3405	16 
3406	5 
3407	9 
3408	1 
3409	1 
3410	28 
3411	28 
3412	7 
3413	6 
3414	3 
3415	2 
3416	25 
3417	8 
3418	9 
3419	30 
3420	28 
3421	10 
3422	5 
3423	13 
3424	23 
3425	15 
3426	5 
3427	30 
3428	1 
3429	10 
3430	20 
3431	23 
3432	29 
3433	5 
3434	21 
3435	23 
3436	15 
3437	4 
3438	20 
3439	14 
3440	15 
3441	3 
3442	26 
3443	17 
3444	9 
3445	13 
3446	29 
3447	17 
3448	12 
3449	30 
3450	18 
3451	24 
3452	19 
3453	23 
3454	26 
3455	20 
3456	7 
3457	14 
3458	29 
3459	2 
3460	13 
3461	14 
3462	27 
3463	9 
3464	28 
3465	27 
3466	18 
3467	16 
3468	8 
3469	7 
3470	16 
3471	4 
3472	21 
3473	28 
3474	20 
3475	25 
3476	22 
3477	1 
3478	24 
3479	18 
3480	12 
3481	14 
3482	1 
3483	9 
3484	8 
3485	18 
3486	15 
3487	29 
3488	22 
3489	22 
3490	2 
3491	20 
3492	14 
3493	1 
3494	7 
3495	27 
3496	5 
3497	6 
3498	12 
3499	23 
3500	19 
3501	29 
3502	24 
3503	1 
3504	14 
3505	1 
3506	27 
3507	17 
3508	20 
3509	29 
3510	7 
3511	5 
3512	7 
3513	14 
3514	2 
3515	21 
3516	24 
3517	5 
3518	15 
3519	8 
3520	1 
3521	12 
3522	29 
3523	3 
3524	9 
3525	10 
3526	9 
3527	13 
3528	2 
3529	22 
3530	7 
3531	29 
3532	16 
3533	6 
3534	5 
3535	28 
3536	17 
3537	27 
3538	11 
3539	18 
3540	30 
3541	23 
3542	9 
3543	6 
3544	29 
3545	8 
3546	29 
3547	11 
3548	8 
3549	25 
3550	28 
3551	16 
3552	28 
3553	19 
3554	9 
3555	8 
3556	12 
3557	20 
3558	21 
3559	29 
3560	10 
3561	14 
3562	3 
3563	9 
3564	1 
3565	18 
3566	23 
3567	7 
3568	22 
3569	28 
3570	14 
3571	21 
3572	22 
3573	23 
3574	3 
3575	13 
3576	30 
3577	3 
3578	12 
3579	9 
3580	14 
3581	25 
3582	30 
3583	4 
3584	1 
3585	10 
3586	11 
3587	7 
3588	30 
3589	21 
3590	13 
3591	26 
3592	29 
3593	8 
3594	19 
3595	29 
3596	26 
3597	18 
3598	24 
3599	29 
3600	30 
3601	15 
3602	3 
3603	29 
3604	2 
3605	10 
3606	6 
3607	16 
3608	18 
3609	21 
3610	2 
3611	21 
3612	28 
3613	20 
3614	27 
3615	19 
3616	23 
3617	21 
3618	12 
3619	5 
3620	22 
3621	14 
3622	5 
3623	29 
3624	26 
3625	15 
3626	14 
3627	24 
3628	23 
3629	14 
3630	5 
3631	16 
3632	4 
3633	6 
3634	3 
3635	22 
3636	16 
3637	25 
3638	26 
3639	27 
3640	14 
3641	27 
3642	24 
3643	10 
3644	1 
3645	16 
3646	23 
3647	14 
3648	13 
3649	21 
3650	5 
3651	3 
3652	28 
3653	26 
3654	18 
3655	28 
3656	30 
3657	21 
3658	17 
3659	26 
3660	29 
3661	7 
3662	7 
3663	14 
3664	1 
3665	24 
3666	28 
3667	21 
3668	28 
3669	18 
3670	16 
3671	28 
3672	14 
3673	14 
3674	15 
3675	23 
3676	28 
3677	17 
3678	23 
3679	1 
3680	7 
3681	14 
3682	8 
3683	15 
3684	12 
3685	22 
3686	26 
3687	3 
3688	20 
3689	12 
3690	3 
3691	18 
3692	23 
3693	14 
3694	1 
3695	17 
3696	10 
3697	8 
3698	2 
3699	21 
3700	18 
3701	4 
3702	13 
3703	14 
3704	29 
3705	5 
3706	3 
3707	14 
3708	28 
3709	6 
3710	27 
3711	26 
3712	5 
3713	2 
3714	14 
3715	11 
3716	14 
3717	25 
3718	5 
3719	20 
3720	16 
3721	2 
3722	16 
3723	23 
3724	27 
3725	29 
3726	29 
3727	18 
3728	29 
3729	26 
3730	6 
3731	22 
3732	28 
3733	9 
3734	7 
3735	28 
3736	10 
3737	11 
3738	21 
3739	20 
3740	29 
3741	15 
3742	7 
3743	12 
3744	25 
3745	10 
3746	21 
3747	20 
3748	25 
3749	16 
3750	25 
3751	24 
3752	14 
3753	9 
3754	11 
3755	10 
3756	12 
3757	17 
3758	22 
3759	9 
3760	7 
3761	10 
3762	28 
3763	6 
3764	3 
3765	9 
3766	18 
3767	6 
3768	27 
3769	15 
3770	18 
3771	21 
3772	9 
3773	2 
3774	12 
3775	5 
3776	7 
3777	21 
3778	23 
3779	30 
3780	14 
3781	29 
3782	30 
3783	2 
3784	5 
3785	1 
3786	14 
3787	17 
3788	20 
3789	4 
3790	28 
3791	25 
3792	24 
3793	15 
3794	2 
3795	25 
3796	18 
3797	1 
3798	4 
3799	2 
3800	25 
3801	1 
3802	22 
3803	18 
3804	13 
3805	9 
3806	5 
3807	28 
3808	26 
3809	11 
3810	1 
3811	29 
3812	25 
3813	20 
3814	12 
3815	3 
3816	13 
3817	1 
3818	17 
3819	25 
3820	16 
3821	14 
3822	3 
3823	9 
3824	20 
3825	15 
3826	23 
3827	13 
3828	26 
3829	2 
3830	23 
3831	20 
3832	6 
3833	15 
3834	25 
3835	2 
3836	19 
3837	11 
3838	19 
3839	29 
3840	2 
3841	24 
3842	4 
3843	21 
3844	15 
3845	1 
3846	18 
3847	17 
3848	9 
3849	6 
3850	8 
3851	3 
3852	14 
3853	18 
3854	11 
3855	27 
3856	3 
3857	21 
3858	5 
3859	2 
3860	9 
3861	18 
3862	29 
3863	13 
3864	26 
3865	15 
3866	19 
3867	2 
3868	18 
3869	2 
3870	24 
3871	27 
3872	7 
3873	25 
3874	27 
3875	3 
3876	23 
3877	25 
3878	16 
3879	30 
3880	5 
3881	8 
3882	11 
3883	3 
3884	19 
3885	30 
3886	25 
3887	27 
3888	7 
3889	29 
3890	7 
3891	21 
3892	24 
3893	5 
3894	19 
3895	25 
3896	24 
3897	23 
3898	14 
3899	14 
3900	12 
3901	30 
3902	3 
3903	25 
3904	5 
3905	15 
3906	13 
3907	7 
3908	6 
3909	25 
3910	18 
3911	6 
3912	21 
3913	24 
3914	6 
3915	13 
3916	9 
3917	16 
3918	28 
3919	3 
3920	24 
3921	14 
3922	28 
3923	16 
3924	30 
3925	4 
3926	26 
3927	15 
3928	27 
3929	19 
3930	18 
3931	28 
3932	10 
3933	30 
3934	18 
3935	29 
3936	25 
3937	1 
3938	30 
3939	5 
3940	7 
3941	17 
3942	27 
3943	16 
3944	2 
3945	30 
3946	22 
3947	10 
3948	17 
3949	4 
3950	10 
3951	13 
3952	4 
3953	8 
3954	21 
3955	29 
3956	24 
3957	26 
3958	23 
3959	12 
3960	19 
3961	17 
3962	5 
3963	22 
3964	25 
3965	6 
3966	24 
3967	14 
3968	22 
3969	16 
3970	14 
3971	6 
3972	12 
3973	10 
3974	28 
3975	15 
3976	26 
3977	22 
3978	21 
3979	5 
3980	17 
3981	11 
3982	22 
3983	19 
3984	22 
3985	28 
3986	1 
3987	3 
3988	25 
3989	22 
3990	28 
3991	6 
3992	28 
3993	27 
3994	9 
3995	2 
3996	22 
3997	27 
3998	18 
3999	6 
4000	6 
4001	3 
4002	24 
4003	6 
4004	7 
4005	14 
4006	14 
4007	28 
4008	7 
4009	20 
4010	2 
4011	21 
4012	22 
4013	1 
4014	24 
4015	1 
4016	21 
4017	25 
4018	13 
4019	25 
4020	2 
4021	14 
4022	7 
4023	4 
4024	5 
4025	4 
4026	16 
4027	30 
4028	7 
4029	29 
4030	1 
4031	29 
4032	20 
4033	18 
4034	13 
4035	3 
4036	29 
4037	18 
4038	14 
4039	24 
4040	27 
4041	26 
4042	2 
4043	28 
4044	26 
4045	6 
4046	15 
4047	25 
4048	28 
4049	1 
4050	7 
4051	30 
4052	9 
4053	22 
4054	17 
4055	7 
4056	22 
4057	2 
4058	12 
4059	29 
4060	28 
4061	1 
4062	17 
4063	29 
4064	25 
4065	13 
4066	19 
4067	14 
4068	4 
4069	22 
4070	19 
4071	7 
4072	5 
4073	30 
4074	20 
4075	16 
4076	10 
4077	27 
4078	20 
4079	4 
4080	18 
4081	27 
4082	29 
4083	3 
4084	19 
4085	13 
4086	17 
4087	16 
4088	8 
4089	14 
4090	7 
4091	2 
4092	28 
4093	23 
4094	14 
4095	30 
4096	5 
4097	1 
4098	7 
4099	20 
4100	13 
4101	17 
4102	7 
4103	2 
4104	20 
4105	9 
4106	14 
4107	10 
4108	12 
4109	7 
4110	2 
4111	28 
4112	16 
4113	4 
4114	2 
4115	16 
4116	22 
4117	3 
4118	30 
4119	9 
4120	30 
4121	8 
4122	27 
4123	14 
4124	16 
4125	24 
4126	15 
4127	2 
4128	19 
4129	21 
4130	28 
4131	1 
4132	2 
4133	5 
4134	21 
4135	6 
4136	6 
4137	14 
4138	6 
4139	20 
4140	29 
4141	18 
4142	29 
4143	28 
4144	1 
4145	6 
4146	24 
4147	30 
4148	10 
4149	24 
4150	15 
4151	4 
4152	11 
4153	7 
4154	2 
4155	23 
4156	9 
4157	27 
4158	5 
4159	16 
4160	9 
4161	16 
4162	7 
4163	8 
4164	20 
4165	5 
4166	20 
4167	20 
4168	11 
4169	27 
4170	22 
4171	16 
4172	15 
4173	30 
4174	11 
4175	27 
4176	29 
4177	5 
4178	1 
4179	11 
4180	18 
4181	6 
4182	5 
4183	4 
4184	11 
4185	15 
4186	7 
4187	22 
4188	30 
4189	20 
4190	24 
4191	8 
4192	7 
4193	7 
4194	29 
4195	27 
4196	22 
4197	5 
4198	20 
4199	18 
4200	24 
4201	1 
4202	6 
4203	16 
4204	8 
4205	17 
4206	10 
4207	2 
4208	28 
4209	13 
4210	23 
4211	27 
4212	22 
4213	29 
4214	6 
4215	12 
4216	29 
4217	24 
4218	15 
4219	12 
4220	13 
4221	4 
4222	11 
4223	4 
4224	23 
4225	8 
4226	2 
4227	6 
4228	12 
4229	20 
4230	20 
4231	17 
4232	9 
4233	11 
4234	24 
4235	5 
4236	19 
4237	13 
4238	10 
4239	25 
4240	25 
4241	20 
4242	24 
4243	29 
4244	16 
4245	5 
4246	24 
4247	26 
4248	29 
4249	8 
4250	21 
4251	18 
4252	22 
4253	11 
4254	27 
4255	21 
4256	29 
4257	9 
4258	26 
4259	24 
4260	13 
4261	18 
4262	9 
4263	1 
4264	15 
4265	23 
4266	16 
4267	9 
4268	30 
4269	14 
4270	24 
4271	4 
4272	26 
4273	27 
4274	13 
4275	9 
4276	6 
4277	3 
4278	26 
4279	30 
4280	3 
4281	23 
4282	6 
4283	16 
4284	6 
4285	23 
4286	5 
4287	13 
4288	29 
4289	1 
4290	1 
4291	10 
4292	7 
4293	16 
4294	5 
4295	29 
4296	14 
4297	15 
4298	10 
4299	17 
4300	1 
4301	25 
4302	27 
4303	28 
4304	29 
4305	6 
4306	8 
4307	6 
4308	20 
4309	23 
4310	4 
4311	22 
4312	23 
4313	27 
4314	20 
4315	23 
4316	7 
4317	18 
4318	25 
4319	18 
4320	11 
4321	24 
4322	21 
4323	20 
4324	19 
4325	8 
4326	23 
4327	26 
4328	28 
4329	29 
4330	24 
4331	13 
4332	12 
4333	2 
4334	2 
4335	9 
4336	20 
4337	8 
4338	13 
4339	25 
4340	29 
4341	15 
4342	22 
4343	7 
4344	5 
4345	18 
4346	23 
4347	25 
4348	22 
4349	24 
4350	3 
4351	29 
4352	9 
4353	17 
4354	29 
4355	1 
4356	4 
4357	23 
4358	4 
4359	11 
4360	13 
4361	7 
4362	23 
4363	25 
4364	5 
4365	18 
4366	8 
4367	22 
4368	23 
4369	1 
4370	24 
4371	27 
4372	23 
4373	6 
4374	8 
4375	16 
4376	20 
4377	17 
4378	24 
4379	4 
4380	10 
4381	28 
4382	8 
4383	25 
4384	2 
4385	13 
4386	15 
4387	20 
4388	16 
4389	1 
4390	27 
4391	1 
4392	7 
4393	29 
4394	20 
4395	24 
4396	9 
4397	14 
4398	11 
4399	17 
4400	19 
4401	4 
4402	5 
4403	1 
4404	17 
4405	4 
4406	11 
4407	13 
4408	30 
4409	20 
4410	8 
4411	23 
4412	15 
4413	28 
4414	18 
4415	20 
4416	12 
4417	11 
4418	1 
4419	23 
4420	16 
4421	20 
4422	2 
4423	1 
4424	1 
4425	19 
4426	1 
4427	5 
4428	29 
4429	9 
4430	8 
4431	10 
4432	4 
4433	28 
4434	17 
4435	10 
4436	29 
4437	23 
4438	17 
4439	6 
4440	1 
4441	7 
4442	24 
4443	2 
4444	10 
4445	12 
4446	11 
4447	30 
4448	27 
4449	5 
4450	17 
4451	22 
4452	11 
4453	19 
4454	21 
4455	8 
4456	29 
4457	23 
4458	7 
4459	4 
4460	14 
4461	29 
4462	3 
4463	17 
4464	2 
4465	28 
4466	24 
4467	19 
4468	17 
4469	17 
4470	5 
4471	29 
4472	5 
4473	15 
4474	1 
4475	13 
4476	11 
4477	30 
4478	21 
4479	12 
4480	9 
4481	10 
4482	1 
4483	12 
4484	18 
4485	20 
4486	10 
4487	15 
4488	21 
4489	27 
4490	10 
4491	23 
4492	28 
4493	24 
4494	3 
4495	12 
4496	8 
4497	1 
4498	5 
4499	4 
4500	26 
4501	27 
4502	28 
4503	20 
4504	10 
4505	28 
4506	5 
4507	23 
4508	2 
4509	29 
4510	9 
4511	6 
4512	25 
4513	29 
4514	6 
4515	22 
4516	28 
4517	4 
4518	14 
4519	4 
4520	30 
4521	1 
4522	3 
4523	29 
4524	20 
4525	8 
4526	19 
4527	6 
4528	18 
4529	19 
4530	4 
4531	15 
4532	7 
4533	9 
4534	29 
4535	1 
4536	26 
4537	3 
4538	19 
4539	9 
4540	8 
4541	14 
4542	23 
4543	14 
4544	12 
4545	29 
4546	18 
4547	2 
4548	24 
4549	14 
4550	1 
4551	2 
4552	17 
4553	23 
4554	13 
4555	29 
4556	17 
4557	16 
4558	18 
4559	13 
4560	27 
4561	6 
4562	11 
4563	2 
4564	6 
4565	11 
4566	19 
4567	8 
4568	9 
4569	28 
4570	27 
4571	5 
4572	29 
4573	2 
4574	8 
4575	13 
4576	5 
4577	7 
4578	22 
4579	10 
4580	15 
4581	10 
4582	4 
4583	7 
4584	6 
4585	15 
4586	24 
4587	20 
4588	27 
4589	4 
4590	12 
4591	10 
4592	5 
4593	25 
4594	25 
4595	1 
4596	3 
4597	6 
4598	8 
4599	10 
4600	9 
4601	15 
4602	8 
4603	4 
4604	19 
4605	10 
4606	15 
4607	26 
4608	10 
4609	2 
4610	14 
4611	3 
4612	30 
4613	28 
4614	15 
4615	16 
4616	4 
4617	30 
4618	18 
4619	4 
4620	1 
4621	29 
4622	27 
4623	7 
4624	18 
4625	28 
4626	15 
4627	24 
4628	5 
4629	5 
4630	22 
4631	30 
4632	15 
4633	9 
4634	11 
4635	25 
4636	19 
4637	5 
4638	17 
4639	6 
4640	20 
4641	2 
4642	1 
4643	22 
4644	15 
4645	7 
4646	9 
4647	9 
4648	12 
4649	4 
4650	9 
4651	3 
4652	19 
4653	9 
4654	25 
4655	29 
4656	2 
4657	19 
4658	5 
4659	5 
4660	25 
4661	29 
4662	20 
4663	28 
4664	20 
4665	14 
4666	22 
4667	26 
4668	9 
4669	7 
4670	6 
4671	24 
4672	15 
4673	28 
4674	3 
4675	1 
4676	7 
4677	23 
4678	7 
4679	26 
4680	11 
4681	14 
4682	2 
4683	27 
4684	20 
4685	23 
4686	27 
4687	4 
4688	9 
4689	29 
4690	22 
4691	2 
4692	4 
4693	23 
4694	2 
4695	18 
4696	17 
4697	3 
4698	28 
4699	6 
4700	27 
4701	1 
4702	14 
4703	18 
4704	21 
4705	10 
4706	22 
4707	2 
4708	3 
4709	14 
4710	8 
4711	28 
4712	8 
4713	1 
4714	11 
4715	11 
4716	12 
4717	6 
4718	17 
4719	13 
4720	25 
4721	18 
4722	2 
4723	29 
4724	14 
4725	9 
4726	19 
4727	15 
4728	14 
4729	10 
4730	20 
4731	18 
4732	5 
4733	7 
4734	30 
4735	24 
4736	18 
4737	28 
4738	5 
4739	4 
4740	29 
4741	25 
4742	25 
4743	26 
4744	28 
4745	25 
4746	4 
4747	3 
4748	3 
4749	15 
4750	14 
4751	12 
4752	10 
4753	19 
4754	24 
4755	27 
4756	3 
4757	9 
4758	4 
4759	10 
4760	27 
4761	25 
4762	9 
4763	10 
4764	8 
4765	23 
4766	7 
4767	14 
4768	28 
4769	7 
4770	1 
4771	29 
4772	3 
4773	6 
4774	29 
4775	21 
4776	7 
4777	3 
4778	13 
4779	28 
4780	11 
4781	4 
4782	7 
4783	27 
4784	19 
4785	24 
4786	23 
4787	11 
4788	16 
4789	21 
4790	23 
4791	17 
4792	27 
4793	22 
4794	22 
4795	27 
4796	6 
4797	2 
4798	4 
4799	1 
4800	23 
4801	25 
4802	20 
4803	20 
4804	21 
4805	14 
4806	17 
4807	17 
4808	22 
4809	9 
4810	21 
4811	19 
4812	17 
4813	30 
4814	18 
4815	11 
4816	1 
4817	3 
4818	22 
4819	10 
4820	15 
4821	8 
4822	1 
4823	16 
4824	25 
4825	7 
4826	23 
4827	21 
4828	9 
4829	27 
4830	1 
4831	23 
4832	24 
4833	28 
4834	23 
4835	24 
4836	29 
4837	26 
4838	15 
4839	6 
4840	23 
4841	12 
4842	29 
4843	13 
4844	10 
4845	29 
4846	28 
4847	15 
4848	10 
4849	28 
4850	6 
4851	23 
4852	26 
4853	14 
4854	28 
4855	30 
4856	9 
4857	26 
4858	26 
4859	28 
4860	7 
4861	21 
4862	25 
4863	5 
4864	14 
4865	13 
4866	28 
4867	26 
4868	6 
4869	30 
4870	25 
4871	20 
4872	28 
4873	4 
4874	16 
4875	12 
4876	4 
4877	3 
4878	12 
4879	19 
4880	21 
4881	27 
4882	5 
4883	23 
4884	28 
4885	23 
4886	18 
4887	14 
4888	23 
4889	19 
4890	11 
4891	13 
4892	14 
4893	26 
4894	26 
4895	12 
4896	28 
4897	11 
4898	15 
4899	1 
4900	22 
4901	1 
4902	13 
4903	22 
4904	11 
4905	22 
4906	8 
4907	27 
4908	28 
4909	21 
4910	6 
4911	14 
4912	30 
4913	1 
4914	2 
4915	29 
4916	29 
4917	7 
4918	10 
4919	25 
4920	1 
4921	26 
4922	7 
4923	14 
4924	7 
4925	7 
4926	23 
4927	25 
4928	23 
4929	29 
4930	27 
4931	28 
4932	27 
4933	26 
4934	2 
4935	28 
4936	14 
4937	9 
4938	26 
4939	5 
4940	27 
4941	9 
4942	9 
4943	29 
4944	14 
4945	26 
4946	23 
4947	26 
4948	9 
4949	2 
4950	2 
4951	25 
4952	28 
4953	9 
4954	23 
4955	1 
4956	1 
4957	20 
4958	20 
4959	14 
4960	28 
4961	14 
4962	5 
4963	27 
4964	2 
4965	14 
4966	20 
4967	14 
4968	14 
4969	2 
4970	5 
4971	14 
4972	29 
4973	27 
4974	20 
4975	29 
4976	14 
4977	29 
4978	5 
4979	29 
4980	20 
4981	28 
4982	20 
4983	5 
4984	5 
4985	14 
4986	5 
4987	20 
4988	20 
4989	14 
4990	14 
4991	14 
4992	14 
4993	14 
4994	14 
4995	14 
4996	14 
4997	14 
4998	14 
4999	14 
5000	14 
