1	1 
2	16 
3	17 
4	2 
5	4 
6	13 
7	2 
8	20 
9	2 
10	3 
11	24 
12	8 
13	23 
14	17 
15	14 
16	25 
17	22 
18	3 
19	4 
20	19 
21	21 
22	11 
23	20 
24	9 
25	5 
26	22 
27	6 
28	9 
29	7 
30	28 
31	3 
32	7 
33	23 
34	23 
35	26 
36	23 
37	16 
38	11 
39	16 
40	2 
41	11 
42	2 
43	11 
44	7 
45	19 
46	27 
47	4 
48	3 
49	25 
50	21 
51	4 
52	7 
53	5 
54	25 
55	2 
56	18 
57	19 
58	14 
59	28 
60	5 
61	16 
62	28 
63	19 
64	21 
65	20 
66	27 
67	27 
68	3 
69	7 
70	17 
71	21 
72	12 
73	19 
74	14 
75	2 
76	14 
77	28 
78	13 
79	15 
80	19 
81	16 
82	23 
83	28 
84	21 
85	6 
86	28 
87	5 
88	16 
89	20 
90	19 
91	4 
92	12 
93	10 
94	3 
95	19 
96	7 
97	22 
98	23 
99	28 
100	26 
101	26 
102	7 
103	15 
104	4 
105	5 
106	20 
107	25 
108	20 
109	27 
110	28 
111	1 
112	23 
113	19 
114	25 
115	25 
116	13 
117	2 
118	26 
119	18 
120	1 
121	26 
122	25 
123	19 
124	3 
125	21 
126	25 
127	10 
128	8 
129	25 
130	5 
131	28 
132	16 
133	4 
134	16 
135	10 
136	21 
137	12 
138	25 
139	18 
140	2 
141	16 
142	11 
143	6 
144	11 
145	22 
146	20 
147	4 
148	5 
149	28 
150	20 
151	19 
152	4 
153	14 
154	3 
155	19 
156	3 
157	18 
158	27 
159	26 
160	3 
161	20 
162	6 
163	9 
164	1 
165	8 
166	6 
167	28 
168	4 
169	27 
170	5 
171	9 
172	14 
173	20 
174	21 
175	6 
176	19 
177	25 
178	14 
179	2 
180	1 
181	21 
182	7 
183	13 
184	25 
185	14 
186	28 
187	1 
188	23 
189	7 
190	23 
191	13 
192	26 
193	8 
194	2 
195	15 
196	13 
197	8 
198	17 
199	10 
200	17 
201	20 
202	25 
203	23 
204	14 
205	24 
206	1 
207	24 
208	13 
209	1 
210	1 
211	21 
212	16 
213	10 
214	23 
215	22 
216	10 
217	15 
218	10 
219	4 
220	25 
221	14 
222	5 
223	23 
224	7 
225	7 
226	18 
227	5 
228	23 
229	15 
230	20 
231	10 
232	12 
233	21 
234	1 
235	17 
236	11 
237	20 
238	19 
239	15 
240	3 
241	28 
242	27 
243	6 
244	7 
245	7 
246	25 
247	24 
248	11 
249	9 
250	7 
251	26 
252	15 
253	25 
254	5 
255	1 
256	24 
257	15 
258	20 
259	11 
260	14 
261	4 
262	4 
263	3 
264	1 
265	6 
266	4 
267	1 
268	5 
269	11 
270	23 
271	13 
272	21 
273	24 
274	22 
275	24 
276	25 
277	8 
278	24 
279	7 
280	21 
281	2 
282	10 
283	25 
284	10 
285	26 
286	23 
287	6 
288	18 
289	15 
290	15 
291	24 
292	19 
293	7 
294	4 
295	10 
296	27 
297	23 
298	8 
299	20 
300	1 
301	25 
302	25 
303	23 
304	2 
305	18 
306	7 
307	21 
308	7 
309	8 
310	14 
311	18 
312	28 
313	15 
314	9 
315	12 
316	7 
317	20 
318	26 
319	18 
320	26 
321	22 
322	18 
323	10 
324	28 
325	9 
326	7 
327	4 
328	25 
329	14 
330	26 
331	24 
332	16 
333	8 
334	5 
335	2 
336	12 
337	6 
338	2 
339	16 
340	18 
341	24 
342	7 
343	18 
344	18 
345	24 
346	20 
347	27 
348	28 
349	5 
350	11 
351	26 
352	2 
353	8 
354	3 
355	9 
356	16 
357	25 
358	19 
359	22 
360	20 
361	3 
362	11 
363	25 
364	7 
365	21 
366	6 
367	26 
368	14 
369	13 
370	21 
371	17 
372	25 
373	22 
374	23 
375	5 
376	3 
377	7 
378	27 
379	21 
380	23 
381	8 
382	15 
383	24 
384	1 
385	20 
386	20 
387	17 
388	2 
389	2 
390	21 
391	20 
392	27 
393	14 
394	11 
395	10 
396	5 
397	20 
398	8 
399	23 
400	2 
401	23 
402	15 
403	16 
404	9 
405	19 
406	19 
407	20 
408	19 
409	18 
410	14 
411	3 
412	5 
413	24 
414	9 
415	18 
416	23 
417	25 
418	16 
419	24 
420	27 
421	20 
422	15 
423	27 
424	15 
425	5 
426	10 
427	27 
428	6 
429	12 
430	18 
431	4 
432	10 
433	14 
434	25 
435	21 
436	22 
437	1 
438	17 
439	26 
440	9 
441	1 
442	6 
443	4 
444	18 
445	14 
446	25 
447	16 
448	26 
449	6 
450	11 
451	18 
452	15 
453	20 
454	12 
455	6 
456	13 
457	22 
458	2 
459	9 
460	3 
461	26 
462	23 
463	4 
464	7 
465	9 
466	16 
467	19 
468	18 
469	7 
470	25 
471	23 
472	7 
473	4 
474	7 
475	28 
476	25 
477	17 
478	11 
479	4 
480	21 
481	23 
482	13 
483	5 
484	11 
485	21 
486	14 
487	22 
488	14 
489	6 
490	15 
491	27 
492	12 
493	24 
494	3 
495	2 
496	6 
497	15 
498	14 
499	5 
500	13 
501	4 
502	7 
503	23 
504	22 
505	8 
506	21 
507	4 
508	14 
509	11 
510	19 
511	12 
512	22 
513	6 
514	15 
515	5 
516	1 
517	8 
518	7 
519	18 
520	26 
521	5 
522	8 
523	10 
524	21 
525	15 
526	15 
527	19 
528	18 
529	18 
530	27 
531	12 
532	26 
533	19 
534	21 
535	3 
536	12 
537	26 
538	18 
539	18 
540	2 
541	4 
542	21 
543	23 
544	27 
545	28 
546	13 
547	16 
548	2 
549	28 
550	19 
551	16 
552	13 
553	4 
554	14 
555	15 
556	27 
557	1 
558	17 
559	11 
560	28 
561	1 
562	9 
563	18 
564	4 
565	3 
566	1 
567	13 
568	3 
569	20 
570	27 
571	12 
572	23 
573	20 
574	21 
575	5 
576	15 
577	3 
578	2 
579	3 
580	4 
581	11 
582	7 
583	27 
584	3 
585	5 
586	6 
587	12 
588	17 
589	15 
590	28 
591	20 
592	11 
593	16 
594	1 
595	16 
596	24 
597	25 
598	17 
599	22 
600	20 
601	20 
602	11 
603	12 
604	11 
605	17 
606	12 
607	1 
608	26 
609	5 
610	22 
611	1 
612	15 
613	12 
614	28 
615	17 
616	2 
617	16 
618	16 
619	16 
620	19 
621	12 
622	20 
623	12 
624	5 
625	26 
626	16 
627	10 
628	11 
629	26 
630	9 
631	21 
632	13 
633	9 
634	5 
635	19 
636	12 
637	26 
638	12 
639	23 
640	21 
641	4 
642	27 
643	19 
644	13 
645	18 
646	4 
647	28 
648	16 
649	1 
650	11 
651	2 
652	25 
653	9 
654	17 
655	8 
656	2 
657	24 
658	5 
659	23 
660	2 
661	13 
662	15 
663	11 
664	22 
665	28 
666	22 
667	27 
668	25 
669	4 
670	13 
671	22 
672	22 
673	26 
674	14 
675	26 
676	23 
677	21 
678	8 
679	26 
680	2 
681	7 
682	5 
683	1 
684	25 
685	28 
686	20 
687	14 
688	9 
689	28 
690	19 
691	20 
692	14 
693	11 
694	28 
695	26 
696	5 
697	26 
698	7 
699	1 
700	24 
701	11 
702	2 
703	26 
704	6 
705	11 
706	5 
707	28 
708	14 
709	11 
710	8 
711	8 
712	23 
713	7 
714	7 
715	2 
716	10 
717	12 
718	4 
719	22 
720	19 
721	16 
722	14 
723	2 
724	14 
725	21 
726	11 
727	17 
728	19 
729	13 
730	24 
731	13 
732	11 
733	12 
734	16 
735	26 
736	6 
737	24 
738	19 
739	7 
740	4 
741	21 
742	14 
743	18 
744	19 
745	19 
746	24 
747	14 
748	12 
749	1 
750	2 
751	4 
752	3 
753	25 
754	16 
755	19 
756	20 
757	4 
758	8 
759	5 
760	16 
761	14 
762	10 
763	11 
764	28 
765	20 
766	19 
767	8 
768	10 
769	17 
770	25 
771	26 
772	22 
773	5 
774	27 
775	6 
776	12 
777	19 
778	23 
779	26 
780	15 
781	9 
782	5 
783	21 
784	17 
785	20 
786	16 
787	23 
788	4 
789	13 
790	18 
791	18 
792	27 
793	20 
794	19 
795	20 
796	17 
797	9 
798	23 
799	28 
800	1 
801	21 
802	5 
803	10 
804	27 
805	20 
806	11 
807	15 
808	14 
809	3 
810	20 
811	7 
812	1 
813	16 
814	26 
815	7 
816	21 
817	27 
818	25 
819	13 
820	25 
821	28 
822	1 
823	13 
824	18 
825	10 
826	17 
827	1 
828	27 
829	20 
830	8 
831	3 
832	17 
833	16 
834	16 
835	23 
836	16 
837	20 
838	3 
839	20 
840	3 
841	2 
842	19 
843	7 
844	10 
845	18 
846	22 
847	26 
848	2 
849	6 
850	19 
851	27 
852	1 
853	19 
854	21 
855	7 
856	4 
857	4 
858	22 
859	2 
860	26 
861	13 
862	3 
863	1 
864	16 
865	1 
866	21 
867	3 
868	28 
869	13 
870	23 
871	14 
872	12 
873	19 
874	2 
875	16 
876	10 
877	27 
878	5 
879	15 
880	22 
881	20 
882	7 
883	21 
884	6 
885	2 
886	26 
887	10 
888	19 
889	21 
890	20 
891	7 
892	14 
893	23 
894	15 
895	1 
896	9 
897	12 
898	27 
899	27 
900	7 
901	3 
902	4 
903	2 
904	20 
905	20 
906	25 
907	22 
908	2 
909	18 
910	10 
911	18 
912	1 
913	23 
914	4 
915	28 
916	14 
917	5 
918	22 
919	21 
920	23 
921	19 
922	1 
923	21 
924	25 
925	4 
926	27 
927	12 
928	4 
929	9 
930	27 
931	12 
932	21 
933	6 
934	5 
935	12 
936	8 
937	7 
938	2 
939	26 
940	13 
941	3 
942	24 
943	13 
944	14 
945	24 
946	19 
947	22 
948	8 
949	4 
950	15 
951	1 
952	25 
953	20 
954	8 
955	11 
956	11 
957	6 
958	16 
959	5 
960	12 
961	2 
962	26 
963	26 
964	23 
965	24 
966	27 
967	9 
968	5 
969	23 
970	28 
971	11 
972	4 
973	4 
974	12 
975	19 
976	26 
977	3 
978	4 
979	5 
980	24 
981	6 
982	20 
983	8 
984	5 
985	4 
986	18 
987	19 
988	1 
989	20 
990	20 
991	8 
992	14 
993	2 
994	21 
995	14 
996	24 
997	27 
998	14 
999	26 
1000	15 
1001	1 
1002	25 
1003	26 
1004	26 
1005	15 
1006	8 
1007	3 
1008	2 
1009	2 
1010	15 
1011	1 
1012	21 
1013	8 
1014	23 
1015	21 
1016	19 
1017	18 
1018	5 
1019	14 
1020	23 
1021	26 
1022	7 
1023	3 
1024	28 
1025	16 
1026	26 
1027	2 
1028	10 
1029	15 
1030	20 
1031	19 
1032	20 
1033	20 
1034	26 
1035	11 
1036	7 
1037	8 
1038	14 
1039	20 
1040	17 
1041	19 
1042	13 
1043	7 
1044	20 
1045	20 
1046	2 
1047	1 
1048	14 
1049	1 
1050	12 
1051	9 
1052	18 
1053	20 
1054	24 
1055	13 
1056	10 
1057	25 
1058	27 
1059	12 
1060	9 
1061	26 
1062	6 
1063	3 
1064	1 
1065	9 
1066	24 
1067	18 
1068	27 
1069	16 
1070	6 
1071	6 
1072	27 
1073	5 
1074	19 
1075	20 
1076	12 
1077	21 
1078	25 
1079	26 
1080	11 
1081	21 
1082	8 
1083	11 
1084	26 
1085	11 
1086	25 
1087	12 
1088	13 
1089	5 
1090	16 
1091	28 
1092	24 
1093	26 
1094	22 
1095	12 
1096	19 
1097	25 
1098	18 
1099	5 
1100	23 
1101	13 
1102	12 
1103	26 
1104	14 
1105	2 
1106	7 
1107	9 
1108	19 
1109	17 
1110	10 
1111	12 
1112	23 
1113	9 
1114	16 
1115	22 
1116	21 
1117	18 
1118	6 
1119	7 
1120	12 
1121	2 
1122	19 
1123	16 
1124	4 
1125	28 
1126	14 
1127	24 
1128	23 
1129	14 
1130	5 
1131	22 
1132	11 
1133	27 
1134	6 
1135	24 
1136	4 
1137	15 
1138	19 
1139	2 
1140	22 
1141	15 
1142	16 
1143	4 
1144	11 
1145	14 
1146	24 
1147	22 
1148	9 
1149	9 
1150	19 
1151	21 
1152	28 
1153	14 
1154	11 
1155	18 
1156	4 
1157	27 
1158	27 
1159	12 
1160	4 
1161	28 
1162	13 
1163	11 
1164	27 
1165	28 
1166	27 
1167	4 
1168	10 
1169	19 
1170	13 
1171	12 
1172	18 
1173	28 
1174	22 
1175	8 
1176	23 
1177	12 
1178	14 
1179	9 
1180	6 
1181	28 
1182	14 
1183	18 
1184	7 
1185	9 
1186	5 
1187	8 
1188	20 
1189	26 
1190	11 
1191	7 
1192	27 
1193	6 
1194	25 
1195	12 
1196	24 
1197	10 
1198	18 
1199	26 
1200	15 
1201	16 
1202	9 
1203	24 
1204	8 
1205	14 
1206	7 
1207	11 
1208	11 
1209	14 
1210	1 
1211	21 
1212	26 
1213	26 
1214	24 
1215	17 
1216	10 
1217	14 
1218	13 
1219	24 
1220	22 
1221	16 
1222	23 
1223	5 
1224	12 
1225	20 
1226	21 
1227	20 
1228	26 
1229	19 
1230	15 
1231	24 
1232	1 
1233	28 
1234	8 
1235	11 
1236	10 
1237	4 
1238	7 
1239	15 
1240	13 
1241	15 
1242	22 
1243	23 
1244	20 
1245	25 
1246	14 
1247	13 
1248	5 
1249	5 
1250	4 
1251	26 
1252	11 
1253	16 
1254	13 
1255	16 
1256	14 
1257	18 
1258	27 
1259	9 
1260	23 
1261	28 
1262	26 
1263	21 
1264	18 
1265	23 
1266	12 
1267	27 
1268	4 
1269	12 
1270	6 
1271	9 
1272	2 
1273	20 
1274	22 
1275	13 
1276	22 
1277	22 
1278	19 
1279	1 
1280	4 
1281	25 
1282	11 
1283	5 
1284	12 
1285	22 
1286	16 
1287	1 
1288	7 
1289	8 
1290	2 
1291	12 
1292	20 
1293	7 
1294	6 
1295	4 
1296	21 
1297	5 
1298	26 
1299	24 
1300	19 
1301	8 
1302	1 
1303	21 
1304	1 
1305	23 
1306	7 
1307	19 
1308	14 
1309	20 
1310	28 
1311	3 
1312	9 
1313	13 
1314	7 
1315	19 
1316	12 
1317	20 
1318	15 
1319	17 
1320	24 
1321	1 
1322	16 
1323	27 
1324	23 
1325	11 
1326	26 
1327	17 
1328	1 
1329	5 
1330	7 
1331	17 
1332	13 
1333	19 
1334	17 
1335	15 
1336	12 
1337	20 
1338	19 
1339	1 
1340	17 
1341	14 
1342	15 
1343	26 
1344	7 
1345	20 
1346	18 
1347	9 
1348	17 
1349	4 
1350	1 
1351	8 
1352	21 
1353	28 
1354	5 
1355	4 
1356	10 
1357	4 
1358	8 
1359	2 
1360	28 
1361	20 
1362	8 
1363	23 
1364	21 
1365	6 
1366	8 
1367	12 
1368	1 
1369	28 
1370	16 
1371	9 
1372	27 
1373	10 
1374	8 
1375	15 
1376	11 
1377	11 
1378	16 
1379	1 
1380	26 
1381	17 
1382	21 
1383	7 
1384	17 
1385	22 
1386	22 
1387	15 
1388	8 
1389	21 
1390	19 
1391	7 
1392	24 
1393	20 
1394	16 
1395	28 
1396	14 
1397	12 
1398	1 
1399	19 
1400	13 
1401	3 
1402	25 
1403	6 
1404	15 
1405	21 
1406	26 
1407	5 
1408	1 
1409	28 
1410	3 
1411	23 
1412	22 
1413	10 
1414	12 
1415	3 
1416	24 
1417	14 
1418	25 
1419	2 
1420	27 
1421	23 
1422	10 
1423	25 
1424	7 
1425	22 
1426	28 
1427	22 
1428	1 
1429	12 
1430	2 
1431	17 
1432	5 
1433	13 
1434	17 
1435	21 
1436	27 
1437	15 
1438	22 
1439	12 
1440	25 
1441	22 
1442	28 
1443	17 
1444	24 
1445	18 
1446	26 
1447	26 
1448	28 
1449	24 
1450	9 
1451	21 
1452	25 
1453	4 
1454	28 
1455	20 
1456	8 
1457	12 
1458	3 
1459	11 
1460	25 
1461	11 
1462	1 
1463	7 
1464	14 
1465	25 
1466	17 
1467	15 
1468	7 
1469	18 
1470	7 
1471	16 
1472	7 
1473	20 
1474	21 
1475	2 
1476	22 
1477	16 
1478	28 
1479	7 
1480	28 
1481	3 
1482	14 
1483	23 
1484	12 
1485	14 
1486	22 
1487	19 
1488	22 
1489	15 
1490	17 
1491	10 
1492	14 
1493	16 
1494	21 
1495	1 
1496	2 
1497	2 
1498	25 
1499	7 
1500	23 
1501	25 
1502	19 
1503	7 
1504	10 
1505	17 
1506	9 
1507	19 
1508	2 
1509	22 
1510	13 
1511	2 
1512	16 
1513	4 
1514	28 
1515	21 
1516	18 
1517	24 
1518	18 
1519	23 
1520	4 
1521	24 
1522	28 
1523	25 
1524	12 
1525	3 
1526	4 
1527	24 
1528	19 
1529	19 
1530	28 
1531	14 
1532	16 
1533	13 
1534	16 
1535	16 
1536	11 
1537	14 
1538	19 
1539	10 
1540	25 
1541	9 
1542	27 
1543	18 
1544	20 
1545	2 
1546	10 
1547	20 
1548	25 
1549	21 
1550	28 
1551	15 
1552	2 
1553	27 
1554	20 
1555	23 
1556	16 
1557	10 
1558	15 
1559	18 
1560	21 
1561	23 
1562	7 
1563	18 
1564	9 
1565	28 
1566	8 
1567	6 
1568	13 
1569	22 
1570	24 
1571	9 
1572	12 
1573	27 
1574	23 
1575	3 
1576	22 
1577	15 
1578	23 
1579	5 
1580	7 
1581	17 
1582	10 
1583	12 
1584	12 
1585	12 
1586	25 
1587	27 
1588	6 
1589	27 
1590	26 
1591	5 
1592	21 
1593	27 
1594	19 
1595	6 
1596	5 
1597	22 
1598	26 
1599	1 
1600	8 
1601	4 
1602	18 
1603	18 
1604	24 
1605	20 
1606	24 
1607	27 
1608	11 
1609	23 
1610	3 
1611	24 
1612	18 
1613	12 
1614	13 
1615	1 
1616	2 
1617	14 
1618	28 
1619	12 
1620	20 
1621	25 
1622	9 
1623	21 
1624	9 
1625	23 
1626	4 
1627	18 
1628	24 
1629	20 
1630	11 
1631	16 
1632	12 
1633	5 
1634	14 
1635	19 
1636	8 
1637	5 
1638	22 
1639	25 
1640	15 
1641	21 
1642	2 
1643	11 
1644	1 
1645	9 
1646	8 
1647	15 
1648	8 
1649	10 
1650	10 
1651	19 
1652	28 
1653	11 
1654	12 
1655	13 
1656	26 
1657	15 
1658	28 
1659	4 
1660	9 
1661	6 
1662	14 
1663	23 
1664	26 
1665	1 
1666	26 
1667	11 
1668	9 
1669	14 
1670	16 
1671	24 
1672	28 
1673	27 
1674	4 
1675	27 
1676	7 
1677	16 
1678	16 
1679	21 
1680	22 
1681	12 
1682	2 
1683	9 
1684	12 
1685	5 
1686	28 
1687	14 
1688	10 
1689	17 
1690	12 
1691	7 
1692	25 
1693	2 
1694	25 
1695	3 
1696	5 
1697	11 
1698	22 
1699	22 
1700	2 
1701	28 
1702	23 
1703	17 
1704	9 
1705	10 
1706	13 
1707	19 
1708	8 
1709	16 
1710	16 
1711	9 
1712	6 
1713	25 
1714	26 
1715	11 
1716	27 
1717	21 
1718	18 
1719	25 
1720	9 
1721	14 
1722	10 
1723	27 
1724	26 
1725	20 
1726	13 
1727	26 
1728	2 
1729	9 
1730	5 
1731	13 
1732	14 
1733	4 
1734	12 
1735	20 
1736	21 
1737	19 
1738	11 
1739	2 
1740	24 
1741	17 
1742	15 
1743	13 
1744	5 
1745	25 
1746	13 
1747	20 
1748	25 
1749	14 
1750	10 
1751	27 
1752	5 
1753	28 
1754	7 
1755	15 
1756	7 
1757	8 
1758	7 
1759	14 
1760	5 
1761	1 
1762	17 
1763	13 
1764	2 
1765	2 
1766	10 
1767	18 
1768	9 
1769	7 
1770	17 
1771	28 
1772	4 
1773	27 
1774	12 
1775	23 
1776	11 
1777	12 
1778	5 
1779	22 
1780	24 
1781	12 
1782	3 
1783	3 
1784	21 
1785	7 
1786	7 
1787	26 
1788	24 
1789	14 
1790	5 
1791	1 
1792	12 
1793	28 
1794	20 
1795	22 
1796	13 
1797	19 
1798	4 
1799	27 
1800	10 
1801	1 
1802	24 
1803	9 
1804	27 
1805	27 
1806	27 
1807	27 
1808	9 
1809	6 
1810	1 
1811	9 
1812	16 
1813	1 
1814	13 
1815	4 
1816	16 
1817	3 
1818	26 
1819	20 
1820	20 
1821	16 
1822	9 
1823	24 
1824	14 
1825	3 
1826	6 
1827	21 
1828	18 
1829	20 
1830	2 
1831	4 
1832	19 
1833	12 
1834	20 
1835	12 
1836	21 
1837	28 
1838	18 
1839	11 
1840	19 
1841	8 
1842	14 
1843	25 
1844	22 
1845	1 
1846	25 
1847	17 
1848	15 
1849	9 
1850	21 
1851	23 
1852	25 
1853	21 
1854	13 
1855	3 
1856	10 
1857	19 
1858	11 
1859	26 
1860	23 
1861	19 
1862	14 
1863	14 
1864	17 
1865	13 
1866	7 
1867	4 
1868	3 
1869	26 
1870	21 
1871	6 
1872	25 
1873	12 
1874	11 
1875	16 
1876	23 
1877	5 
1878	23 
1879	13 
1880	19 
1881	25 
1882	26 
1883	27 
1884	16 
1885	4 
1886	22 
1887	6 
1888	19 
1889	3 
1890	21 
1891	11 
1892	13 
1893	2 
1894	13 
1895	12 
1896	17 
1897	25 
1898	18 
1899	10 
1900	3 
1901	22 
1902	26 
1903	22 
1904	14 
1905	23 
1906	20 
1907	14 
1908	24 
1909	17 
1910	8 
1911	19 
1912	5 
1913	5 
1914	25 
1915	28 
1916	12 
1917	7 
1918	14 
1919	17 
1920	3 
1921	16 
1922	15 
1923	5 
1924	19 
1925	22 
1926	25 
1927	21 
1928	7 
1929	27 
1930	15 
1931	14 
1932	13 
1933	28 
1934	25 
1935	12 
1936	12 
1937	7 
1938	21 
1939	1 
1940	18 
1941	11 
1942	15 
1943	1 
1944	21 
1945	5 
1946	11 
1947	2 
1948	22 
1949	9 
1950	17 
1951	18 
1952	27 
1953	23 
1954	11 
1955	19 
1956	4 
1957	14 
1958	2 
1959	7 
1960	15 
1961	22 
1962	17 
1963	9 
1964	16 
1965	1 
1966	12 
1967	24 
1968	25 
1969	8 
1970	8 
1971	27 
1972	24 
1973	1 
1974	6 
1975	3 
1976	17 
1977	13 
1978	27 
1979	21 
1980	10 
1981	5 
1982	24 
1983	17 
1984	14 
1985	27 
1986	20 
1987	3 
1988	4 
1989	5 
1990	13 
1991	18 
1992	17 
1993	21 
1994	6 
1995	27 
1996	19 
1997	15 
1998	23 
1999	26 
2000	28 
2001	19 
2002	4 
2003	23 
2004	10 
2005	10 
2006	22 
2007	17 
2008	24 
2009	15 
2010	21 
2011	1 
2012	9 
2013	19 
2014	1 
2015	11 
2016	17 
2017	4 
2018	18 
2019	11 
2020	4 
2021	2 
2022	11 
2023	12 
2024	9 
2025	13 
2026	23 
2027	21 
2028	20 
2029	24 
2030	14 
2031	20 
2032	8 
2033	25 
2034	12 
2035	11 
2036	14 
2037	2 
2038	3 
2039	8 
2040	24 
2041	20 
2042	25 
2043	2 
2044	25 
2045	7 
2046	5 
2047	23 
2048	10 
2049	3 
2050	9 
2051	23 
2052	12 
2053	20 
2054	19 
2055	23 
2056	5 
2057	27 
2058	3 
2059	26 
2060	6 
2061	12 
2062	11 
2063	10 
2064	20 
2065	12 
2066	16 
2067	1 
2068	19 
2069	3 
2070	10 
2071	20 
2072	7 
2073	22 
2074	17 
2075	14 
2076	22 
2077	17 
2078	18 
2079	19 
2080	8 
2081	2 
2082	15 
2083	24 
2084	7 
2085	5 
2086	26 
2087	11 
2088	13 
2089	15 
2090	23 
2091	25 
2092	28 
2093	1 
2094	25 
2095	23 
2096	14 
2097	1 
2098	10 
2099	27 
2100	18 
2101	22 
2102	21 
2103	8 
2104	5 
2105	11 
2106	3 
2107	26 
2108	14 
2109	20 
2110	7 
2111	21 
2112	4 
2113	24 
2114	6 
2115	27 
2116	25 
2117	25 
2118	1 
2119	6 
2120	3 
2121	21 
2122	20 
2123	26 
2124	13 
2125	5 
2126	12 
2127	16 
2128	7 
2129	26 
2130	22 
2131	2 
2132	5 
2133	25 
2134	2 
2135	10 
2136	28 
2137	12 
2138	13 
2139	8 
2140	26 
2141	18 
2142	26 
2143	23 
2144	7 
2145	11 
2146	24 
2147	13 
2148	2 
2149	25 
2150	21 
2151	9 
2152	22 
2153	9 
2154	20 
2155	13 
2156	20 
2157	25 
2158	20 
2159	2 
2160	8 
2161	20 
2162	4 
2163	15 
2164	28 
2165	26 
2166	16 
2167	23 
2168	26 
2169	23 
2170	17 
2171	6 
2172	25 
2173	9 
2174	6 
2175	4 
2176	11 
2177	14 
2178	16 
2179	13 
2180	4 
2181	12 
2182	13 
2183	14 
2184	14 
2185	10 
2186	6 
2187	23 
2188	6 
2189	7 
2190	8 
2191	7 
2192	16 
2193	12 
2194	19 
2195	4 
2196	25 
2197	12 
2198	18 
2199	8 
2200	23 
2201	20 
2202	20 
2203	6 
2204	22 
2205	4 
2206	11 
2207	21 
2208	24 
2209	28 
2210	14 
2211	20 
2212	1 
2213	12 
2214	28 
2215	19 
2216	14 
2217	18 
2218	11 
2219	25 
2220	3 
2221	3 
2222	27 
2223	9 
2224	11 
2225	15 
2226	24 
2227	13 
2228	6 
2229	2 
2230	12 
2231	9 
2232	4 
2233	5 
2234	9 
2235	24 
2236	20 
2237	24 
2238	4 
2239	11 
2240	17 
2241	26 
2242	11 
2243	14 
2244	7 
2245	25 
2246	20 
2247	28 
2248	4 
2249	15 
2250	20 
2251	24 
2252	1 
2253	4 
2254	3 
2255	18 
2256	19 
2257	21 
2258	4 
2259	16 
2260	12 
2261	17 
2262	13 
2263	28 
2264	16 
2265	1 
2266	24 
2267	6 
2268	13 
2269	11 
2270	18 
2271	7 
2272	18 
2273	22 
2274	12 
2275	11 
2276	26 
2277	4 
2278	26 
2279	2 
2280	28 
2281	10 
2282	8 
2283	13 
2284	26 
2285	14 
2286	22 
2287	25 
2288	12 
2289	12 
2290	28 
2291	3 
2292	14 
2293	25 
2294	12 
2295	7 
2296	15 
2297	13 
2298	22 
2299	8 
2300	15 
2301	1 
2302	13 
2303	7 
2304	13 
2305	28 
2306	16 
2307	19 
2308	25 
2309	5 
2310	13 
2311	6 
2312	15 
2313	19 
2314	12 
2315	2 
2316	4 
2317	7 
2318	28 
2319	12 
2320	20 
2321	5 
2322	10 
2323	1 
2324	9 
2325	15 
2326	16 
2327	22 
2328	10 
2329	16 
2330	26 
2331	21 
2332	20 
2333	14 
2334	1 
2335	14 
2336	6 
2337	10 
2338	19 
2339	14 
2340	17 
2341	24 
2342	25 
2343	28 
2344	15 
2345	6 
2346	11 
2347	24 
2348	11 
2349	6 
2350	20 
2351	1 
2352	15 
2353	7 
2354	10 
2355	7 
2356	24 
2357	21 
2358	12 
2359	26 
2360	1 
2361	2 
2362	7 
2363	6 
2364	6 
2365	8 
2366	1 
2367	5 
2368	28 
2369	12 
2370	11 
2371	5 
2372	16 
2373	22 
2374	12 
2375	8 
2376	12 
2377	4 
2378	28 
2379	10 
2380	23 
2381	12 
2382	10 
2383	1 
2384	10 
2385	7 
2386	27 
2387	1 
2388	8 
2389	7 
2390	15 
2391	20 
2392	20 
2393	24 
2394	7 
2395	3 
2396	1 
2397	2 
2398	27 
2399	7 
2400	11 
2401	19 
2402	15 
2403	27 
2404	27 
2405	5 
2406	20 
2407	2 
2408	6 
2409	13 
2410	19 
2411	4 
2412	15 
2413	28 
2414	12 
2415	14 
2416	24 
2417	27 
2418	25 
2419	9 
2420	23 
2421	7 
2422	27 
2423	21 
2424	25 
2425	1 
2426	14 
2427	19 
2428	11 
2429	5 
2430	6 
2431	21 
2432	15 
2433	13 
2434	14 
2435	16 
2436	24 
2437	15 
2438	23 
2439	7 
2440	21 
2441	15 
2442	5 
2443	5 
2444	18 
2445	13 
2446	27 
2447	19 
2448	5 
2449	5 
2450	13 
2451	21 
2452	5 
2453	9 
2454	18 
2455	18 
2456	27 
2457	6 
2458	14 
2459	27 
2460	6 
2461	23 
2462	1 
2463	22 
2464	27 
2465	27 
2466	25 
2467	25 
2468	12 
2469	25 
2470	5 
2471	20 
2472	6 
2473	14 
2474	16 
2475	21 
2476	4 
2477	6 
2478	24 
2479	19 
2480	3 
2481	12 
2482	2 
2483	26 
2484	2 
2485	11 
2486	28 
2487	18 
2488	6 
2489	16 
2490	12 
2491	15 
2492	4 
2493	25 
2494	6 
2495	5 
2496	5 
2497	19 
2498	4 
2499	3 
2500	2 
2501	26 
2502	27 
2503	25 
2504	14 
2505	18 
2506	26 
2507	20 
2508	21 
2509	2 
2510	14 
2511	17 
2512	6 
2513	18 
2514	22 
2515	28 
2516	27 
2517	25 
2518	14 
2519	19 
2520	14 
2521	21 
2522	8 
2523	8 
2524	26 
2525	5 
2526	17 
2527	16 
2528	25 
2529	2 
2530	7 
2531	8 
2532	7 
2533	15 
2534	10 
2535	5 
2536	8 
2537	27 
2538	23 
2539	8 
2540	27 
2541	23 
2542	18 
2543	19 
2544	8 
2545	28 
2546	20 
2547	11 
2548	5 
2549	26 
2550	3 
2551	3 
2552	10 
2553	18 
2554	24 
2555	2 
2556	6 
2557	17 
2558	8 
2559	21 
2560	13 
2561	2 
2562	21 
2563	13 
2564	6 
2565	15 
2566	14 
2567	8 
2568	6 
2569	13 
2570	27 
2571	6 
2572	20 
2573	22 
2574	23 
2575	7 
2576	7 
2577	21 
2578	3 
2579	19 
2580	17 
2581	18 
2582	27 
2583	11 
2584	13 
2585	3 
2586	21 
2587	24 
2588	22 
2589	14 
2590	26 
2591	17 
2592	24 
2593	14 
2594	16 
2595	16 
2596	5 
2597	26 
2598	18 
2599	22 
2600	26 
2601	6 
2602	26 
2603	5 
2604	7 
2605	23 
2606	20 
2607	21 
2608	3 
2609	6 
2610	28 
2611	21 
2612	22 
2613	24 
2614	1 
2615	23 
2616	21 
2617	19 
2618	3 
2619	22 
2620	13 
2621	23 
2622	23 
2623	7 
2624	13 
2625	8 
2626	20 
2627	20 
2628	26 
2629	2 
2630	14 
2631	17 
2632	18 
2633	16 
2634	26 
2635	11 
2636	26 
2637	13 
2638	21 
2639	7 
2640	16 
2641	17 
2642	11 
2643	4 
2644	7 
2645	3 
2646	21 
2647	10 
2648	19 
2649	14 
2650	14 
2651	10 
2652	28 
2653	25 
2654	23 
2655	16 
2656	26 
2657	1 
2658	7 
2659	13 
2660	19 
2661	4 
2662	4 
2663	1 
2664	14 
2665	20 
2666	21 
2667	25 
2668	23 
2669	6 
2670	17 
2671	9 
2672	18 
2673	7 
2674	27 
2675	9 
2676	25 
2677	13 
2678	8 
2679	12 
2680	27 
2681	5 
2682	13 
2683	22 
2684	16 
2685	17 
2686	25 
2687	15 
2688	3 
2689	21 
2690	6 
2691	15 
2692	11 
2693	7 
2694	13 
2695	25 
2696	2 
2697	20 
2698	14 
2699	15 
2700	19 
2701	22 
2702	3 
2703	24 
2704	25 
2705	23 
2706	7 
2707	14 
2708	20 
2709	23 
2710	6 
2711	28 
2712	19 
2713	22 
2714	27 
2715	28 
2716	27 
2717	25 
2718	13 
2719	26 
2720	28 
2721	12 
2722	23 
2723	2 
2724	27 
2725	25 
2726	19 
2727	2 
2728	24 
2729	24 
2730	18 
2731	27 
2732	26 
2733	7 
2734	12 
2735	25 
2736	23 
2737	12 
2738	22 
2739	22 
2740	7 
2741	11 
2742	12 
2743	20 
2744	9 
2745	11 
2746	6 
2747	7 
2748	15 
2749	9 
2750	28 
2751	15 
2752	11 
2753	21 
2754	21 
2755	24 
2756	11 
2757	13 
2758	1 
2759	9 
2760	18 
2761	26 
2762	16 
2763	20 
2764	22 
2765	11 
2766	19 
2767	26 
2768	12 
2769	28 
2770	22 
2771	25 
2772	7 
2773	2 
2774	2 
2775	6 
2776	21 
2777	5 
2778	1 
2779	4 
2780	4 
2781	19 
2782	26 
2783	9 
2784	5 
2785	23 
2786	4 
2787	5 
2788	5 
2789	19 
2790	4 
2791	8 
2792	19 
2793	22 
2794	13 
2795	19 
2796	4 
2797	23 
2798	26 
2799	7 
2800	20 
2801	18 
2802	28 
2803	16 
2804	26 
2805	5 
2806	9 
2807	11 
2808	13 
2809	7 
2810	24 
2811	19 
2812	23 
2813	13 
2814	9 
2815	1 
2816	7 
2817	17 
2818	7 
2819	10 
2820	9 
2821	3 
2822	1 
2823	16 
2824	17 
2825	12 
2826	13 
2827	20 
2828	22 
2829	18 
2830	26 
2831	2 
2832	6 
2833	26 
2834	22 
2835	4 
2836	5 
2837	21 
2838	12 
2839	17 
2840	20 
2841	7 
2842	27 
2843	24 
2844	12 
2845	20 
2846	28 
2847	7 
2848	14 
2849	28 
2850	23 
2851	21 
2852	7 
2853	23 
2854	21 
2855	23 
2856	4 
2857	10 
2858	27 
2859	18 
2860	23 
2861	11 
2862	24 
2863	19 
2864	11 
2865	11 
2866	4 
2867	28 
2868	24 
2869	20 
2870	17 
2871	13 
2872	15 
2873	10 
2874	26 
2875	6 
2876	20 
2877	25 
2878	23 
2879	20 
2880	17 
2881	26 
2882	14 
2883	8 
2884	19 
2885	5 
2886	9 
2887	13 
2888	14 
2889	22 
2890	5 
2891	11 
2892	17 
2893	6 
2894	7 
2895	24 
2896	5 
2897	10 
2898	4 
2899	19 
2900	7 
2901	22 
2902	19 
2903	23 
2904	2 
2905	17 
2906	9 
2907	14 
2908	24 
2909	1 
2910	19 
2911	22 
2912	28 
2913	13 
2914	18 
2915	28 
2916	10 
2917	19 
2918	10 
2919	14 
2920	23 
2921	11 
2922	18 
2923	27 
2924	12 
2925	23 
2926	4 
2927	14 
2928	16 
2929	12 
2930	25 
2931	7 
2932	7 
2933	3 
2934	10 
2935	5 
2936	11 
2937	14 
2938	7 
2939	1 
2940	1 
2941	2 
2942	11 
2943	20 
2944	26 
2945	26 
2946	26 
2947	24 
2948	19 
2949	11 
2950	17 
2951	5 
2952	23 
2953	25 
2954	7 
2955	27 
2956	24 
2957	22 
2958	27 
2959	25 
2960	23 
2961	4 
2962	14 
2963	19 
2964	6 
2965	18 
2966	16 
2967	14 
2968	27 
2969	28 
2970	28 
2971	26 
2972	23 
2973	25 
2974	24 
2975	3 
2976	7 
2977	26 
2978	4 
2979	15 
2980	26 
2981	26 
2982	4 
2983	11 
2984	28 
2985	16 
2986	21 
2987	2 
2988	6 
2989	25 
2990	5 
2991	6 
2992	10 
2993	28 
2994	11 
2995	18 
2996	12 
2997	3 
2998	23 
2999	18 
3000	20 
3001	11 
3002	10 
3003	16 
3004	21 
3005	27 
3006	18 
3007	19 
3008	1 
3009	15 
3010	5 
3011	13 
3012	19 
3013	5 
3014	5 
3015	28 
3016	8 
3017	12 
3018	6 
3019	7 
3020	5 
3021	14 
3022	17 
3023	26 
3024	11 
3025	4 
3026	14 
3027	23 
3028	25 
3029	19 
3030	22 
3031	1 
3032	1 
3033	25 
3034	2 
3035	27 
3036	1 
3037	28 
3038	13 
3039	20 
3040	19 
3041	17 
3042	6 
3043	26 
3044	4 
3045	15 
3046	25 
3047	26 
3048	5 
3049	22 
3050	20 
3051	16 
3052	1 
3053	21 
3054	7 
3055	8 
3056	16 
3057	18 
3058	27 
3059	12 
3060	27 
3061	6 
3062	12 
3063	26 
3064	1 
3065	13 
3066	3 
3067	5 
3068	20 
3069	11 
3070	10 
3071	18 
3072	19 
3073	13 
3074	3 
3075	25 
3076	7 
3077	9 
3078	20 
3079	24 
3080	27 
3081	16 
3082	4 
3083	7 
3084	8 
3085	10 
3086	18 
3087	5 
3088	3 
3089	2 
3090	2 
3091	2 
3092	12 
3093	26 
3094	5 
3095	17 
3096	2 
3097	14 
3098	28 
3099	21 
3100	28 
3101	13 
3102	24 
3103	16 
3104	5 
3105	10 
3106	22 
3107	19 
3108	28 
3109	28 
3110	5 
3111	3 
3112	22 
3113	5 
3114	18 
3115	9 
3116	17 
3117	2 
3118	18 
3119	7 
3120	23 
3121	17 
3122	3 
3123	14 
3124	17 
3125	10 
3126	11 
3127	24 
3128	19 
3129	10 
3130	28 
3131	27 
3132	28 
3133	28 
3134	18 
3135	16 
3136	19 
3137	7 
3138	25 
3139	10 
3140	20 
3141	24 
3142	7 
3143	20 
3144	20 
3145	27 
3146	27 
3147	8 
3148	18 
3149	22 
3150	14 
3151	19 
3152	20 
3153	13 
3154	27 
3155	10 
3156	4 
3157	1 
3158	3 
3159	15 
3160	18 
3161	20 
3162	23 
3163	21 
3164	2 
3165	17 
3166	1 
3167	12 
3168	4 
3169	28 
3170	22 
3171	1 
3172	22 
3173	9 
3174	16 
3175	3 
3176	14 
3177	19 
3178	23 
3179	13 
3180	8 
3181	25 
3182	18 
3183	1 
3184	17 
3185	4 
3186	2 
3187	13 
3188	24 
3189	12 
3190	22 
3191	5 
3192	1 
3193	12 
3194	12 
3195	26 
3196	25 
3197	23 
3198	7 
3199	14 
3200	7 
3201	6 
3202	25 
3203	7 
3204	15 
3205	10 
3206	1 
3207	17 
3208	28 
3209	22 
3210	7 
3211	25 
3212	8 
3213	28 
3214	14 
3215	8 
3216	10 
3217	14 
3218	15 
3219	13 
3220	21 
3221	26 
3222	14 
3223	27 
3224	27 
3225	11 
3226	5 
3227	18 
3228	7 
3229	5 
3230	16 
3231	27 
3232	11 
3233	20 
3234	7 
3235	26 
3236	18 
3237	11 
3238	12 
3239	3 
3240	27 
3241	3 
3242	23 
3243	21 
3244	20 
3245	26 
3246	16 
3247	19 
3248	25 
3249	8 
3250	26 
3251	5 
3252	7 
3253	26 
3254	4 
3255	2 
3256	21 
3257	4 
3258	2 
3259	27 
3260	14 
3261	7 
3262	26 
3263	17 
3264	10 
3265	18 
3266	26 
3267	7 
3268	8 
3269	1 
3270	27 
3271	28 
3272	27 
3273	3 
3274	6 
3275	28 
3276	4 
3277	8 
3278	5 
3279	27 
3280	22 
3281	20 
3282	15 
3283	24 
3284	15 
3285	2 
3286	26 
3287	19 
3288	8 
3289	15 
3290	15 
3291	3 
3292	2 
3293	16 
3294	6 
3295	8 
3296	26 
3297	14 
3298	23 
3299	12 
3300	23 
3301	2 
3302	20 
3303	27 
3304	25 
3305	9 
3306	19 
3307	27 
3308	3 
3309	6 
3310	26 
3311	12 
3312	7 
3313	6 
3314	7 
3315	19 
3316	20 
3317	1 
3318	26 
3319	8 
3320	8 
3321	11 
3322	16 
3323	9 
3324	23 
3325	1 
3326	1 
3327	28 
3328	20 
3329	21 
3330	2 
3331	14 
3332	22 
3333	18 
3334	20 
3335	2 
3336	1 
3337	16 
3338	19 
3339	26 
3340	20 
3341	16 
3342	12 
3343	4 
3344	22 
3345	26 
3346	15 
3347	14 
3348	9 
3349	11 
3350	16 
3351	15 
3352	19 
3353	15 
3354	20 
3355	8 
3356	1 
3357	1 
3358	2 
3359	19 
3360	26 
3361	14 
3362	2 
3363	12 
3364	14 
3365	24 
3366	22 
3367	22 
3368	23 
3369	9 
3370	27 
3371	22 
3372	14 
3373	17 
3374	7 
3375	22 
3376	5 
3377	7 
3378	4 
3379	5 
3380	8 
3381	16 
3382	27 
3383	26 
3384	2 
3385	23 
3386	17 
3387	25 
3388	15 
3389	27 
3390	15 
3391	26 
3392	6 
3393	7 
3394	22 
3395	26 
3396	18 
3397	5 
3398	13 
3399	10 
3400	18 
3401	25 
3402	18 
3403	13 
3404	1 
3405	18 
3406	8 
3407	11 
3408	6 
3409	10 
3410	5 
3411	7 
3412	9 
3413	17 
3414	28 
3415	3 
3416	1 
3417	3 
3418	6 
3419	23 
3420	11 
3421	7 
3422	7 
3423	4 
3424	21 
3425	19 
3426	11 
3427	12 
3428	17 
3429	10 
3430	8 
3431	26 
3432	12 
3433	1 
3434	18 
3435	20 
3436	11 
3437	14 
3438	18 
3439	19 
3440	6 
3441	21 
3442	21 
3443	17 
3444	1 
3445	9 
3446	18 
3447	12 
3448	15 
3449	18 
3450	20 
3451	7 
3452	11 
3453	14 
3454	22 
3455	23 
3456	10 
3457	1 
3458	16 
3459	14 
3460	18 
3461	7 
3462	26 
3463	7 
3464	13 
3465	13 
3466	14 
3467	25 
3468	6 
3469	25 
3470	22 
3471	5 
3472	23 
3473	14 
3474	10 
3475	11 
3476	4 
3477	25 
3478	23 
3479	4 
3480	26 
3481	18 
3482	7 
3483	23 
3484	22 
3485	9 
3486	15 
3487	22 
3488	27 
3489	2 
3490	22 
3491	9 
3492	6 
3493	25 
3494	28 
3495	7 
3496	16 
3497	14 
3498	11 
3499	17 
3500	23 
3501	20 
3502	11 
3503	27 
3504	16 
3505	27 
3506	25 
3507	25 
3508	26 
3509	22 
3510	8 
3511	19 
3512	7 
3513	10 
3514	23 
3515	10 
3516	20 
3517	12 
3518	18 
3519	20 
3520	28 
3521	14 
3522	3 
3523	11 
3524	25 
3525	22 
3526	15 
3527	6 
3528	2 
3529	13 
3530	27 
3531	22 
3532	12 
3533	28 
3534	17 
3535	26 
3536	9 
3537	17 
3538	10 
3539	19 
3540	18 
3541	28 
3542	19 
3543	6 
3544	7 
3545	28 
3546	20 
3547	7 
3548	22 
3549	16 
3550	8 
3551	8 
3552	22 
3553	19 
3554	24 
3555	27 
3556	8 
3557	4 
3558	5 
3559	8 
3560	22 
3561	18 
3562	1 
3563	24 
3564	5 
3565	20 
3566	5 
3567	1 
3568	3 
3569	3 
3570	4 
3571	27 
3572	10 
3573	18 
3574	13 
3575	7 
3576	12 
3577	3 
3578	4 
3579	25 
3580	14 
3581	13 
3582	6 
3583	12 
3584	14 
3585	9 
3586	24 
3587	28 
3588	8 
3589	13 
3590	8 
3591	27 
3592	25 
3593	5 
3594	2 
3595	27 
3596	28 
3597	17 
3598	19 
3599	18 
3600	1 
3601	13 
3602	26 
3603	22 
3604	16 
3605	6 
3606	5 
3607	11 
3608	28 
3609	23 
3610	14 
3611	14 
3612	28 
3613	25 
3614	15 
3615	26 
3616	27 
3617	20 
3618	12 
3619	28 
3620	10 
3621	16 
3622	10 
3623	27 
3624	26 
3625	12 
3626	7 
3627	16 
3628	7 
3629	9 
3630	26 
3631	8 
3632	2 
3633	12 
3634	20 
3635	26 
3636	27 
3637	28 
3638	18 
3639	2 
3640	7 
3641	2 
3642	18 
3643	4 
3644	1 
3645	16 
3646	10 
3647	17 
3648	21 
3649	17 
3650	28 
3651	11 
3652	23 
3653	10 
3654	25 
3655	3 
3656	17 
3657	13 
3658	23 
3659	13 
3660	4 
3661	21 
3662	20 
3663	16 
3664	22 
3665	7 
3666	19 
3667	23 
3668	12 
3669	21 
3670	13 
3671	1 
3672	9 
3673	2 
3674	14 
3675	24 
3676	2 
3677	1 
3678	10 
3679	16 
3680	3 
3681	9 
3682	19 
3683	10 
3684	23 
3685	28 
3686	11 
3687	28 
3688	25 
3689	1 
3690	13 
3691	6 
3692	23 
3693	27 
3694	5 
3695	14 
3696	27 
3697	7 
3698	16 
3699	6 
3700	22 
3701	24 
3702	4 
3703	14 
3704	6 
3705	14 
3706	21 
3707	3 
3708	3 
3709	9 
3710	16 
3711	28 
3712	24 
3713	24 
3714	19 
3715	21 
3716	25 
3717	12 
3718	25 
3719	17 
3720	19 
3721	5 
3722	12 
3723	6 
3724	11 
3725	3 
3726	2 
3727	17 
3728	7 
3729	23 
3730	27 
3731	21 
3732	22 
3733	19 
3734	12 
3735	25 
3736	28 
3737	7 
3738	16 
3739	8 
3740	27 
3741	12 
3742	3 
3743	1 
3744	9 
3745	23 
3746	24 
3747	26 
3748	20 
3749	9 
3750	9 
3751	14 
3752	19 
3753	7 
3754	13 
3755	1 
3756	2 
3757	9 
3758	26 
3759	21 
3760	22 
3761	15 
3762	24 
3763	12 
3764	28 
3765	10 
3766	23 
3767	25 
3768	11 
3769	9 
3770	12 
3771	16 
3772	26 
3773	20 
3774	10 
3775	18 
3776	14 
3777	19 
3778	20 
3779	11 
3780	14 
3781	17 
3782	6 
3783	15 
3784	5 
3785	26 
3786	8 
3787	28 
3788	18 
3789	27 
3790	1 
3791	24 
3792	2 
3793	9 
3794	12 
3795	23 
3796	17 
3797	20 
3798	19 
3799	26 
3800	27 
3801	12 
3802	24 
3803	19 
3804	26 
3805	20 
3806	24 
3807	5 
3808	6 
3809	7 
3810	8 
3811	22 
3812	12 
3813	23 
3814	25 
3815	20 
3816	5 
3817	19 
3818	14 
3819	4 
3820	25 
3821	24 
3822	24 
3823	25 
3824	20 
3825	3 
3826	10 
3827	12 
3828	26 
3829	27 
3830	8 
3831	12 
3832	27 
3833	13 
3834	27 
3835	20 
3836	5 
3837	26 
3838	14 
3839	8 
3840	25 
3841	15 
3842	26 
3843	21 
3844	21 
3845	20 
3846	11 
3847	8 
3848	27 
3849	15 
3850	24 
3851	11 
3852	14 
3853	14 
3854	17 
3855	26 
3856	18 
3857	5 
3858	1 
3859	15 
3860	25 
3861	1 
3862	27 
3863	24 
3864	1 
3865	20 
3866	7 
3867	22 
3868	23 
3869	5 
3870	10 
3871	11 
3872	20 
3873	6 
3874	27 
3875	22 
3876	13 
3877	5 
3878	3 
3879	23 
3880	10 
3881	1 
3882	7 
3883	6 
3884	26 
3885	19 
3886	20 
3887	10 
3888	7 
3889	28 
3890	7 
3891	9 
3892	20 
3893	19 
3894	20 
3895	28 
3896	16 
3897	16 
3898	11 
3899	19 
3900	21 
3901	27 
3902	21 
3903	27 
3904	24 
3905	10 
3906	9 
3907	11 
3908	23 
3909	15 
3910	8 
3911	15 
3912	2 
3913	7 
3914	15 
3915	15 
3916	27 
3917	28 
3918	21 
3919	28 
3920	25 
3921	10 
3922	22 
3923	17 
3924	25 
3925	25 
3926	26 
3927	12 
3928	13 
3929	17 
3930	21 
3931	7 
3932	4 
3933	27 
3934	19 
3935	15 
3936	27 
3937	26 
3938	28 
3939	20 
3940	7 
3941	5 
3942	3 
3943	25 
3944	15 
3945	14 
3946	26 
3947	15 
3948	8 
3949	15 
3950	13 
3951	5 
3952	8 
3953	2 
3954	14 
3955	25 
3956	11 
3957	14 
3958	3 
3959	15 
3960	15 
3961	4 
3962	23 
3963	22 
3964	10 
3965	18 
3966	16 
3967	11 
3968	12 
3969	15 
3970	2 
3971	22 
3972	12 
3973	15 
3974	16 
3975	5 
3976	3 
3977	26 
3978	4 
3979	10 
3980	19 
3981	8 
3982	27 
3983	16 
3984	10 
3985	5 
3986	13 
3987	12 
3988	20 
3989	25 
3990	14 
3991	20 
3992	28 
3993	2 
3994	4 
3995	1 
3996	13 
3997	24 
3998	7 
3999	6 
4000	11 
4001	18 
4002	1 
4003	27 
4004	21 
4005	19 
4006	4 
4007	17 
4008	3 
4009	1 
4010	15 
4011	21 
4012	26 
4013	5 
4014	25 
4015	20 
4016	20 
4017	25 
4018	2 
4019	23 
4020	6 
4021	19 
4022	19 
4023	25 
4024	17 
4025	16 
4026	14 
4027	19 
4028	4 
4029	28 
4030	23 
4031	6 
4032	3 
4033	4 
4034	25 
4035	6 
4036	24 
4037	18 
4038	24 
4039	17 
4040	14 
4041	19 
4042	13 
4043	13 
4044	26 
4045	21 
4046	16 
4047	13 
4048	3 
4049	22 
4050	3 
4051	23 
4052	11 
4053	16 
4054	10 
4055	8 
4056	16 
4057	23 
4058	1 
4059	7 
4060	1 
4061	21 
4062	15 
4063	1 
4064	19 
4065	25 
4066	25 
4067	22 
4068	17 
4069	12 
4070	12 
4071	28 
4072	19 
4073	22 
4074	14 
4075	25 
4076	1 
4077	27 
4078	5 
4079	9 
4080	1 
4081	8 
4082	14 
4083	28 
4084	14 
4085	6 
4086	16 
4087	26 
4088	5 
4089	21 
4090	2 
4091	8 
4092	28 
4093	24 
4094	16 
4095	7 
4096	23 
4097	19 
4098	26 
4099	2 
4100	19 
4101	2 
4102	23 
4103	20 
4104	7 
4105	7 
4106	7 
4107	20 
4108	23 
4109	7 
4110	12 
4111	21 
4112	7 
4113	11 
4114	25 
4115	11 
4116	16 
4117	19 
4118	4 
4119	7 
4120	21 
4121	8 
4122	21 
4123	7 
4124	20 
4125	1 
4126	25 
4127	15 
4128	1 
4129	24 
4130	27 
4131	18 
4132	2 
4133	21 
4134	21 
4135	24 
4136	6 
4137	6 
4138	19 
4139	23 
4140	8 
4141	1 
4142	10 
4143	19 
4144	8 
4145	16 
4146	22 
4147	15 
4148	4 
4149	11 
4150	14 
4151	16 
4152	21 
4153	17 
4154	28 
4155	17 
4156	9 
4157	28 
4158	27 
4159	3 
4160	14 
4161	5 
4162	18 
4163	23 
4164	22 
4165	17 
4166	22 
4167	26 
4168	5 
4169	24 
4170	13 
4171	23 
4172	19 
4173	25 
4174	6 
4175	16 
4176	27 
4177	11 
4178	18 
4179	5 
4180	26 
4181	24 
4182	13 
4183	24 
4184	20 
4185	10 
4186	13 
4187	19 
4188	24 
4189	20 
4190	1 
4191	9 
4192	24 
4193	13 
4194	24 
4195	26 
4196	15 
4197	19 
4198	26 
4199	28 
4200	28 
4201	10 
4202	3 
4203	7 
4204	10 
4205	12 
4206	7 
4207	25 
4208	24 
4209	1 
4210	6 
4211	26 
4212	27 
4213	10 
4214	27 
4215	9 
4216	27 
4217	24 
4218	22 
4219	19 
4220	21 
4221	25 
4222	2 
4223	3 
4224	28 
4225	18 
4226	20 
4227	25 
4228	23 
4229	20 
4230	18 
4231	2 
4232	26 
4233	10 
4234	6 
4235	13 
4236	3 
4237	22 
4238	13 
4239	13 
4240	9 
4241	4 
4242	6 
4243	2 
4244	19 
4245	7 
4246	24 
4247	8 
4248	25 
4249	18 
4250	7 
4251	10 
4252	17 
4253	3 
4254	10 
4255	21 
4256	20 
4257	16 
4258	19 
4259	23 
4260	19 
4261	13 
4262	20 
4263	13 
4264	21 
4265	19 
4266	9 
4267	9 
4268	8 
4269	7 
4270	15 
4271	12 
4272	15 
4273	28 
4274	11 
4275	26 
4276	21 
4277	24 
4278	6 
4279	14 
4280	9 
4281	2 
4282	26 
4283	24 
4284	2 
4285	10 
4286	9 
4287	19 
4288	15 
4289	23 
4290	4 
4291	20 
4292	4 
4293	19 
4294	27 
4295	17 
4296	5 
4297	19 
4298	24 
4299	5 
4300	11 
4301	12 
4302	14 
4303	17 
4304	15 
4305	10 
4306	5 
4307	7 
4308	23 
4309	5 
4310	13 
4311	6 
4312	1 
4313	7 
4314	12 
4315	19 
4316	14 
4317	3 
4318	7 
4319	18 
4320	25 
4321	10 
4322	12 
4323	20 
4324	8 
4325	4 
4326	2 
4327	22 
4328	22 
4329	8 
4330	12 
4331	11 
4332	6 
4333	6 
4334	14 
4335	23 
4336	15 
4337	1 
4338	27 
4339	10 
4340	5 
4341	18 
4342	17 
4343	20 
4344	26 
4345	18 
4346	10 
4347	1 
4348	25 
4349	16 
4350	24 
4351	14 
4352	15 
4353	19 
4354	16 
4355	26 
4356	9 
4357	19 
4358	24 
4359	26 
4360	6 
4361	17 
4362	3 
4363	27 
4364	6 
4365	27 
4366	8 
4367	7 
4368	7 
4369	4 
4370	8 
4371	27 
4372	10 
4373	7 
4374	12 
4375	25 
4376	23 
4377	20 
4378	23 
4379	24 
4380	12 
4381	21 
4382	19 
4383	26 
4384	19 
4385	4 
4386	11 
4387	21 
4388	22 
4389	13 
4390	16 
4391	3 
4392	18 
4393	3 
4394	22 
4395	21 
4396	22 
4397	6 
4398	22 
4399	2 
4400	21 
4401	26 
4402	1 
4403	14 
4404	19 
4405	22 
4406	19 
4407	16 
4408	2 
4409	25 
4410	17 
4411	16 
4412	6 
4413	3 
4414	3 
4415	13 
4416	16 
4417	9 
4418	13 
4419	18 
4420	4 
4421	1 
4422	16 
4423	1 
4424	9 
4425	10 
4426	26 
4427	3 
4428	24 
4429	20 
4430	15 
4431	18 
4432	3 
4433	6 
4434	1 
4435	14 
4436	22 
4437	27 
4438	20 
4439	25 
4440	1 
4441	23 
4442	26 
4443	23 
4444	7 
4445	19 
4446	16 
4447	4 
4448	22 
4449	4 
4450	24 
4451	19 
4452	7 
4453	11 
4454	5 
4455	9 
4456	17 
4457	27 
4458	27 
4459	26 
4460	2 
4461	7 
4462	25 
4463	6 
4464	28 
4465	21 
4466	2 
4467	2 
4468	5 
4469	27 
4470	13 
4471	23 
4472	6 
4473	6 
4474	22 
4475	20 
4476	16 
4477	13 
4478	4 
4479	1 
4480	25 
4481	4 
4482	7 
4483	17 
4484	23 
4485	11 
4486	20 
4487	12 
4488	18 
4489	9 
4490	10 
4491	17 
4492	5 
4493	28 
4494	13 
4495	19 
4496	17 
4497	15 
4498	26 
4499	10 
4500	14 
4501	5 
4502	21 
4503	1 
4504	19 
4505	7 
4506	18 
4507	26 
4508	10 
4509	22 
4510	20 
4511	4 
4512	14 
4513	20 
4514	27 
4515	14 
4516	28 
4517	5 
4518	17 
4519	2 
4520	13 
4521	27 
4522	10 
4523	10 
4524	12 
4525	12 
4526	26 
4527	6 
4528	13 
4529	23 
4530	2 
4531	27 
4532	17 
4533	27 
4534	1 
4535	2 
4536	9 
4537	10 
4538	28 
4539	9 
4540	17 
4541	18 
4542	22 
4543	15 
4544	22 
4545	4 
4546	22 
4547	9 
4548	28 
4549	3 
4550	26 
4551	19 
4552	19 
4553	24 
4554	1 
4555	19 
4556	19 
4557	5 
4558	1 
4559	24 
4560	19 
4561	26 
4562	16 
4563	23 
4564	2 
4565	24 
4566	27 
4567	1 
4568	1 
4569	25 
4570	14 
4571	10 
4572	8 
4573	18 
4574	19 
4575	21 
4576	21 
4577	9 
4578	19 
4579	19 
4580	10 
4581	6 
4582	10 
4583	22 
4584	13 
4585	12 
4586	22 
4587	12 
4588	2 
4589	18 
4590	9 
4591	11 
4592	1 
4593	2 
4594	8 
4595	7 
4596	21 
4597	19 
4598	27 
4599	11 
4600	9 
4601	7 
4602	20 
4603	17 
4604	7 
4605	14 
4606	3 
4607	5 
4608	6 
4609	7 
4610	27 
4611	16 
4612	24 
4613	25 
4614	23 
4615	24 
4616	23 
4617	3 
4618	17 
4619	19 
4620	18 
4621	4 
4622	4 
4623	19 
4624	14 
4625	15 
4626	26 
4627	2 
4628	27 
4629	23 
4630	22 
4631	26 
4632	26 
4633	5 
4634	25 
4635	10 
4636	28 
4637	23 
4638	21 
4639	15 
4640	21 
4641	14 
4642	7 
4643	26 
4644	20 
4645	20 
4646	14 
4647	10 
4648	8 
4649	17 
4650	17 
4651	26 
4652	7 
4653	13 
4654	16 
4655	26 
4656	8 
4657	7 
4658	2 
4659	26 
4660	16 
4661	11 
4662	4 
4663	20 
4664	18 
4665	17 
4666	2 
4667	18 
4668	28 
4669	16 
4670	28 
4671	23 
4672	1 
4673	23 
4674	11 
4675	24 
4676	13 
4677	5 
4678	13 
4679	3 
4680	27 
4681	22 
4682	23 
4683	28 
4684	20 
4685	2 
4686	19 
4687	21 
4688	25 
4689	5 
4690	17 
4691	26 
4692	27 
4693	21 
4694	12 
4695	5 
4696	27 
4697	18 
4698	7 
4699	1 
4700	7 
4701	7 
4702	24 
4703	3 
4704	13 
4705	19 
4706	26 
4707	15 
4708	20 
4709	12 
4710	20 
4711	22 
4712	12 
4713	13 
4714	15 
4715	19 
4716	12 
4717	2 
4718	21 
4719	15 
4720	21 
4721	2 
4722	19 
4723	6 
4724	28 
4725	23 
4726	6 
4727	5 
4728	7 
4729	2 
4730	17 
4731	24 
4732	25 
4733	24 
4734	6 
4735	27 
4736	17 
4737	13 
4738	25 
4739	5 
4740	7 
4741	14 
4742	22 
4743	8 
4744	10 
4745	18 
4746	19 
4747	21 
4748	27 
4749	15 
4750	5 
4751	24 
4752	11 
4753	20 
4754	5 
4755	19 
4756	6 
4757	28 
4758	6 
4759	3 
4760	4 
4761	10 
4762	6 
4763	17 
4764	28 
4765	1 
4766	4 
4767	7 
4768	23 
4769	21 
4770	14 
4771	20 
4772	24 
4773	24 
4774	7 
4775	20 
4776	13 
4777	28 
4778	25 
4779	26 
4780	14 
4781	14 
4782	10 
4783	17 
4784	5 
4785	25 
4786	14 
4787	13 
4788	12 
4789	26 
4790	7 
4791	14 
4792	12 
4793	27 
4794	2 
4795	2 
4796	19 
4797	13 
4798	21 
4799	14 
4800	22 
4801	16 
4802	24 
4803	1 
4804	24 
4805	10 
4806	16 
4807	15 
4808	2 
4809	24 
4810	7 
4811	7 
4812	5 
4813	2 
4814	1 
4815	16 
4816	22 
4817	17 
4818	3 
4819	24 
4820	22 
4821	21 
4822	10 
4823	16 
4824	21 
4825	4 
4826	25 
4827	20 
4828	28 
4829	6 
4830	27 
4831	4 
4832	7 
4833	19 
4834	25 
4835	10 
4836	4 
4837	8 
4838	13 
4839	11 
4840	2 
4841	15 
4842	15 
4843	13 
4844	3 
4845	26 
4846	25 
4847	1 
4848	7 
4849	25 
4850	11 
4851	20 
4852	20 
4853	27 
4854	27 
4855	20 
4856	25 
4857	14 
4858	28 
4859	4 
4860	11 
4861	28 
4862	20 
4863	5 
4864	25 
4865	22 
4866	7 
4867	25 
4868	14 
4869	10 
4870	12 
4871	26 
4872	17 
4873	1 
4874	22 
4875	23 
4876	17 
4877	15 
4878	6 
4879	10 
4880	5 
4881	9 
4882	28 
4883	12 
4884	11 
4885	14 
4886	17 
4887	2 
4888	23 
4889	13 
4890	23 
4891	24 
4892	26 
4893	26 
4894	8 
4895	5 
4896	20 
4897	8 
4898	5 
4899	21 
4900	26 
4901	25 
4902	1 
4903	27 
4904	6 
4905	13 
4906	10 
4907	28 
4908	4 
4909	27 
4910	12 
4911	1 
4912	28 
4913	16 
4914	1 
4915	7 
4916	16 
4917	11 
4918	10 
4919	26 
4920	14 
4921	16 
4922	10 
4923	4 
4924	20 
4925	28 
4926	2 
4927	22 
4928	6 
4929	5 
4930	20 
4931	16 
4932	26 
4933	20 
4934	22 
4935	2 
4936	22 
4937	26 
4938	20 
4939	26 
4940	22 
4941	24 
4942	26 
4943	23 
4944	5 
4945	21 
4946	27 
4947	20 
4948	12 
4949	19 
4950	26 
4951	14 
4952	19 
4953	19 
4954	27 
4955	20 
4956	25 
4957	12 
4958	12 
4959	14 
4960	7 
4961	14 
4962	26 
4963	20 
4964	25 
4965	26 
4966	19 
4967	26 
4968	14 
4969	7 
4970	19 
4971	26 
4972	20 
4973	19 
4974	26 
4975	20 
4976	19 
4977	7 
4978	7 
4979	20 
4980	7 
4981	26 
4982	19 
4983	19 
4984	20 
4985	19 
4986	19 
4987	19 
4988	7 
4989	19 
4990	20 
4991	20 
4992	7 
4993	19 
4994	20 
4995	19 
4996	19 
4997	7 
4998	19 
4999	19 
5000	7 
