1	10 
2	4 
3	32 
4	11 
5	11 
6	20 
7	2 
8	28 
9	3 
10	7 
11	20 
12	29 
13	12 
14	26 
15	19 
16	28 
17	18 
18	10 
19	18 
20	17 
21	29 
22	7 
23	30 
24	27 
25	16 
26	26 
27	13 
28	32 
29	22 
30	1 
31	25 
32	5 
33	27 
34	22 
35	4 
36	15 
37	12 
38	20 
39	6 
40	9 
41	30 
42	9 
43	21 
44	24 
45	14 
46	28 
47	4 
48	7 
49	27 
50	30 
51	30 
52	25 
53	8 
54	9 
55	30 
56	30 
57	20 
58	2 
59	13 
60	9 
61	3 
62	9 
63	22 
64	23 
65	31 
66	30 
67	20 
68	5 
69	17 
70	1 
71	8 
72	26 
73	21 
74	4 
75	26 
76	6 
77	11 
78	22 
79	18 
80	9 
81	1 
82	2 
83	22 
84	32 
85	3 
86	11 
87	23 
88	3 
89	32 
90	15 
91	3 
92	24 
93	31 
94	8 
95	17 
96	2 
97	17 
98	25 
99	25 
100	11 
101	25 
102	25 
103	4 
104	15 
105	13 
106	30 
107	29 
108	21 
109	20 
110	26 
111	2 
112	31 
113	12 
114	31 
115	17 
116	30 
117	22 
118	31 
119	11 
120	24 
121	1 
122	23 
123	22 
124	15 
125	11 
126	32 
127	7 
128	31 
129	16 
130	26 
131	1 
132	26 
133	15 
134	8 
135	16 
136	28 
137	11 
138	32 
139	11 
140	7 
141	11 
142	19 
143	1 
144	10 
145	6 
146	15 
147	5 
148	16 
149	8 
150	15 
151	4 
152	4 
153	2 
154	17 
155	24 
156	22 
157	26 
158	12 
159	29 
160	3 
161	18 
162	25 
163	22 
164	1 
165	30 
166	13 
167	11 
168	29 
169	15 
170	4 
171	1 
172	19 
173	7 
174	9 
175	2 
176	30 
177	29 
178	27 
179	14 
180	3 
181	18 
182	28 
183	12 
184	27 
185	26 
186	13 
187	20 
188	5 
189	29 
190	16 
191	27 
192	18 
193	10 
194	19 
195	8 
196	29 
197	6 
198	2 
199	32 
200	31 
201	13 
202	25 
203	6 
204	5 
205	20 
206	6 
207	22 
208	21 
209	31 
210	27 
211	32 
212	14 
213	8 
214	6 
215	11 
216	17 
217	29 
218	27 
219	22 
220	11 
221	18 
222	2 
223	5 
224	8 
225	24 
226	5 
227	5 
228	14 
229	7 
230	9 
231	24 
232	5 
233	29 
234	22 
235	11 
236	23 
237	7 
238	20 
239	27 
240	20 
241	13 
242	12 
243	28 
244	7 
245	2 
246	8 
247	14 
248	13 
249	19 
250	5 
251	26 
252	16 
253	14 
254	29 
255	3 
256	16 
257	24 
258	11 
259	23 
260	20 
261	2 
262	26 
263	16 
264	28 
265	4 
266	2 
267	28 
268	2 
269	11 
270	31 
271	2 
272	2 
273	30 
274	25 
275	27 
276	8 
277	16 
278	28 
279	31 
280	22 
281	18 
282	9 
283	4 
284	22 
285	15 
286	32 
287	5 
288	14 
289	15 
290	19 
291	1 
292	13 
293	1 
294	29 
295	12 
296	22 
297	28 
298	4 
299	24 
300	18 
301	22 
302	21 
303	11 
304	30 
305	29 
306	27 
307	4 
308	23 
309	24 
310	5 
311	3 
312	2 
313	22 
314	25 
315	5 
316	12 
317	21 
318	4 
319	21 
320	3 
321	28 
322	2 
323	7 
324	6 
325	9 
326	32 
327	32 
328	14 
329	7 
330	20 
331	20 
332	31 
333	4 
334	13 
335	17 
336	14 
337	5 
338	2 
339	29 
340	26 
341	29 
342	15 
343	1 
344	7 
345	12 
346	30 
347	28 
348	4 
349	9 
350	9 
351	17 
352	9 
353	19 
354	4 
355	17 
356	29 
357	17 
358	13 
359	22 
360	31 
361	13 
362	7 
363	31 
364	6 
365	27 
366	5 
367	19 
368	21 
369	19 
370	32 
371	20 
372	12 
373	20 
374	19 
375	11 
376	4 
377	12 
378	22 
379	28 
380	7 
381	23 
382	29 
383	15 
384	23 
385	2 
386	25 
387	31 
388	4 
389	28 
390	14 
391	2 
392	15 
393	18 
394	4 
395	21 
396	4 
397	14 
398	1 
399	8 
400	6 
401	17 
402	4 
403	1 
404	29 
405	11 
406	10 
407	8 
408	30 
409	25 
410	17 
411	11 
412	25 
413	27 
414	28 
415	5 
416	26 
417	3 
418	6 
419	29 
420	30 
421	5 
422	5 
423	17 
424	27 
425	6 
426	30 
427	28 
428	23 
429	9 
430	27 
431	3 
432	14 
433	20 
434	26 
435	3 
436	12 
437	5 
438	29 
439	21 
440	8 
441	26 
442	30 
443	28 
444	21 
445	2 
446	8 
447	13 
448	14 
449	1 
450	21 
451	22 
452	11 
453	18 
454	7 
455	2 
456	27 
457	22 
458	12 
459	1 
460	28 
461	8 
462	6 
463	30 
464	5 
465	15 
466	30 
467	24 
468	12 
469	16 
470	30 
471	14 
472	15 
473	30 
474	17 
475	24 
476	31 
477	4 
478	24 
479	30 
480	26 
481	11 
482	32 
483	1 
484	22 
485	16 
486	28 
487	22 
488	31 
489	32 
490	11 
491	7 
492	12 
493	32 
494	10 
495	3 
496	24 
497	11 
498	10 
499	18 
500	11 
501	11 
502	21 
503	18 
504	28 
505	17 
506	14 
507	23 
508	26 
509	31 
510	17 
511	17 
512	32 
513	12 
514	23 
515	13 
516	24 
517	32 
518	32 
519	18 
520	1 
521	32 
522	5 
523	29 
524	27 
525	22 
526	20 
527	10 
528	25 
529	26 
530	20 
531	6 
532	3 
533	25 
534	11 
535	22 
536	5 
537	22 
538	4 
539	3 
540	4 
541	26 
542	5 
543	31 
544	11 
545	32 
546	1 
547	12 
548	30 
549	4 
550	28 
551	4 
552	23 
553	16 
554	1 
555	7 
556	26 
557	31 
558	24 
559	9 
560	2 
561	2 
562	13 
563	27 
564	3 
565	27 
566	20 
567	28 
568	12 
569	1 
570	27 
571	25 
572	2 
573	6 
574	14 
575	19 
576	18 
577	9 
578	19 
579	15 
580	20 
581	9 
582	22 
583	20 
584	4 
585	5 
586	7 
587	29 
588	1 
589	20 
590	5 
591	19 
592	8 
593	13 
594	8 
595	25 
596	22 
597	13 
598	11 
599	8 
600	30 
601	28 
602	14 
603	8 
604	31 
605	5 
606	26 
607	27 
608	28 
609	10 
610	22 
611	30 
612	28 
613	31 
614	15 
615	32 
616	29 
617	32 
618	29 
619	8 
620	2 
621	29 
622	3 
623	2 
624	9 
625	5 
626	14 
627	23 
628	4 
629	11 
630	5 
631	12 
632	27 
633	11 
634	23 
635	5 
636	12 
637	9 
638	16 
639	25 
640	18 
641	3 
642	11 
643	28 
644	2 
645	24 
646	2 
647	21 
648	3 
649	11 
650	29 
651	18 
652	14 
653	22 
654	17 
655	3 
656	10 
657	27 
658	4 
659	1 
660	27 
661	23 
662	31 
663	13 
664	17 
665	32 
666	17 
667	15 
668	7 
669	2 
670	24 
671	22 
672	23 
673	12 
674	27 
675	9 
676	23 
677	15 
678	6 
679	19 
680	26 
681	23 
682	27 
683	7 
684	1 
685	5 
686	16 
687	1 
688	25 
689	24 
690	3 
691	4 
692	19 
693	5 
694	27 
695	10 
696	19 
697	11 
698	31 
699	6 
700	14 
701	29 
702	14 
703	8 
704	12 
705	30 
706	20 
707	31 
708	30 
709	21 
710	27 
711	9 
712	22 
713	27 
714	22 
715	17 
716	17 
717	30 
718	32 
719	17 
720	18 
721	26 
722	7 
723	30 
724	8 
725	18 
726	6 
727	27 
728	7 
729	29 
730	31 
731	22 
732	3 
733	21 
734	4 
735	5 
736	32 
737	29 
738	11 
739	4 
740	13 
741	20 
742	4 
743	29 
744	14 
745	3 
746	2 
747	13 
748	22 
749	32 
750	31 
751	28 
752	1 
753	7 
754	14 
755	23 
756	1 
757	14 
758	12 
759	23 
760	30 
761	11 
762	14 
763	22 
764	20 
765	20 
766	22 
767	10 
768	20 
769	3 
770	15 
771	18 
772	12 
773	28 
774	2 
775	25 
776	4 
777	30 
778	9 
779	30 
780	5 
781	24 
782	21 
783	28 
784	9 
785	13 
786	3 
787	14 
788	20 
789	10 
790	28 
791	8 
792	30 
793	14 
794	4 
795	19 
796	7 
797	12 
798	18 
799	4 
800	23 
801	8 
802	27 
803	26 
804	21 
805	12 
806	10 
807	29 
808	5 
809	19 
810	7 
811	21 
812	32 
813	15 
814	16 
815	4 
816	22 
817	20 
818	16 
819	13 
820	2 
821	16 
822	19 
823	4 
824	18 
825	22 
826	25 
827	6 
828	10 
829	32 
830	3 
831	10 
832	23 
833	29 
834	1 
835	12 
836	5 
837	17 
838	14 
839	24 
840	2 
841	8 
842	10 
843	22 
844	18 
845	10 
846	27 
847	28 
848	15 
849	9 
850	2 
851	3 
852	10 
853	29 
854	28 
855	4 
856	32 
857	30 
858	21 
859	24 
860	31 
861	10 
862	31 
863	25 
864	4 
865	17 
866	18 
867	15 
868	7 
869	12 
870	28 
871	15 
872	6 
873	26 
874	24 
875	6 
876	14 
877	26 
878	18 
879	19 
880	23 
881	22 
882	30 
883	1 
884	9 
885	12 
886	3 
887	17 
888	3 
889	4 
890	14 
891	13 
892	22 
893	4 
894	31 
895	12 
896	20 
897	1 
898	18 
899	6 
900	13 
901	4 
902	22 
903	24 
904	27 
905	30 
906	6 
907	5 
908	4 
909	32 
910	16 
911	20 
912	18 
913	21 
914	22 
915	23 
916	26 
917	21 
918	5 
919	9 
920	4 
921	20 
922	22 
923	7 
924	20 
925	14 
926	19 
927	32 
928	13 
929	23 
930	22 
931	20 
932	27 
933	23 
934	14 
935	9 
936	6 
937	8 
938	11 
939	9 
940	28 
941	18 
942	15 
943	15 
944	4 
945	14 
946	22 
947	12 
948	5 
949	3 
950	17 
951	5 
952	9 
953	12 
954	9 
955	23 
956	7 
957	30 
958	32 
959	11 
960	12 
961	24 
962	1 
963	19 
964	12 
965	24 
966	3 
967	25 
968	24 
969	29 
970	1 
971	11 
972	15 
973	31 
974	22 
975	11 
976	6 
977	24 
978	11 
979	23 
980	8 
981	8 
982	20 
983	21 
984	31 
985	14 
986	17 
987	29 
988	5 
989	1 
990	31 
991	6 
992	1 
993	20 
994	4 
995	8 
996	20 
997	4 
998	20 
999	17 
1000	19 
1001	10 
1002	17 
1003	28 
1004	12 
1005	28 
1006	15 
1007	11 
1008	32 
1009	17 
1010	14 
1011	29 
1012	10 
1013	22 
1014	23 
1015	19 
1016	30 
1017	10 
1018	28 
1019	10 
1020	29 
1021	30 
1022	20 
1023	16 
1024	13 
1025	1 
1026	2 
1027	2 
1028	12 
1029	4 
1030	31 
1031	25 
1032	6 
1033	7 
1034	3 
1035	11 
1036	20 
1037	12 
1038	30 
1039	23 
1040	5 
1041	18 
1042	3 
1043	11 
1044	3 
1045	25 
1046	25 
1047	1 
1048	2 
1049	20 
1050	18 
1051	3 
1052	21 
1053	2 
1054	8 
1055	10 
1056	30 
1057	23 
1058	32 
1059	11 
1060	16 
1061	29 
1062	3 
1063	3 
1064	12 
1065	26 
1066	4 
1067	2 
1068	30 
1069	11 
1070	14 
1071	10 
1072	6 
1073	31 
1074	32 
1075	18 
1076	20 
1077	23 
1078	12 
1079	31 
1080	25 
1081	8 
1082	9 
1083	28 
1084	8 
1085	16 
1086	3 
1087	26 
1088	17 
1089	28 
1090	30 
1091	19 
1092	12 
1093	13 
1094	10 
1095	12 
1096	28 
1097	26 
1098	4 
1099	28 
1100	18 
1101	9 
1102	27 
1103	22 
1104	32 
1105	28 
1106	18 
1107	23 
1108	3 
1109	8 
1110	30 
1111	23 
1112	22 
1113	24 
1114	8 
1115	18 
1116	3 
1117	27 
1118	3 
1119	32 
1120	26 
1121	22 
1122	13 
1123	32 
1124	3 
1125	16 
1126	11 
1127	23 
1128	11 
1129	2 
1130	26 
1131	2 
1132	30 
1133	18 
1134	20 
1135	13 
1136	29 
1137	19 
1138	16 
1139	26 
1140	13 
1141	26 
1142	8 
1143	15 
1144	27 
1145	22 
1146	1 
1147	16 
1148	28 
1149	19 
1150	31 
1151	22 
1152	2 
1153	22 
1154	25 
1155	8 
1156	26 
1157	27 
1158	5 
1159	29 
1160	12 
1161	9 
1162	30 
1163	3 
1164	32 
1165	29 
1166	10 
1167	2 
1168	25 
1169	9 
1170	27 
1171	20 
1172	15 
1173	28 
1174	26 
1175	19 
1176	26 
1177	3 
1178	32 
1179	8 
1180	11 
1181	23 
1182	31 
1183	9 
1184	31 
1185	6 
1186	13 
1187	14 
1188	2 
1189	21 
1190	20 
1191	17 
1192	6 
1193	15 
1194	19 
1195	25 
1196	13 
1197	15 
1198	18 
1199	29 
1200	11 
1201	27 
1202	13 
1203	15 
1204	11 
1205	32 
1206	31 
1207	23 
1208	1 
1209	11 
1210	24 
1211	25 
1212	2 
1213	32 
1214	12 
1215	32 
1216	1 
1217	2 
1218	11 
1219	9 
1220	16 
1221	21 
1222	14 
1223	11 
1224	8 
1225	14 
1226	5 
1227	2 
1228	11 
1229	29 
1230	23 
1231	23 
1232	8 
1233	27 
1234	19 
1235	30 
1236	5 
1237	31 
1238	30 
1239	24 
1240	11 
1241	20 
1242	6 
1243	10 
1244	4 
1245	29 
1246	32 
1247	20 
1248	9 
1249	23 
1250	31 
1251	1 
1252	25 
1253	32 
1254	1 
1255	14 
1256	21 
1257	8 
1258	30 
1259	19 
1260	5 
1261	28 
1262	3 
1263	30 
1264	26 
1265	21 
1266	14 
1267	27 
1268	21 
1269	4 
1270	2 
1271	18 
1272	9 
1273	2 
1274	11 
1275	27 
1276	20 
1277	27 
1278	25 
1279	4 
1280	2 
1281	13 
1282	29 
1283	11 
1284	9 
1285	4 
1286	8 
1287	5 
1288	9 
1289	13 
1290	29 
1291	26 
1292	26 
1293	12 
1294	21 
1295	5 
1296	15 
1297	15 
1298	6 
1299	3 
1300	29 
1301	12 
1302	15 
1303	16 
1304	1 
1305	24 
1306	28 
1307	22 
1308	13 
1309	13 
1310	30 
1311	24 
1312	20 
1313	14 
1314	14 
1315	8 
1316	31 
1317	3 
1318	5 
1319	32 
1320	32 
1321	17 
1322	30 
1323	18 
1324	24 
1325	31 
1326	32 
1327	5 
1328	30 
1329	27 
1330	1 
1331	23 
1332	13 
1333	15 
1334	6 
1335	10 
1336	3 
1337	8 
1338	5 
1339	10 
1340	18 
1341	13 
1342	15 
1343	22 
1344	14 
1345	9 
1346	19 
1347	1 
1348	19 
1349	12 
1350	21 
1351	19 
1352	14 
1353	21 
1354	22 
1355	27 
1356	17 
1357	3 
1358	21 
1359	16 
1360	1 
1361	19 
1362	8 
1363	23 
1364	1 
1365	28 
1366	6 
1367	25 
1368	9 
1369	30 
1370	18 
1371	17 
1372	22 
1373	30 
1374	21 
1375	22 
1376	14 
1377	6 
1378	5 
1379	22 
1380	30 
1381	9 
1382	19 
1383	14 
1384	23 
1385	24 
1386	15 
1387	5 
1388	19 
1389	13 
1390	31 
1391	28 
1392	8 
1393	16 
1394	29 
1395	28 
1396	21 
1397	30 
1398	31 
1399	25 
1400	3 
1401	14 
1402	15 
1403	24 
1404	3 
1405	31 
1406	29 
1407	15 
1408	25 
1409	20 
1410	5 
1411	11 
1412	19 
1413	26 
1414	32 
1415	14 
1416	15 
1417	29 
1418	15 
1419	8 
1420	24 
1421	4 
1422	27 
1423	14 
1424	1 
1425	17 
1426	19 
1427	19 
1428	2 
1429	22 
1430	31 
1431	17 
1432	31 
1433	6 
1434	32 
1435	23 
1436	22 
1437	27 
1438	29 
1439	9 
1440	29 
1441	24 
1442	8 
1443	7 
1444	17 
1445	20 
1446	4 
1447	9 
1448	23 
1449	27 
1450	20 
1451	28 
1452	9 
1453	22 
1454	14 
1455	2 
1456	3 
1457	3 
1458	3 
1459	1 
1460	14 
1461	30 
1462	15 
1463	21 
1464	24 
1465	21 
1466	18 
1467	13 
1468	30 
1469	11 
1470	17 
1471	19 
1472	1 
1473	10 
1474	22 
1475	32 
1476	31 
1477	19 
1478	5 
1479	10 
1480	21 
1481	32 
1482	24 
1483	28 
1484	11 
1485	30 
1486	9 
1487	29 
1488	31 
1489	12 
1490	19 
1491	27 
1492	6 
1493	2 
1494	28 
1495	4 
1496	13 
1497	23 
1498	25 
1499	8 
1500	12 
1501	10 
1502	27 
1503	1 
1504	27 
1505	30 
1506	26 
1507	20 
1508	5 
1509	30 
1510	19 
1511	20 
1512	1 
1513	16 
1514	22 
1515	27 
1516	17 
1517	2 
1518	18 
1519	30 
1520	12 
1521	24 
1522	3 
1523	8 
1524	5 
1525	4 
1526	5 
1527	2 
1528	5 
1529	22 
1530	32 
1531	9 
1532	27 
1533	8 
1534	7 
1535	5 
1536	15 
1537	11 
1538	8 
1539	6 
1540	3 
1541	7 
1542	11 
1543	20 
1544	30 
1545	25 
1546	14 
1547	10 
1548	26 
1549	27 
1550	26 
1551	12 
1552	27 
1553	28 
1554	19 
1555	14 
1556	16 
1557	14 
1558	13 
1559	10 
1560	28 
1561	27 
1562	29 
1563	21 
1564	12 
1565	12 
1566	6 
1567	22 
1568	7 
1569	4 
1570	29 
1571	30 
1572	30 
1573	28 
1574	20 
1575	26 
1576	23 
1577	10 
1578	30 
1579	3 
1580	14 
1581	27 
1582	19 
1583	12 
1584	12 
1585	8 
1586	2 
1587	28 
1588	12 
1589	15 
1590	30 
1591	11 
1592	4 
1593	3 
1594	22 
1595	14 
1596	26 
1597	32 
1598	30 
1599	10 
1600	26 
1601	1 
1602	8 
1603	9 
1604	19 
1605	1 
1606	6 
1607	2 
1608	25 
1609	1 
1610	19 
1611	5 
1612	19 
1613	12 
1614	15 
1615	1 
1616	29 
1617	15 
1618	19 
1619	21 
1620	9 
1621	27 
1622	19 
1623	13 
1624	22 
1625	8 
1626	24 
1627	14 
1628	23 
1629	7 
1630	14 
1631	12 
1632	9 
1633	2 
1634	1 
1635	11 
1636	17 
1637	3 
1638	25 
1639	17 
1640	18 
1641	22 
1642	30 
1643	24 
1644	12 
1645	27 
1646	28 
1647	12 
1648	31 
1649	32 
1650	4 
1651	8 
1652	22 
1653	32 
1654	25 
1655	19 
1656	22 
1657	29 
1658	9 
1659	19 
1660	18 
1661	31 
1662	31 
1663	30 
1664	30 
1665	28 
1666	17 
1667	23 
1668	17 
1669	22 
1670	13 
1671	23 
1672	4 
1673	25 
1674	16 
1675	27 
1676	28 
1677	28 
1678	3 
1679	22 
1680	32 
1681	4 
1682	7 
1683	26 
1684	23 
1685	30 
1686	29 
1687	25 
1688	28 
1689	29 
1690	31 
1691	6 
1692	21 
1693	20 
1694	23 
1695	5 
1696	3 
1697	20 
1698	15 
1699	19 
1700	16 
1701	30 
1702	30 
1703	25 
1704	27 
1705	22 
1706	7 
1707	6 
1708	20 
1709	25 
1710	5 
1711	25 
1712	26 
1713	31 
1714	13 
1715	29 
1716	30 
1717	2 
1718	27 
1719	25 
1720	28 
1721	20 
1722	16 
1723	19 
1724	30 
1725	18 
1726	25 
1727	6 
1728	11 
1729	24 
1730	8 
1731	8 
1732	28 
1733	22 
1734	8 
1735	8 
1736	10 
1737	32 
1738	8 
1739	19 
1740	12 
1741	17 
1742	14 
1743	20 
1744	31 
1745	29 
1746	3 
1747	8 
1748	31 
1749	6 
1750	10 
1751	22 
1752	10 
1753	31 
1754	14 
1755	18 
1756	2 
1757	8 
1758	6 
1759	26 
1760	22 
1761	24 
1762	13 
1763	20 
1764	23 
1765	25 
1766	5 
1767	29 
1768	19 
1769	17 
1770	8 
1771	29 
1772	4 
1773	29 
1774	23 
1775	14 
1776	10 
1777	30 
1778	31 
1779	6 
1780	29 
1781	32 
1782	22 
1783	1 
1784	17 
1785	1 
1786	30 
1787	26 
1788	15 
1789	30 
1790	21 
1791	6 
1792	2 
1793	8 
1794	26 
1795	13 
1796	5 
1797	10 
1798	1 
1799	17 
1800	22 
1801	28 
1802	31 
1803	4 
1804	12 
1805	15 
1806	9 
1807	30 
1808	10 
1809	26 
1810	7 
1811	26 
1812	22 
1813	27 
1814	26 
1815	13 
1816	31 
1817	11 
1818	19 
1819	11 
1820	27 
1821	4 
1822	12 
1823	1 
1824	27 
1825	28 
1826	11 
1827	6 
1828	18 
1829	15 
1830	4 
1831	31 
1832	30 
1833	10 
1834	8 
1835	27 
1836	6 
1837	12 
1838	28 
1839	16 
1840	11 
1841	12 
1842	22 
1843	17 
1844	28 
1845	24 
1846	10 
1847	2 
1848	22 
1849	1 
1850	2 
1851	8 
1852	28 
1853	31 
1854	11 
1855	3 
1856	1 
1857	4 
1858	11 
1859	7 
1860	4 
1861	14 
1862	23 
1863	25 
1864	1 
1865	18 
1866	5 
1867	2 
1868	8 
1869	20 
1870	11 
1871	19 
1872	8 
1873	11 
1874	30 
1875	22 
1876	3 
1877	8 
1878	1 
1879	31 
1880	8 
1881	24 
1882	11 
1883	16 
1884	20 
1885	32 
1886	26 
1887	21 
1888	10 
1889	29 
1890	26 
1891	30 
1892	16 
1893	2 
1894	27 
1895	13 
1896	1 
1897	19 
1898	21 
1899	9 
1900	18 
1901	32 
1902	30 
1903	17 
1904	9 
1905	26 
1906	19 
1907	1 
1908	23 
1909	11 
1910	18 
1911	23 
1912	31 
1913	32 
1914	14 
1915	6 
1916	22 
1917	8 
1918	10 
1919	27 
1920	12 
1921	12 
1922	2 
1923	8 
1924	28 
1925	26 
1926	24 
1927	31 
1928	13 
1929	19 
1930	3 
1931	9 
1932	23 
1933	15 
1934	21 
1935	20 
1936	7 
1937	7 
1938	6 
1939	3 
1940	16 
1941	10 
1942	31 
1943	1 
1944	3 
1945	27 
1946	11 
1947	20 
1948	18 
1949	15 
1950	31 
1951	10 
1952	20 
1953	29 
1954	18 
1955	13 
1956	5 
1957	11 
1958	16 
1959	11 
1960	24 
1961	29 
1962	10 
1963	18 
1964	6 
1965	25 
1966	20 
1967	11 
1968	9 
1969	25 
1970	2 
1971	9 
1972	2 
1973	28 
1974	4 
1975	19 
1976	17 
1977	11 
1978	17 
1979	20 
1980	24 
1981	23 
1982	27 
1983	4 
1984	27 
1985	14 
1986	11 
1987	10 
1988	6 
1989	24 
1990	31 
1991	6 
1992	31 
1993	4 
1994	17 
1995	12 
1996	12 
1997	9 
1998	32 
1999	17 
2000	14 
2001	22 
2002	11 
2003	27 
2004	4 
2005	1 
2006	16 
2007	10 
2008	29 
2009	30 
2010	12 
2011	13 
2012	5 
2013	32 
2014	21 
2015	29 
2016	13 
2017	3 
2018	8 
2019	11 
2020	32 
2021	28 
2022	3 
2023	28 
2024	1 
2025	8 
2026	14 
2027	2 
2028	5 
2029	2 
2030	14 
2031	5 
2032	14 
2033	13 
2034	3 
2035	23 
2036	2 
2037	11 
2038	24 
2039	32 
2040	16 
2041	7 
2042	23 
2043	17 
2044	30 
2045	30 
2046	24 
2047	2 
2048	14 
2049	5 
2050	2 
2051	27 
2052	5 
2053	10 
2054	16 
2055	6 
2056	8 
2057	31 
2058	17 
2059	20 
2060	8 
2061	20 
2062	20 
2063	27 
2064	10 
2065	20 
2066	29 
2067	11 
2068	2 
2069	21 
2070	15 
2071	31 
2072	21 
2073	11 
2074	23 
2075	16 
2076	27 
2077	8 
2078	10 
2079	10 
2080	1 
2081	24 
2082	16 
2083	16 
2084	28 
2085	19 
2086	23 
2087	19 
2088	14 
2089	21 
2090	22 
2091	8 
2092	16 
2093	19 
2094	4 
2095	5 
2096	16 
2097	18 
2098	32 
2099	30 
2100	29 
2101	6 
2102	19 
2103	14 
2104	17 
2105	11 
2106	3 
2107	21 
2108	24 
2109	24 
2110	31 
2111	6 
2112	15 
2113	20 
2114	3 
2115	30 
2116	30 
2117	17 
2118	4 
2119	9 
2120	14 
2121	11 
2122	32 
2123	24 
2124	14 
2125	28 
2126	9 
2127	19 
2128	32 
2129	32 
2130	26 
2131	30 
2132	27 
2133	27 
2134	30 
2135	1 
2136	20 
2137	15 
2138	9 
2139	22 
2140	11 
2141	8 
2142	29 
2143	9 
2144	25 
2145	10 
2146	27 
2147	22 
2148	19 
2149	32 
2150	24 
2151	11 
2152	18 
2153	2 
2154	3 
2155	18 
2156	12 
2157	3 
2158	27 
2159	11 
2160	31 
2161	17 
2162	18 
2163	28 
2164	3 
2165	14 
2166	13 
2167	15 
2168	23 
2169	17 
2170	1 
2171	8 
2172	7 
2173	10 
2174	1 
2175	21 
2176	3 
2177	28 
2178	11 
2179	5 
2180	25 
2181	26 
2182	3 
2183	1 
2184	9 
2185	8 
2186	2 
2187	17 
2188	29 
2189	6 
2190	29 
2191	13 
2192	27 
2193	15 
2194	2 
2195	20 
2196	12 
2197	19 
2198	22 
2199	28 
2200	13 
2201	28 
2202	30 
2203	9 
2204	29 
2205	21 
2206	4 
2207	15 
2208	22 
2209	9 
2210	9 
2211	31 
2212	24 
2213	26 
2214	26 
2215	9 
2216	14 
2217	11 
2218	22 
2219	19 
2220	2 
2221	4 
2222	9 
2223	1 
2224	4 
2225	9 
2226	24 
2227	10 
2228	7 
2229	10 
2230	1 
2231	8 
2232	21 
2233	29 
2234	22 
2235	30 
2236	25 
2237	2 
2238	22 
2239	20 
2240	11 
2241	15 
2242	18 
2243	8 
2244	6 
2245	4 
2246	8 
2247	12 
2248	24 
2249	4 
2250	20 
2251	22 
2252	25 
2253	31 
2254	27 
2255	3 
2256	31 
2257	2 
2258	26 
2259	11 
2260	31 
2261	3 
2262	26 
2263	23 
2264	8 
2265	26 
2266	3 
2267	29 
2268	22 
2269	30 
2270	12 
2271	27 
2272	8 
2273	24 
2274	28 
2275	19 
2276	4 
2277	29 
2278	18 
2279	4 
2280	13 
2281	28 
2282	29 
2283	31 
2284	20 
2285	18 
2286	28 
2287	23 
2288	32 
2289	7 
2290	29 
2291	27 
2292	27 
2293	15 
2294	30 
2295	29 
2296	17 
2297	22 
2298	31 
2299	32 
2300	32 
2301	27 
2302	15 
2303	27 
2304	11 
2305	2 
2306	19 
2307	31 
2308	25 
2309	13 
2310	3 
2311	6 
2312	10 
2313	19 
2314	29 
2315	2 
2316	27 
2317	14 
2318	24 
2319	23 
2320	12 
2321	32 
2322	15 
2323	10 
2324	17 
2325	10 
2326	25 
2327	22 
2328	3 
2329	7 
2330	6 
2331	4 
2332	30 
2333	20 
2334	4 
2335	31 
2336	16 
2337	10 
2338	14 
2339	8 
2340	11 
2341	27 
2342	29 
2343	12 
2344	13 
2345	23 
2346	22 
2347	28 
2348	24 
2349	20 
2350	29 
2351	4 
2352	29 
2353	7 
2354	23 
2355	6 
2356	2 
2357	27 
2358	12 
2359	30 
2360	4 
2361	4 
2362	29 
2363	27 
2364	13 
2365	18 
2366	10 
2367	4 
2368	13 
2369	29 
2370	2 
2371	27 
2372	22 
2373	12 
2374	27 
2375	16 
2376	4 
2377	15 
2378	4 
2379	9 
2380	22 
2381	27 
2382	18 
2383	2 
2384	21 
2385	21 
2386	6 
2387	29 
2388	14 
2389	26 
2390	17 
2391	2 
2392	14 
2393	20 
2394	8 
2395	2 
2396	16 
2397	31 
2398	20 
2399	5 
2400	31 
2401	6 
2402	17 
2403	25 
2404	16 
2405	14 
2406	28 
2407	13 
2408	12 
2409	3 
2410	24 
2411	10 
2412	11 
2413	20 
2414	7 
2415	23 
2416	22 
2417	27 
2418	30 
2419	23 
2420	7 
2421	17 
2422	28 
2423	22 
2424	22 
2425	31 
2426	7 
2427	2 
2428	10 
2429	12 
2430	3 
2431	23 
2432	31 
2433	3 
2434	6 
2435	30 
2436	23 
2437	18 
2438	30 
2439	27 
2440	30 
2441	11 
2442	5 
2443	30 
2444	12 
2445	5 
2446	30 
2447	16 
2448	31 
2449	8 
2450	20 
2451	7 
2452	19 
2453	22 
2454	32 
2455	22 
2456	23 
2457	20 
2458	29 
2459	24 
2460	29 
2461	14 
2462	27 
2463	22 
2464	12 
2465	18 
2466	32 
2467	19 
2468	12 
2469	30 
2470	14 
2471	26 
2472	23 
2473	10 
2474	26 
2475	6 
2476	30 
2477	28 
2478	32 
2479	1 
2480	20 
2481	20 
2482	13 
2483	9 
2484	15 
2485	11 
2486	19 
2487	24 
2488	10 
2489	1 
2490	32 
2491	9 
2492	8 
2493	4 
2494	3 
2495	5 
2496	29 
2497	5 
2498	17 
2499	26 
2500	22 
2501	1 
2502	31 
2503	20 
2504	9 
2505	29 
2506	29 
2507	12 
2508	31 
2509	12 
2510	22 
2511	6 
2512	29 
2513	23 
2514	18 
2515	10 
2516	15 
2517	18 
2518	29 
2519	19 
2520	25 
2521	27 
2522	31 
2523	3 
2524	27 
2525	29 
2526	14 
2527	16 
2528	16 
2529	12 
2530	28 
2531	2 
2532	12 
2533	12 
2534	2 
2535	12 
2536	7 
2537	27 
2538	15 
2539	13 
2540	32 
2541	23 
2542	13 
2543	21 
2544	24 
2545	22 
2546	8 
2547	24 
2548	18 
2549	11 
2550	1 
2551	5 
2552	16 
2553	23 
2554	13 
2555	20 
2556	1 
2557	20 
2558	1 
2559	22 
2560	13 
2561	11 
2562	30 
2563	20 
2564	15 
2565	22 
2566	28 
2567	2 
2568	1 
2569	15 
2570	13 
2571	14 
2572	7 
2573	3 
2574	13 
2575	13 
2576	6 
2577	29 
2578	21 
2579	31 
2580	29 
2581	32 
2582	17 
2583	2 
2584	13 
2585	31 
2586	5 
2587	18 
2588	11 
2589	13 
2590	13 
2591	4 
2592	11 
2593	13 
2594	7 
2595	32 
2596	6 
2597	19 
2598	27 
2599	27 
2600	2 
2601	11 
2602	26 
2603	30 
2604	12 
2605	31 
2606	2 
2607	14 
2608	11 
2609	6 
2610	27 
2611	28 
2612	2 
2613	32 
2614	13 
2615	29 
2616	22 
2617	26 
2618	22 
2619	5 
2620	12 
2621	27 
2622	29 
2623	4 
2624	16 
2625	18 
2626	26 
2627	24 
2628	18 
2629	32 
2630	30 
2631	2 
2632	26 
2633	27 
2634	22 
2635	2 
2636	19 
2637	25 
2638	20 
2639	4 
2640	13 
2641	2 
2642	31 
2643	10 
2644	10 
2645	30 
2646	11 
2647	13 
2648	8 
2649	24 
2650	23 
2651	8 
2652	30 
2653	10 
2654	29 
2655	11 
2656	1 
2657	31 
2658	26 
2659	18 
2660	29 
2661	15 
2662	3 
2663	29 
2664	5 
2665	2 
2666	12 
2667	30 
2668	25 
2669	8 
2670	14 
2671	31 
2672	24 
2673	11 
2674	10 
2675	28 
2676	2 
2677	21 
2678	21 
2679	31 
2680	14 
2681	18 
2682	15 
2683	21 
2684	19 
2685	11 
2686	12 
2687	29 
2688	1 
2689	12 
2690	18 
2691	31 
2692	31 
2693	14 
2694	12 
2695	28 
2696	12 
2697	28 
2698	23 
2699	21 
2700	17 
2701	22 
2702	7 
2703	8 
2704	27 
2705	1 
2706	25 
2707	28 
2708	11 
2709	18 
2710	30 
2711	22 
2712	18 
2713	20 
2714	3 
2715	22 
2716	16 
2717	14 
2718	25 
2719	32 
2720	25 
2721	32 
2722	4 
2723	20 
2724	28 
2725	4 
2726	8 
2727	14 
2728	4 
2729	10 
2730	25 
2731	18 
2732	1 
2733	24 
2734	32 
2735	12 
2736	22 
2737	26 
2738	11 
2739	20 
2740	15 
2741	15 
2742	22 
2743	5 
2744	8 
2745	1 
2746	18 
2747	22 
2748	26 
2749	26 
2750	14 
2751	2 
2752	28 
2753	3 
2754	1 
2755	27 
2756	4 
2757	32 
2758	15 
2759	7 
2760	9 
2761	25 
2762	15 
2763	7 
2764	23 
2765	24 
2766	31 
2767	11 
2768	30 
2769	25 
2770	13 
2771	20 
2772	1 
2773	5 
2774	24 
2775	26 
2776	17 
2777	26 
2778	30 
2779	16 
2780	27 
2781	16 
2782	7 
2783	30 
2784	20 
2785	13 
2786	32 
2787	26 
2788	10 
2789	18 
2790	12 
2791	28 
2792	14 
2793	20 
2794	13 
2795	32 
2796	19 
2797	8 
2798	17 
2799	32 
2800	28 
2801	30 
2802	4 
2803	27 
2804	5 
2805	13 
2806	6 
2807	3 
2808	15 
2809	4 
2810	18 
2811	23 
2812	1 
2813	27 
2814	11 
2815	18 
2816	31 
2817	8 
2818	31 
2819	20 
2820	10 
2821	8 
2822	12 
2823	30 
2824	4 
2825	5 
2826	29 
2827	1 
2828	6 
2829	32 
2830	18 
2831	26 
2832	27 
2833	12 
2834	29 
2835	24 
2836	10 
2837	12 
2838	11 
2839	24 
2840	12 
2841	11 
2842	28 
2843	9 
2844	9 
2845	23 
2846	22 
2847	1 
2848	23 
2849	6 
2850	15 
2851	2 
2852	18 
2853	11 
2854	27 
2855	7 
2856	12 
2857	31 
2858	8 
2859	17 
2860	4 
2861	30 
2862	5 
2863	18 
2864	30 
2865	2 
2866	2 
2867	12 
2868	17 
2869	11 
2870	24 
2871	2 
2872	24 
2873	3 
2874	22 
2875	19 
2876	23 
2877	23 
2878	21 
2879	28 
2880	20 
2881	1 
2882	19 
2883	26 
2884	30 
2885	8 
2886	3 
2887	22 
2888	14 
2889	6 
2890	26 
2891	22 
2892	24 
2893	26 
2894	6 
2895	1 
2896	25 
2897	19 
2898	16 
2899	18 
2900	10 
2901	11 
2902	29 
2903	12 
2904	29 
2905	3 
2906	19 
2907	12 
2908	13 
2909	2 
2910	10 
2911	2 
2912	16 
2913	12 
2914	4 
2915	5 
2916	3 
2917	5 
2918	8 
2919	20 
2920	16 
2921	10 
2922	5 
2923	5 
2924	10 
2925	8 
2926	4 
2927	17 
2928	1 
2929	23 
2930	29 
2931	23 
2932	23 
2933	32 
2934	12 
2935	9 
2936	17 
2937	1 
2938	23 
2939	21 
2940	15 
2941	18 
2942	1 
2943	3 
2944	6 
2945	15 
2946	7 
2947	21 
2948	7 
2949	20 
2950	28 
2951	8 
2952	16 
2953	29 
2954	14 
2955	30 
2956	6 
2957	2 
2958	3 
2959	31 
2960	3 
2961	8 
2962	16 
2963	20 
2964	7 
2965	22 
2966	23 
2967	11 
2968	16 
2969	20 
2970	30 
2971	12 
2972	31 
2973	12 
2974	2 
2975	14 
2976	28 
2977	17 
2978	29 
2979	15 
2980	4 
2981	6 
2982	12 
2983	22 
2984	23 
2985	30 
2986	30 
2987	31 
2988	32 
2989	20 
2990	4 
2991	6 
2992	23 
2993	19 
2994	28 
2995	32 
2996	27 
2997	16 
2998	4 
2999	22 
3000	23 
3001	12 
3002	31 
3003	30 
3004	24 
3005	23 
3006	11 
3007	23 
3008	31 
3009	6 
3010	5 
3011	19 
3012	7 
3013	31 
3014	29 
3015	4 
3016	23 
3017	26 
3018	6 
3019	32 
3020	26 
3021	31 
3022	18 
3023	23 
3024	6 
3025	19 
3026	5 
3027	26 
3028	1 
3029	12 
3030	4 
3031	11 
3032	2 
3033	28 
3034	30 
3035	28 
3036	25 
3037	22 
3038	11 
3039	30 
3040	31 
3041	1 
3042	31 
3043	8 
3044	4 
3045	1 
3046	5 
3047	22 
3048	5 
3049	2 
3050	10 
3051	31 
3052	4 
3053	26 
3054	17 
3055	7 
3056	14 
3057	8 
3058	20 
3059	2 
3060	29 
3061	27 
3062	24 
3063	20 
3064	17 
3065	22 
3066	20 
3067	3 
3068	11 
3069	6 
3070	10 
3071	31 
3072	3 
3073	29 
3074	12 
3075	17 
3076	2 
3077	4 
3078	11 
3079	5 
3080	8 
3081	21 
3082	32 
3083	20 
3084	31 
3085	14 
3086	21 
3087	31 
3088	23 
3089	24 
3090	1 
3091	5 
3092	10 
3093	14 
3094	18 
3095	19 
3096	6 
3097	12 
3098	16 
3099	16 
3100	30 
3101	3 
3102	23 
3103	18 
3104	15 
3105	4 
3106	27 
3107	15 
3108	18 
3109	15 
3110	9 
3111	21 
3112	2 
3113	16 
3114	29 
3115	26 
3116	8 
3117	4 
3118	31 
3119	32 
3120	6 
3121	29 
3122	2 
3123	28 
3124	24 
3125	11 
3126	25 
3127	1 
3128	5 
3129	26 
3130	25 
3131	14 
3132	6 
3133	29 
3134	26 
3135	32 
3136	7 
3137	27 
3138	4 
3139	1 
3140	26 
3141	32 
3142	22 
3143	24 
3144	29 
3145	23 
3146	19 
3147	31 
3148	15 
3149	24 
3150	22 
3151	31 
3152	27 
3153	31 
3154	22 
3155	16 
3156	15 
3157	27 
3158	6 
3159	1 
3160	20 
3161	29 
3162	12 
3163	5 
3164	24 
3165	30 
3166	26 
3167	29 
3168	27 
3169	24 
3170	8 
3171	9 
3172	27 
3173	31 
3174	8 
3175	5 
3176	20 
3177	24 
3178	23 
3179	6 
3180	29 
3181	9 
3182	13 
3183	2 
3184	3 
3185	21 
3186	21 
3187	6 
3188	5 
3189	6 
3190	1 
3191	31 
3192	1 
3193	4 
3194	7 
3195	4 
3196	22 
3197	9 
3198	32 
3199	20 
3200	1 
3201	6 
3202	11 
3203	16 
3204	24 
3205	32 
3206	25 
3207	29 
3208	31 
3209	1 
3210	2 
3211	29 
3212	4 
3213	3 
3214	5 
3215	6 
3216	16 
3217	17 
3218	27 
3219	1 
3220	30 
3221	19 
3222	27 
3223	28 
3224	4 
3225	5 
3226	11 
3227	1 
3228	2 
3229	27 
3230	3 
3231	1 
3232	3 
3233	27 
3234	30 
3235	14 
3236	1 
3237	16 
3238	10 
3239	4 
3240	16 
3241	8 
3242	25 
3243	7 
3244	13 
3245	32 
3246	27 
3247	5 
3248	1 
3249	16 
3250	3 
3251	32 
3252	16 
3253	22 
3254	11 
3255	17 
3256	6 
3257	21 
3258	20 
3259	29 
3260	15 
3261	10 
3262	21 
3263	28 
3264	27 
3265	23 
3266	10 
3267	32 
3268	29 
3269	1 
3270	32 
3271	11 
3272	21 
3273	23 
3274	32 
3275	6 
3276	22 
3277	26 
3278	10 
3279	20 
3280	31 
3281	3 
3282	20 
3283	12 
3284	18 
3285	28 
3286	15 
3287	31 
3288	31 
3289	4 
3290	32 
3291	11 
3292	10 
3293	30 
3294	32 
3295	32 
3296	26 
3297	18 
3298	11 
3299	1 
3300	14 
3301	29 
3302	32 
3303	28 
3304	1 
3305	5 
3306	22 
3307	18 
3308	13 
3309	26 
3310	20 
3311	11 
3312	18 
3313	28 
3314	14 
3315	5 
3316	27 
3317	17 
3318	11 
3319	8 
3320	2 
3321	19 
3322	6 
3323	24 
3324	9 
3325	22 
3326	16 
3327	11 
3328	13 
3329	10 
3330	17 
3331	25 
3332	16 
3333	14 
3334	31 
3335	14 
3336	28 
3337	15 
3338	30 
3339	20 
3340	30 
3341	8 
3342	31 
3343	5 
3344	10 
3345	16 
3346	4 
3347	4 
3348	31 
3349	23 
3350	4 
3351	4 
3352	18 
3353	13 
3354	1 
3355	1 
3356	14 
3357	30 
3358	22 
3359	12 
3360	5 
3361	8 
3362	30 
3363	31 
3364	20 
3365	25 
3366	12 
3367	26 
3368	2 
3369	19 
3370	10 
3371	4 
3372	20 
3373	20 
3374	7 
3375	6 
3376	4 
3377	11 
3378	29 
3379	6 
3380	2 
3381	12 
3382	2 
3383	24 
3384	19 
3385	7 
3386	25 
3387	24 
3388	32 
3389	2 
3390	24 
3391	19 
3392	9 
3393	25 
3394	29 
3395	1 
3396	4 
3397	32 
3398	2 
3399	14 
3400	3 
3401	14 
3402	32 
3403	5 
3404	19 
3405	27 
3406	17 
3407	8 
3408	23 
3409	31 
3410	6 
3411	27 
3412	4 
3413	3 
3414	28 
3415	13 
3416	11 
3417	14 
3418	26 
3419	2 
3420	13 
3421	19 
3422	30 
3423	4 
3424	13 
3425	28 
3426	26 
3427	2 
3428	17 
3429	23 
3430	14 
3431	4 
3432	5 
3433	1 
3434	28 
3435	28 
3436	9 
3437	6 
3438	16 
3439	29 
3440	19 
3441	31 
3442	30 
3443	16 
3444	9 
3445	10 
3446	27 
3447	21 
3448	28 
3449	17 
3450	30 
3451	21 
3452	10 
3453	25 
3454	30 
3455	2 
3456	24 
3457	32 
3458	8 
3459	2 
3460	1 
3461	22 
3462	24 
3463	1 
3464	5 
3465	31 
3466	28 
3467	32 
3468	17 
3469	3 
3470	24 
3471	11 
3472	19 
3473	5 
3474	23 
3475	31 
3476	32 
3477	26 
3478	27 
3479	8 
3480	32 
3481	23 
3482	31 
3483	5 
3484	29 
3485	8 
3486	20 
3487	29 
3488	27 
3489	20 
3490	8 
3491	12 
3492	23 
3493	16 
3494	29 
3495	20 
3496	10 
3497	31 
3498	3 
3499	1 
3500	9 
3501	20 
3502	3 
3503	4 
3504	28 
3505	27 
3506	3 
3507	5 
3508	21 
3509	25 
3510	1 
3511	20 
3512	21 
3513	5 
3514	10 
3515	4 
3516	27 
3517	27 
3518	27 
3519	11 
3520	18 
3521	24 
3522	31 
3523	22 
3524	32 
3525	15 
3526	18 
3527	21 
3528	13 
3529	29 
3530	20 
3531	28 
3532	3 
3533	11 
3534	28 
3535	22 
3536	24 
3537	31 
3538	5 
3539	1 
3540	13 
3541	22 
3542	1 
3543	30 
3544	21 
3545	28 
3546	14 
3547	32 
3548	3 
3549	30 
3550	6 
3551	8 
3552	21 
3553	20 
3554	25 
3555	14 
3556	25 
3557	23 
3558	26 
3559	6 
3560	18 
3561	22 
3562	25 
3563	31 
3564	25 
3565	4 
3566	5 
3567	32 
3568	27 
3569	26 
3570	32 
3571	29 
3572	9 
3573	30 
3574	5 
3575	15 
3576	28 
3577	19 
3578	30 
3579	25 
3580	24 
3581	29 
3582	18 
3583	27 
3584	24 
3585	7 
3586	32 
3587	27 
3588	8 
3589	29 
3590	26 
3591	29 
3592	24 
3593	24 
3594	25 
3595	4 
3596	6 
3597	32 
3598	19 
3599	17 
3600	19 
3601	8 
3602	13 
3603	17 
3604	2 
3605	19 
3606	29 
3607	11 
3608	19 
3609	23 
3610	5 
3611	11 
3612	12 
3613	13 
3614	5 
3615	24 
3616	32 
3617	26 
3618	32 
3619	15 
3620	23 
3621	30 
3622	15 
3623	1 
3624	5 
3625	5 
3626	30 
3627	9 
3628	29 
3629	4 
3630	23 
3631	10 
3632	32 
3633	25 
3634	1 
3635	16 
3636	16 
3637	21 
3638	7 
3639	32 
3640	21 
3641	25 
3642	19 
3643	3 
3644	2 
3645	30 
3646	20 
3647	32 
3648	6 
3649	31 
3650	28 
3651	23 
3652	18 
3653	25 
3654	12 
3655	18 
3656	7 
3657	23 
3658	6 
3659	9 
3660	9 
3661	30 
3662	17 
3663	21 
3664	5 
3665	1 
3666	6 
3667	1 
3668	15 
3669	17 
3670	24 
3671	30 
3672	18 
3673	28 
3674	22 
3675	27 
3676	13 
3677	22 
3678	12 
3679	13 
3680	14 
3681	20 
3682	17 
3683	5 
3684	29 
3685	32 
3686	29 
3687	31 
3688	26 
3689	22 
3690	10 
3691	5 
3692	2 
3693	31 
3694	32 
3695	21 
3696	6 
3697	5 
3698	31 
3699	26 
3700	27 
3701	1 
3702	21 
3703	31 
3704	29 
3705	2 
3706	19 
3707	24 
3708	18 
3709	2 
3710	31 
3711	17 
3712	12 
3713	8 
3714	28 
3715	1 
3716	9 
3717	12 
3718	20 
3719	18 
3720	5 
3721	7 
3722	23 
3723	11 
3724	13 
3725	23 
3726	2 
3727	7 
3728	5 
3729	13 
3730	15 
3731	18 
3732	22 
3733	23 
3734	27 
3735	30 
3736	3 
3737	30 
3738	32 
3739	20 
3740	18 
3741	21 
3742	23 
3743	10 
3744	28 
3745	29 
3746	27 
3747	10 
3748	29 
3749	29 
3750	32 
3751	1 
3752	23 
3753	11 
3754	27 
3755	16 
3756	19 
3757	16 
3758	30 
3759	30 
3760	7 
3761	20 
3762	17 
3763	17 
3764	18 
3765	4 
3766	7 
3767	28 
3768	31 
3769	31 
3770	17 
3771	31 
3772	11 
3773	2 
3774	26 
3775	31 
3776	9 
3777	32 
3778	11 
3779	23 
3780	12 
3781	15 
3782	27 
3783	25 
3784	12 
3785	16 
3786	16 
3787	12 
3788	1 
3789	16 
3790	21 
3791	6 
3792	14 
3793	18 
3794	19 
3795	30 
3796	10 
3797	7 
3798	24 
3799	4 
3800	9 
3801	2 
3802	28 
3803	24 
3804	19 
3805	31 
3806	32 
3807	12 
3808	21 
3809	4 
3810	15 
3811	15 
3812	27 
3813	13 
3814	29 
3815	5 
3816	19 
3817	32 
3818	24 
3819	13 
3820	11 
3821	22 
3822	25 
3823	20 
3824	26 
3825	8 
3826	3 
3827	30 
3828	17 
3829	2 
3830	11 
3831	4 
3832	17 
3833	4 
3834	6 
3835	17 
3836	11 
3837	13 
3838	31 
3839	3 
3840	27 
3841	15 
3842	30 
3843	31 
3844	22 
3845	2 
3846	19 
3847	15 
3848	29 
3849	3 
3850	6 
3851	30 
3852	4 
3853	2 
3854	19 
3855	32 
3856	22 
3857	8 
3858	3 
3859	6 
3860	12 
3861	24 
3862	16 
3863	6 
3864	14 
3865	32 
3866	22 
3867	10 
3868	6 
3869	5 
3870	17 
3871	22 
3872	12 
3873	23 
3874	31 
3875	9 
3876	21 
3877	16 
3878	11 
3879	22 
3880	3 
3881	10 
3882	15 
3883	2 
3884	19 
3885	22 
3886	3 
3887	3 
3888	31 
3889	21 
3890	26 
3891	8 
3892	11 
3893	32 
3894	7 
3895	26 
3896	2 
3897	28 
3898	12 
3899	13 
3900	12 
3901	26 
3902	26 
3903	3 
3904	3 
3905	22 
3906	4 
3907	12 
3908	28 
3909	17 
3910	30 
3911	18 
3912	3 
3913	25 
3914	29 
3915	11 
3916	26 
3917	23 
3918	11 
3919	16 
3920	29 
3921	25 
3922	30 
3923	28 
3924	27 
3925	18 
3926	27 
3927	16 
3928	24 
3929	30 
3930	6 
3931	25 
3932	23 
3933	15 
3934	12 
3935	31 
3936	2 
3937	22 
3938	31 
3939	7 
3940	23 
3941	1 
3942	32 
3943	8 
3944	30 
3945	25 
3946	2 
3947	27 
3948	30 
3949	12 
3950	16 
3951	22 
3952	24 
3953	25 
3954	3 
3955	15 
3956	28 
3957	22 
3958	3 
3959	7 
3960	27 
3961	30 
3962	27 
3963	4 
3964	24 
3965	17 
3966	28 
3967	16 
3968	20 
3969	21 
3970	7 
3971	31 
3972	11 
3973	7 
3974	1 
3975	12 
3976	6 
3977	18 
3978	7 
3979	18 
3980	24 
3981	19 
3982	16 
3983	4 
3984	20 
3985	11 
3986	11 
3987	15 
3988	22 
3989	22 
3990	29 
3991	28 
3992	20 
3993	23 
3994	30 
3995	6 
3996	11 
3997	21 
3998	12 
3999	16 
4000	1 
4001	30 
4002	22 
4003	28 
4004	17 
4005	31 
4006	13 
4007	8 
4008	6 
4009	5 
4010	31 
4011	25 
4012	6 
4013	16 
4014	24 
4015	17 
4016	10 
4017	23 
4018	19 
4019	27 
4020	18 
4021	18 
4022	28 
4023	14 
4024	5 
4025	30 
4026	4 
4027	3 
4028	12 
4029	16 
4030	20 
4031	11 
4032	8 
4033	3 
4034	9 
4035	31 
4036	8 
4037	3 
4038	2 
4039	23 
4040	22 
4041	13 
4042	30 
4043	25 
4044	18 
4045	5 
4046	17 
4047	11 
4048	3 
4049	4 
4050	1 
4051	1 
4052	7 
4053	13 
4054	30 
4055	17 
4056	12 
4057	22 
4058	14 
4059	9 
4060	31 
4061	4 
4062	28 
4063	4 
4064	17 
4065	11 
4066	14 
4067	5 
4068	29 
4069	10 
4070	11 
4071	25 
4072	27 
4073	23 
4074	5 
4075	17 
4076	30 
4077	5 
4078	30 
4079	9 
4080	31 
4081	31 
4082	4 
4083	2 
4084	21 
4085	15 
4086	3 
4087	16 
4088	4 
4089	15 
4090	22 
4091	8 
4092	15 
4093	30 
4094	19 
4095	23 
4096	21 
4097	14 
4098	24 
4099	4 
4100	4 
4101	23 
4102	23 
4103	22 
4104	4 
4105	2 
4106	26 
4107	26 
4108	4 
4109	22 
4110	17 
4111	30 
4112	20 
4113	4 
4114	15 
4115	14 
4116	8 
4117	30 
4118	26 
4119	1 
4120	10 
4121	16 
4122	14 
4123	3 
4124	25 
4125	17 
4126	12 
4127	30 
4128	8 
4129	4 
4130	6 
4131	12 
4132	29 
4133	11 
4134	8 
4135	12 
4136	31 
4137	16 
4138	22 
4139	30 
4140	29 
4141	9 
4142	15 
4143	1 
4144	29 
4145	4 
4146	31 
4147	3 
4148	12 
4149	9 
4150	11 
4151	18 
4152	29 
4153	30 
4154	6 
4155	4 
4156	29 
4157	22 
4158	9 
4159	12 
4160	16 
4161	31 
4162	17 
4163	3 
4164	13 
4165	12 
4166	11 
4167	24 
4168	6 
4169	2 
4170	11 
4171	12 
4172	6 
4173	1 
4174	28 
4175	3 
4176	3 
4177	19 
4178	1 
4179	11 
4180	16 
4181	20 
4182	21 
4183	22 
4184	24 
4185	8 
4186	9 
4187	14 
4188	15 
4189	14 
4190	4 
4191	12 
4192	2 
4193	21 
4194	20 
4195	22 
4196	6 
4197	29 
4198	8 
4199	13 
4200	14 
4201	6 
4202	9 
4203	12 
4204	17 
4205	31 
4206	25 
4207	17 
4208	29 
4209	21 
4210	4 
4211	3 
4212	9 
4213	7 
4214	29 
4215	2 
4216	5 
4217	29 
4218	22 
4219	16 
4220	25 
4221	29 
4222	23 
4223	1 
4224	26 
4225	32 
4226	20 
4227	26 
4228	17 
4229	8 
4230	20 
4231	27 
4232	13 
4233	24 
4234	23 
4235	26 
4236	11 
4237	18 
4238	13 
4239	10 
4240	31 
4241	13 
4242	15 
4243	32 
4244	22 
4245	24 
4246	31 
4247	16 
4248	26 
4249	3 
4250	5 
4251	2 
4252	11 
4253	22 
4254	5 
4255	16 
4256	26 
4257	30 
4258	3 
4259	3 
4260	22 
4261	13 
4262	21 
4263	32 
4264	22 
4265	23 
4266	31 
4267	10 
4268	10 
4269	17 
4270	9 
4271	26 
4272	7 
4273	6 
4274	14 
4275	13 
4276	32 
4277	3 
4278	5 
4279	4 
4280	1 
4281	11 
4282	7 
4283	21 
4284	11 
4285	8 
4286	2 
4287	20 
4288	4 
4289	6 
4290	5 
4291	9 
4292	22 
4293	29 
4294	21 
4295	22 
4296	29 
4297	11 
4298	17 
4299	1 
4300	5 
4301	32 
4302	14 
4303	18 
4304	8 
4305	21 
4306	23 
4307	6 
4308	19 
4309	30 
4310	14 
4311	31 
4312	29 
4313	4 
4314	19 
4315	3 
4316	22 
4317	8 
4318	1 
4319	21 
4320	3 
4321	2 
4322	22 
4323	25 
4324	19 
4325	6 
4326	3 
4327	29 
4328	14 
4329	8 
4330	28 
4331	31 
4332	27 
4333	26 
4334	22 
4335	1 
4336	17 
4337	4 
4338	1 
4339	29 
4340	27 
4341	8 
4342	1 
4343	5 
4344	15 
4345	22 
4346	12 
4347	18 
4348	5 
4349	25 
4350	19 
4351	11 
4352	3 
4353	3 
4354	17 
4355	8 
4356	18 
4357	30 
4358	32 
4359	8 
4360	18 
4361	27 
4362	8 
4363	24 
4364	16 
4365	30 
4366	7 
4367	10 
4368	22 
4369	19 
4370	24 
4371	10 
4372	2 
4373	23 
4374	18 
4375	7 
4376	6 
4377	30 
4378	7 
4379	17 
4380	2 
4381	25 
4382	15 
4383	28 
4384	12 
4385	21 
4386	13 
4387	1 
4388	12 
4389	5 
4390	23 
4391	30 
4392	2 
4393	4 
4394	1 
4395	7 
4396	32 
4397	5 
4398	11 
4399	2 
4400	19 
4401	12 
4402	30 
4403	9 
4404	9 
4405	17 
4406	3 
4407	4 
4408	11 
4409	24 
4410	4 
4411	19 
4412	27 
4413	1 
4414	5 
4415	15 
4416	11 
4417	8 
4418	1 
4419	19 
4420	21 
4421	30 
4422	6 
4423	30 
4424	18 
4425	22 
4426	31 
4427	5 
4428	20 
4429	31 
4430	13 
4431	6 
4432	10 
4433	5 
4434	22 
4435	6 
4436	11 
4437	6 
4438	17 
4439	1 
4440	6 
4441	31 
4442	5 
4443	11 
4444	26 
4445	12 
4446	25 
4447	32 
4448	8 
4449	32 
4450	15 
4451	1 
4452	9 
4453	1 
4454	25 
4455	1 
4456	4 
4457	11 
4458	27 
4459	32 
4460	7 
4461	31 
4462	3 
4463	1 
4464	26 
4465	3 
4466	31 
4467	10 
4468	23 
4469	21 
4470	6 
4471	22 
4472	23 
4473	30 
4474	16 
4475	2 
4476	5 
4477	28 
4478	11 
4479	32 
4480	27 
4481	4 
4482	3 
4483	3 
4484	14 
4485	21 
4486	1 
4487	1 
4488	29 
4489	27 
4490	21 
4491	11 
4492	3 
4493	15 
4494	8 
4495	22 
4496	2 
4497	4 
4498	23 
4499	22 
4500	4 
4501	18 
4502	26 
4503	21 
4504	2 
4505	31 
4506	21 
4507	4 
4508	29 
4509	24 
4510	28 
4511	20 
4512	16 
4513	8 
4514	27 
4515	29 
4516	10 
4517	12 
4518	9 
4519	30 
4520	12 
4521	6 
4522	1 
4523	9 
4524	23 
4525	23 
4526	30 
4527	9 
4528	22 
4529	30 
4530	16 
4531	18 
4532	8 
4533	1 
4534	23 
4535	28 
4536	27 
4537	29 
4538	22 
4539	4 
4540	18 
4541	23 
4542	23 
4543	23 
4544	19 
4545	19 
4546	31 
4547	14 
4548	22 
4549	29 
4550	25 
4551	30 
4552	22 
4553	32 
4554	22 
4555	29 
4556	21 
4557	20 
4558	14 
4559	10 
4560	3 
4561	31 
4562	16 
4563	1 
4564	13 
4565	8 
4566	16 
4567	15 
4568	10 
4569	9 
4570	4 
4571	29 
4572	13 
4573	2 
4574	27 
4575	28 
4576	22 
4577	18 
4578	26 
4579	10 
4580	1 
4581	24 
4582	1 
4583	24 
4584	24 
4585	3 
4586	17 
4587	5 
4588	9 
4589	31 
4590	1 
4591	12 
4592	15 
4593	5 
4594	31 
4595	24 
4596	31 
4597	21 
4598	10 
4599	1 
4600	8 
4601	20 
4602	4 
4603	32 
4604	14 
4605	29 
4606	31 
4607	14 
4608	29 
4609	6 
4610	16 
4611	16 
4612	21 
4613	13 
4614	25 
4615	31 
4616	9 
4617	30 
4618	4 
4619	28 
4620	16 
4621	27 
4622	20 
4623	25 
4624	30 
4625	9 
4626	26 
4627	28 
4628	23 
4629	8 
4630	22 
4631	19 
4632	17 
4633	13 
4634	32 
4635	14 
4636	19 
4637	12 
4638	5 
4639	31 
4640	29 
4641	4 
4642	28 
4643	6 
4644	28 
4645	3 
4646	5 
4647	14 
4648	31 
4649	25 
4650	31 
4651	1 
4652	7 
4653	20 
4654	12 
4655	12 
4656	8 
4657	29 
4658	4 
4659	8 
4660	14 
4661	5 
4662	31 
4663	18 
4664	29 
4665	17 
4666	12 
4667	5 
4668	29 
4669	17 
4670	31 
4671	26 
4672	31 
4673	27 
4674	27 
4675	18 
4676	11 
4677	1 
4678	9 
4679	2 
4680	25 
4681	18 
4682	26 
4683	10 
4684	17 
4685	24 
4686	12 
4687	21 
4688	5 
4689	29 
4690	17 
4691	5 
4692	31 
4693	23 
4694	14 
4695	17 
4696	14 
4697	22 
4698	20 
4699	29 
4700	28 
4701	9 
4702	10 
4703	19 
4704	31 
4705	25 
4706	19 
4707	30 
4708	29 
4709	20 
4710	7 
4711	3 
4712	22 
4713	10 
4714	3 
4715	21 
4716	7 
4717	27 
4718	32 
4719	3 
4720	12 
4721	3 
4722	20 
4723	8 
4724	3 
4725	4 
4726	4 
4727	29 
4728	13 
4729	11 
4730	23 
4731	27 
4732	19 
4733	17 
4734	11 
4735	2 
4736	5 
4737	13 
4738	14 
4739	25 
4740	14 
4741	14 
4742	15 
4743	6 
4744	14 
4745	21 
4746	28 
4747	19 
4748	29 
4749	3 
4750	7 
4751	27 
4752	11 
4753	25 
4754	2 
4755	1 
4756	24 
4757	12 
4758	28 
4759	29 
4760	7 
4761	22 
4762	15 
4763	17 
4764	29 
4765	1 
4766	26 
4767	5 
4768	28 
4769	30 
4770	13 
4771	12 
4772	9 
4773	4 
4774	11 
4775	1 
4776	29 
4777	4 
4778	15 
4779	21 
4780	28 
4781	4 
4782	20 
4783	22 
4784	7 
4785	16 
4786	22 
4787	31 
4788	12 
4789	4 
4790	22 
4791	7 
4792	22 
4793	28 
4794	20 
4795	13 
4796	21 
4797	4 
4798	10 
4799	8 
4800	25 
4801	31 
4802	20 
4803	5 
4804	22 
4805	14 
4806	19 
4807	31 
4808	1 
4809	6 
4810	1 
4811	17 
4812	22 
4813	16 
4814	9 
4815	20 
4816	6 
4817	24 
4818	30 
4819	1 
4820	10 
4821	22 
4822	21 
4823	19 
4824	15 
4825	19 
4826	17 
4827	12 
4828	27 
4829	16 
4830	17 
4831	6 
4832	10 
4833	21 
4834	32 
4835	10 
4836	3 
4837	20 
4838	23 
4839	6 
4840	3 
4841	30 
4842	30 
4843	15 
4844	3 
4845	1 
4846	28 
4847	26 
4848	3 
4849	27 
4850	27 
4851	17 
4852	31 
4853	14 
4854	31 
4855	29 
4856	1 
4857	28 
4858	5 
4859	6 
4860	13 
4861	19 
4862	21 
4863	21 
4864	14 
4865	23 
4866	13 
4867	2 
4868	27 
4869	5 
4870	28 
4871	8 
4872	30 
4873	2 
4874	29 
4875	28 
4876	5 
4877	20 
4878	20 
4879	31 
4880	2 
4881	31 
4882	27 
4883	22 
4884	19 
4885	32 
4886	15 
4887	29 
4888	9 
4889	17 
4890	30 
4891	8 
4892	20 
4893	28 
4894	17 
4895	28 
4896	20 
4897	25 
4898	26 
4899	21 
4900	7 
4901	12 
4902	4 
4903	10 
4904	3 
4905	27 
4906	2 
4907	17 
4908	31 
4909	29 
4910	3 
4911	2 
4912	31 
4913	21 
4914	28 
4915	30 
4916	12 
4917	31 
4918	19 
4919	27 
4920	22 
4921	31 
4922	6 
4923	1 
4924	3 
4925	15 
4926	17 
4927	17 
4928	5 
4929	19 
4930	26 
4931	22 
4932	18 
4933	12 
4934	3 
4935	24 
4936	15 
4937	13 
4938	26 
4939	26 
4940	25 
4941	12 
4942	7 
4943	14 
4944	24 
4945	19 
4946	19 
4947	14 
4948	3 
4949	29 
4950	5 
4951	29 
4952	5 
4953	16 
4954	1 
4955	30 
4956	28 
4957	6 
4958	25 
4959	18 
4960	6 
4961	22 
4962	24 
4963	11 
4964	8 
4965	3 
4966	20 
4967	27 
4968	20 
4969	4 
4970	3 
4971	20 
4972	22 
4973	2 
4974	30 
4975	2 
4976	29 
4977	4 
4978	1 
4979	31 
4980	3 
4981	11 
4982	27 
4983	8 
4984	1 
4985	12 
4986	4 
4987	12 
4988	4 
4989	30 
4990	30 
4991	1 
4992	11 
4993	11 
4994	29 
4995	11 
4996	22 
4997	29 
4998	30 
4999	22 
5000	22 
