1	6 
2	39 
3	40 
4	21 
5	30 
6	9 
7	10 
8	29 
9	26 
10	1 
11	31 
12	40 
13	6 
14	21 
15	5 
16	20 
17	37 
18	23 
19	12 
20	22 
21	21 
22	39 
23	35 
24	28 
25	39 
26	17 
27	28 
28	20 
29	15 
30	10 
31	14 
32	19 
33	3 
34	20 
35	10 
36	4 
37	15 
38	7 
39	10 
40	23 
41	5 
42	22 
43	28 
44	16 
45	27 
46	29 
47	23 
48	19 
49	35 
50	31 
51	37 
52	16 
53	6 
54	18 
55	8 
56	31 
57	30 
58	7 
59	27 
60	23 
61	7 
62	35 
63	7 
64	36 
65	30 
66	32 
67	29 
68	26 
69	11 
70	2 
71	1 
72	7 
73	5 
74	23 
75	5 
76	38 
77	35 
78	6 
79	27 
80	3 
81	37 
82	8 
83	17 
84	7 
85	10 
86	11 
87	22 
88	22 
89	11 
90	18 
91	39 
92	17 
93	7 
94	35 
95	20 
96	6 
97	4 
98	10 
99	38 
100	28 
101	36 
102	30 
103	8 
104	26 
105	40 
106	39 
107	15 
108	12 
109	9 
110	14 
111	25 
112	10 
113	25 
114	12 
115	7 
116	17 
117	20 
118	37 
119	18 
120	18 
121	19 
122	36 
123	34 
124	10 
125	22 
126	30 
127	6 
128	35 
129	35 
130	10 
131	24 
132	33 
133	35 
134	2 
135	22 
136	6 
137	11 
138	4 
139	5 
140	7 
141	4 
142	1 
143	4 
144	29 
145	19 
146	23 
147	3 
148	9 
149	12 
150	11 
151	13 
152	25 
153	8 
154	31 
155	27 
156	39 
157	10 
158	17 
159	1 
160	10 
161	24 
162	6 
163	40 
164	31 
165	7 
166	24 
167	5 
168	14 
169	36 
170	1 
171	31 
172	8 
173	11 
174	9 
175	23 
176	36 
177	29 
178	2 
179	17 
180	34 
181	22 
182	12 
183	21 
184	22 
185	29 
186	11 
187	18 
188	7 
189	11 
190	1 
191	24 
192	24 
193	24 
194	27 
195	19 
196	5 
197	36 
198	9 
199	34 
200	4 
201	4 
202	1 
203	26 
204	4 
205	31 
206	18 
207	34 
208	14 
209	6 
210	33 
211	32 
212	34 
213	17 
214	28 
215	29 
216	4 
217	18 
218	14 
219	10 
220	9 
221	12 
222	14 
223	19 
224	2 
225	5 
226	22 
227	8 
228	2 
229	29 
230	34 
231	28 
232	4 
233	38 
234	17 
235	3 
236	13 
237	22 
238	27 
239	34 
240	4 
241	17 
242	13 
243	27 
244	30 
245	15 
246	13 
247	28 
248	18 
249	6 
250	37 
251	31 
252	10 
253	22 
254	14 
255	16 
256	14 
257	39 
258	39 
259	18 
260	22 
261	1 
262	24 
263	24 
264	34 
265	31 
266	38 
267	27 
268	21 
269	4 
270	1 
271	14 
272	16 
273	7 
274	32 
275	39 
276	28 
277	15 
278	26 
279	34 
280	23 
281	28 
282	16 
283	23 
284	21 
285	29 
286	5 
287	11 
288	25 
289	34 
290	6 
291	31 
292	29 
293	31 
294	1 
295	34 
296	10 
297	9 
298	16 
299	18 
300	13 
301	21 
302	7 
303	30 
304	22 
305	1 
306	8 
307	26 
308	1 
309	34 
310	30 
311	37 
312	12 
313	34 
314	10 
315	26 
316	36 
317	24 
318	23 
319	5 
320	34 
321	2 
322	21 
323	32 
324	3 
325	21 
326	28 
327	11 
328	11 
329	34 
330	15 
331	6 
332	21 
333	21 
334	23 
335	6 
336	39 
337	13 
338	34 
339	26 
340	5 
341	35 
342	28 
343	26 
344	32 
345	1 
346	25 
347	40 
348	28 
349	11 
350	25 
351	33 
352	18 
353	6 
354	38 
355	25 
356	36 
357	21 
358	2 
359	7 
360	36 
361	22 
362	7 
363	24 
364	26 
365	11 
366	6 
367	28 
368	35 
369	33 
370	7 
371	18 
372	36 
373	23 
374	9 
375	14 
376	32 
377	32 
378	33 
379	40 
380	7 
381	31 
382	38 
383	4 
384	2 
385	37 
386	17 
387	27 
388	2 
389	7 
390	22 
391	32 
392	2 
393	22 
394	27 
395	38 
396	34 
397	25 
398	12 
399	30 
400	6 
401	28 
402	15 
403	12 
404	9 
405	7 
406	7 
407	22 
408	23 
409	32 
410	5 
411	31 
412	7 
413	19 
414	10 
415	37 
416	28 
417	23 
418	9 
419	30 
420	8 
421	29 
422	6 
423	11 
424	19 
425	39 
426	31 
427	16 
428	25 
429	2 
430	5 
431	5 
432	19 
433	6 
434	27 
435	17 
436	18 
437	37 
438	20 
439	14 
440	38 
441	21 
442	36 
443	23 
444	38 
445	25 
446	31 
447	23 
448	30 
449	1 
450	38 
451	38 
452	33 
453	39 
454	9 
455	16 
456	2 
457	7 
458	39 
459	11 
460	15 
461	13 
462	38 
463	23 
464	28 
465	26 
466	32 
467	28 
468	21 
469	22 
470	10 
471	35 
472	1 
473	23 
474	14 
475	29 
476	4 
477	9 
478	18 
479	21 
480	35 
481	8 
482	28 
483	8 
484	15 
485	29 
486	15 
487	3 
488	35 
489	28 
490	28 
491	28 
492	37 
493	5 
494	2 
495	1 
496	15 
497	14 
498	25 
499	19 
500	30 
501	31 
502	35 
503	1 
504	14 
505	34 
506	27 
507	40 
508	33 
509	36 
510	30 
511	39 
512	31 
513	36 
514	11 
515	40 
516	24 
517	29 
518	23 
519	5 
520	15 
521	12 
522	36 
523	34 
524	34 
525	32 
526	27 
527	28 
528	37 
529	35 
530	30 
531	18 
532	13 
533	24 
534	7 
535	36 
536	9 
537	36 
538	38 
539	10 
540	33 
541	11 
542	30 
543	37 
544	35 
545	15 
546	27 
547	32 
548	12 
549	16 
550	18 
551	29 
552	22 
553	21 
554	14 
555	35 
556	21 
557	21 
558	16 
559	25 
560	34 
561	2 
562	12 
563	38 
564	9 
565	30 
566	1 
567	18 
568	31 
569	30 
570	6 
571	34 
572	15 
573	32 
574	36 
575	4 
576	4 
577	27 
578	34 
579	28 
580	22 
581	7 
582	19 
583	6 
584	9 
585	16 
586	34 
587	35 
588	29 
589	2 
590	35 
591	4 
592	22 
593	23 
594	15 
595	2 
596	17 
597	13 
598	10 
599	4 
600	38 
601	35 
602	4 
603	2 
604	27 
605	23 
606	4 
607	27 
608	7 
609	30 
610	9 
611	22 
612	39 
613	11 
614	40 
615	20 
616	22 
617	29 
618	8 
619	28 
620	5 
621	27 
622	8 
623	1 
624	36 
625	38 
626	14 
627	8 
628	21 
629	24 
630	39 
631	9 
632	32 
633	20 
634	13 
635	6 
636	28 
637	22 
638	16 
639	1 
640	28 
641	20 
642	34 
643	25 
644	36 
645	24 
646	31 
647	8 
648	22 
649	35 
650	26 
651	23 
652	2 
653	17 
654	23 
655	4 
656	7 
657	33 
658	11 
659	8 
660	2 
661	28 
662	4 
663	3 
664	1 
665	16 
666	4 
667	6 
668	30 
669	7 
670	13 
671	29 
672	20 
673	10 
674	6 
675	15 
676	22 
677	29 
678	22 
679	22 
680	11 
681	10 
682	24 
683	31 
684	1 
685	11 
686	7 
687	10 
688	12 
689	6 
690	24 
691	25 
692	13 
693	34 
694	4 
695	35 
696	30 
697	16 
698	37 
699	5 
700	16 
701	27 
702	8 
703	2 
704	4 
705	32 
706	7 
707	34 
708	4 
709	36 
710	23 
711	28 
712	30 
713	10 
714	5 
715	15 
716	39 
717	14 
718	10 
719	14 
720	7 
721	1 
722	27 
723	7 
724	40 
725	5 
726	17 
727	34 
728	34 
729	23 
730	12 
731	18 
732	34 
733	22 
734	25 
735	22 
736	10 
737	40 
738	9 
739	10 
740	7 
741	29 
742	5 
743	40 
744	7 
745	34 
746	11 
747	35 
748	32 
749	17 
750	8 
751	7 
752	23 
753	22 
754	21 
755	18 
756	21 
757	26 
758	12 
759	38 
760	23 
761	35 
762	8 
763	31 
764	14 
765	15 
766	28 
767	28 
768	28 
769	1 
770	24 
771	19 
772	38 
773	12 
774	12 
775	10 
776	17 
777	29 
778	25 
779	25 
780	27 
781	20 
782	29 
783	40 
784	37 
785	17 
786	31 
787	23 
788	19 
789	22 
790	15 
791	28 
792	7 
793	12 
794	27 
795	15 
796	9 
797	22 
798	4 
799	36 
800	39 
801	15 
802	35 
803	9 
804	6 
805	15 
806	29 
807	22 
808	27 
809	7 
810	32 
811	28 
812	11 
813	14 
814	30 
815	10 
816	21 
817	30 
818	8 
819	29 
820	7 
821	3 
822	27 
823	26 
824	6 
825	10 
826	3 
827	36 
828	19 
829	22 
830	23 
831	13 
832	33 
833	24 
834	23 
835	30 
836	14 
837	16 
838	19 
839	32 
840	35 
841	29 
842	40 
843	17 
844	2 
845	16 
846	16 
847	11 
848	20 
849	21 
850	15 
851	33 
852	23 
853	15 
854	2 
855	4 
856	1 
857	23 
858	38 
859	23 
860	9 
861	12 
862	5 
863	15 
864	37 
865	4 
866	35 
867	35 
868	17 
869	29 
870	8 
871	28 
872	34 
873	27 
874	6 
875	6 
876	2 
877	37 
878	29 
879	10 
880	36 
881	16 
882	34 
883	34 
884	15 
885	16 
886	20 
887	22 
888	9 
889	20 
890	33 
891	32 
892	4 
893	25 
894	5 
895	13 
896	31 
897	38 
898	33 
899	1 
900	31 
901	36 
902	33 
903	15 
904	37 
905	23 
906	33 
907	13 
908	24 
909	21 
910	6 
911	37 
912	40 
913	32 
914	22 
915	2 
916	39 
917	24 
918	19 
919	8 
920	23 
921	21 
922	35 
923	17 
924	13 
925	22 
926	4 
927	32 
928	32 
929	19 
930	22 
931	9 
932	40 
933	38 
934	15 
935	19 
936	21 
937	3 
938	2 
939	18 
940	6 
941	14 
942	22 
943	6 
944	16 
945	24 
946	1 
947	7 
948	6 
949	36 
950	10 
951	6 
952	20 
953	22 
954	21 
955	22 
956	31 
957	10 
958	20 
959	36 
960	3 
961	14 
962	7 
963	21 
964	29 
965	3 
966	39 
967	5 
968	36 
969	40 
970	27 
971	2 
972	3 
973	32 
974	16 
975	31 
976	2 
977	21 
978	15 
979	28 
980	27 
981	12 
982	15 
983	30 
984	2 
985	32 
986	28 
987	26 
988	27 
989	12 
990	13 
991	29 
992	14 
993	5 
994	10 
995	20 
996	30 
997	34 
998	28 
999	14 
1000	14 
1001	23 
1002	34 
1003	5 
1004	20 
1005	27 
1006	18 
1007	15 
1008	17 
1009	28 
1010	1 
1011	11 
1012	12 
1013	38 
1014	34 
1015	29 
1016	23 
1017	33 
1018	36 
1019	3 
1020	35 
1021	29 
1022	29 
1023	18 
1024	1 
1025	22 
1026	34 
1027	17 
1028	19 
1029	20 
1030	24 
1031	23 
1032	29 
1033	35 
1034	23 
1035	29 
1036	7 
1037	26 
1038	22 
1039	27 
1040	6 
1041	8 
1042	15 
1043	2 
1044	27 
1045	22 
1046	40 
1047	39 
1048	5 
1049	1 
1050	26 
1051	34 
1052	37 
1053	15 
1054	17 
1055	39 
1056	38 
1057	5 
1058	14 
1059	27 
1060	37 
1061	14 
1062	36 
1063	33 
1064	29 
1065	22 
1066	23 
1067	9 
1068	29 
1069	15 
1070	38 
1071	36 
1072	15 
1073	15 
1074	32 
1075	31 
1076	31 
1077	6 
1078	19 
1079	24 
1080	3 
1081	14 
1082	8 
1083	21 
1084	28 
1085	40 
1086	7 
1087	25 
1088	30 
1089	37 
1090	4 
1091	2 
1092	23 
1093	10 
1094	24 
1095	36 
1096	26 
1097	16 
1098	20 
1099	23 
1100	36 
1101	5 
1102	23 
1103	18 
1104	23 
1105	39 
1106	33 
1107	39 
1108	32 
1109	11 
1110	38 
1111	4 
1112	31 
1113	2 
1114	3 
1115	22 
1116	2 
1117	11 
1118	34 
1119	18 
1120	34 
1121	13 
1122	2 
1123	5 
1124	2 
1125	21 
1126	22 
1127	3 
1128	20 
1129	6 
1130	32 
1131	22 
1132	7 
1133	6 
1134	39 
1135	15 
1136	31 
1137	19 
1138	9 
1139	23 
1140	28 
1141	40 
1142	8 
1143	4 
1144	35 
1145	20 
1146	11 
1147	30 
1148	18 
1149	40 
1150	34 
1151	30 
1152	11 
1153	38 
1154	21 
1155	3 
1156	7 
1157	28 
1158	7 
1159	11 
1160	13 
1161	28 
1162	4 
1163	14 
1164	14 
1165	38 
1166	10 
1167	19 
1168	2 
1169	25 
1170	4 
1171	27 
1172	16 
1173	8 
1174	1 
1175	39 
1176	7 
1177	14 
1178	13 
1179	28 
1180	7 
1181	11 
1182	23 
1183	24 
1184	8 
1185	33 
1186	7 
1187	30 
1188	6 
1189	11 
1190	7 
1191	38 
1192	14 
1193	4 
1194	27 
1195	29 
1196	11 
1197	31 
1198	16 
1199	28 
1200	4 
1201	21 
1202	2 
1203	28 
1204	5 
1205	25 
1206	27 
1207	6 
1208	5 
1209	35 
1210	24 
1211	16 
1212	15 
1213	35 
1214	25 
1215	24 
1216	22 
1217	36 
1218	15 
1219	36 
1220	24 
1221	17 
1222	16 
1223	3 
1224	37 
1225	38 
1226	6 
1227	5 
1228	22 
1229	11 
1230	33 
1231	8 
1232	21 
1233	37 
1234	10 
1235	3 
1236	38 
1237	10 
1238	18 
1239	27 
1240	7 
1241	29 
1242	8 
1243	17 
1244	34 
1245	14 
1246	16 
1247	16 
1248	28 
1249	40 
1250	8 
1251	36 
1252	30 
1253	9 
1254	29 
1255	4 
1256	35 
1257	2 
1258	38 
1259	1 
1260	25 
1261	34 
1262	9 
1263	18 
1264	3 
1265	34 
1266	17 
1267	34 
1268	10 
1269	29 
1270	19 
1271	10 
1272	37 
1273	25 
1274	14 
1275	29 
1276	22 
1277	31 
1278	36 
1279	32 
1280	25 
1281	29 
1282	34 
1283	14 
1284	18 
1285	7 
1286	31 
1287	37 
1288	17 
1289	1 
1290	5 
1291	11 
1292	38 
1293	23 
1294	33 
1295	27 
1296	40 
1297	37 
1298	5 
1299	21 
1300	11 
1301	7 
1302	23 
1303	31 
1304	2 
1305	20 
1306	2 
1307	20 
1308	27 
1309	23 
1310	30 
1311	6 
1312	9 
1313	30 
1314	18 
1315	19 
1316	29 
1317	20 
1318	39 
1319	12 
1320	13 
1321	7 
1322	6 
1323	3 
1324	16 
1325	31 
1326	18 
1327	10 
1328	30 
1329	4 
1330	10 
1331	1 
1332	35 
1333	10 
1334	38 
1335	24 
1336	33 
1337	14 
1338	5 
1339	3 
1340	22 
1341	40 
1342	39 
1343	38 
1344	10 
1345	28 
1346	19 
1347	34 
1348	11 
1349	22 
1350	10 
1351	22 
1352	34 
1353	29 
1354	11 
1355	8 
1356	34 
1357	28 
1358	37 
1359	7 
1360	27 
1361	25 
1362	12 
1363	8 
1364	38 
1365	5 
1366	32 
1367	7 
1368	29 
1369	10 
1370	26 
1371	38 
1372	8 
1373	12 
1374	10 
1375	14 
1376	24 
1377	28 
1378	40 
1379	20 
1380	26 
1381	7 
1382	1 
1383	9 
1384	30 
1385	5 
1386	20 
1387	5 
1388	36 
1389	11 
1390	35 
1391	25 
1392	20 
1393	7 
1394	23 
1395	34 
1396	11 
1397	15 
1398	35 
1399	6 
1400	26 
1401	23 
1402	4 
1403	2 
1404	7 
1405	6 
1406	30 
1407	5 
1408	1 
1409	13 
1410	21 
1411	13 
1412	11 
1413	34 
1414	18 
1415	12 
1416	19 
1417	2 
1418	29 
1419	5 
1420	12 
1421	21 
1422	30 
1423	5 
1424	11 
1425	2 
1426	29 
1427	34 
1428	20 
1429	15 
1430	15 
1431	25 
1432	20 
1433	18 
1434	19 
1435	14 
1436	27 
1437	4 
1438	31 
1439	5 
1440	30 
1441	39 
1442	23 
1443	9 
1444	33 
1445	38 
1446	23 
1447	38 
1448	9 
1449	39 
1450	15 
1451	13 
1452	11 
1453	32 
1454	1 
1455	6 
1456	15 
1457	3 
1458	34 
1459	3 
1460	20 
1461	23 
1462	34 
1463	7 
1464	18 
1465	7 
1466	3 
1467	29 
1468	11 
1469	25 
1470	3 
1471	6 
1472	34 
1473	16 
1474	14 
1475	8 
1476	6 
1477	15 
1478	11 
1479	39 
1480	33 
1481	2 
1482	15 
1483	30 
1484	17 
1485	14 
1486	26 
1487	26 
1488	35 
1489	29 
1490	9 
1491	8 
1492	20 
1493	7 
1494	32 
1495	27 
1496	19 
1497	39 
1498	5 
1499	25 
1500	36 
1501	10 
1502	30 
1503	37 
1504	20 
1505	28 
1506	3 
1507	23 
1508	5 
1509	33 
1510	28 
1511	16 
1512	33 
1513	10 
1514	14 
1515	36 
1516	10 
1517	12 
1518	26 
1519	6 
1520	34 
1521	35 
1522	39 
1523	4 
1524	28 
1525	4 
1526	22 
1527	22 
1528	7 
1529	21 
1530	14 
1531	10 
1532	2 
1533	4 
1534	32 
1535	7 
1536	14 
1537	2 
1538	33 
1539	11 
1540	2 
1541	20 
1542	29 
1543	3 
1544	32 
1545	32 
1546	19 
1547	34 
1548	23 
1549	26 
1550	38 
1551	29 
1552	21 
1553	33 
1554	32 
1555	5 
1556	32 
1557	34 
1558	28 
1559	39 
1560	7 
1561	10 
1562	37 
1563	28 
1564	15 
1565	6 
1566	27 
1567	7 
1568	30 
1569	29 
1570	20 
1571	26 
1572	7 
1573	3 
1574	7 
1575	9 
1576	25 
1577	5 
1578	14 
1579	18 
1580	24 
1581	34 
1582	20 
1583	40 
1584	28 
1585	18 
1586	35 
1587	12 
1588	6 
1589	5 
1590	40 
1591	7 
1592	1 
1593	26 
1594	37 
1595	22 
1596	30 
1597	4 
1598	19 
1599	5 
1600	40 
1601	7 
1602	2 
1603	32 
1604	35 
1605	25 
1606	29 
1607	29 
1608	35 
1609	1 
1610	29 
1611	3 
1612	4 
1613	17 
1614	22 
1615	37 
1616	12 
1617	21 
1618	7 
1619	21 
1620	28 
1621	27 
1622	14 
1623	40 
1624	10 
1625	23 
1626	29 
1627	10 
1628	10 
1629	22 
1630	17 
1631	36 
1632	23 
1633	21 
1634	28 
1635	28 
1636	7 
1637	2 
1638	13 
1639	6 
1640	32 
1641	23 
1642	28 
1643	8 
1644	27 
1645	14 
1646	35 
1647	35 
1648	11 
1649	5 
1650	23 
1651	37 
1652	7 
1653	20 
1654	25 
1655	19 
1656	21 
1657	5 
1658	18 
1659	32 
1660	10 
1661	34 
1662	11 
1663	7 
1664	15 
1665	37 
1666	19 
1667	37 
1668	35 
1669	5 
1670	4 
1671	37 
1672	16 
1673	37 
1674	20 
1675	16 
1676	23 
1677	6 
1678	14 
1679	2 
1680	36 
1681	25 
1682	18 
1683	7 
1684	29 
1685	13 
1686	15 
1687	18 
1688	18 
1689	29 
1690	2 
1691	5 
1692	19 
1693	22 
1694	19 
1695	15 
1696	20 
1697	9 
1698	29 
1699	39 
1700	36 
1701	22 
1702	7 
1703	8 
1704	15 
1705	37 
1706	22 
1707	10 
1708	31 
1709	11 
1710	27 
1711	38 
1712	34 
1713	36 
1714	19 
1715	27 
1716	1 
1717	24 
1718	4 
1719	6 
1720	8 
1721	36 
1722	14 
1723	5 
1724	12 
1725	33 
1726	12 
1727	19 
1728	14 
1729	2 
1730	18 
1731	27 
1732	16 
1733	31 
1734	15 
1735	22 
1736	17 
1737	9 
1738	2 
1739	27 
1740	1 
1741	27 
1742	35 
1743	39 
1744	37 
1745	36 
1746	6 
1747	27 
1748	35 
1749	29 
1750	8 
1751	15 
1752	39 
1753	12 
1754	29 
1755	15 
1756	14 
1757	10 
1758	20 
1759	7 
1760	15 
1761	40 
1762	14 
1763	17 
1764	38 
1765	19 
1766	28 
1767	3 
1768	6 
1769	5 
1770	31 
1771	29 
1772	7 
1773	6 
1774	33 
1775	11 
1776	3 
1777	18 
1778	36 
1779	14 
1780	18 
1781	26 
1782	35 
1783	3 
1784	9 
1785	11 
1786	11 
1787	16 
1788	35 
1789	22 
1790	1 
1791	33 
1792	36 
1793	30 
1794	2 
1795	25 
1796	1 
1797	25 
1798	5 
1799	29 
1800	14 
1801	38 
1802	27 
1803	6 
1804	2 
1805	3 
1806	1 
1807	33 
1808	36 
1809	21 
1810	3 
1811	36 
1812	6 
1813	18 
1814	17 
1815	26 
1816	10 
1817	27 
1818	18 
1819	8 
1820	27 
1821	21 
1822	23 
1823	22 
1824	16 
1825	27 
1826	12 
1827	31 
1828	17 
1829	38 
1830	4 
1831	24 
1832	23 
1833	9 
1834	22 
1835	26 
1836	11 
1837	30 
1838	33 
1839	14 
1840	24 
1841	35 
1842	29 
1843	4 
1844	27 
1845	39 
1846	13 
1847	12 
1848	19 
1849	35 
1850	32 
1851	8 
1852	38 
1853	27 
1854	25 
1855	13 
1856	23 
1857	7 
1858	34 
1859	33 
1860	8 
1861	32 
1862	36 
1863	6 
1864	36 
1865	33 
1866	22 
1867	28 
1868	39 
1869	12 
1870	40 
1871	11 
1872	3 
1873	18 
1874	9 
1875	27 
1876	3 
1877	17 
1878	40 
1879	24 
1880	4 
1881	8 
1882	2 
1883	17 
1884	6 
1885	32 
1886	14 
1887	2 
1888	18 
1889	26 
1890	11 
1891	34 
1892	6 
1893	28 
1894	30 
1895	31 
1896	22 
1897	29 
1898	32 
1899	23 
1900	17 
1901	3 
1902	10 
1903	2 
1904	13 
1905	19 
1906	32 
1907	22 
1908	10 
1909	14 
1910	29 
1911	3 
1912	28 
1913	28 
1914	11 
1915	8 
1916	2 
1917	40 
1918	23 
1919	29 
1920	36 
1921	31 
1922	38 
1923	14 
1924	17 
1925	17 
1926	28 
1927	27 
1928	32 
1929	10 
1930	38 
1931	2 
1932	28 
1933	34 
1934	5 
1935	36 
1936	21 
1937	9 
1938	10 
1939	28 
1940	23 
1941	23 
1942	29 
1943	11 
1944	36 
1945	3 
1946	28 
1947	23 
1948	6 
1949	38 
1950	9 
1951	3 
1952	31 
1953	14 
1954	28 
1955	24 
1956	31 
1957	21 
1958	6 
1959	28 
1960	30 
1961	9 
1962	7 
1963	9 
1964	33 
1965	37 
1966	25 
1967	17 
1968	22 
1969	3 
1970	28 
1971	15 
1972	24 
1973	12 
1974	26 
1975	37 
1976	4 
1977	39 
1978	21 
1979	10 
1980	7 
1981	10 
1982	24 
1983	36 
1984	10 
1985	11 
1986	7 
1987	25 
1988	13 
1989	39 
1990	27 
1991	33 
1992	27 
1993	2 
1994	21 
1995	17 
1996	6 
1997	6 
1998	35 
1999	2 
2000	6 
2001	2 
2002	16 
2003	28 
2004	4 
2005	9 
2006	39 
2007	29 
2008	22 
2009	30 
2010	7 
2011	13 
2012	4 
2013	17 
2014	10 
2015	25 
2016	27 
2017	26 
2018	10 
2019	17 
2020	38 
2021	11 
2022	15 
2023	14 
2024	37 
2025	16 
2026	14 
2027	10 
2028	13 
2029	23 
2030	30 
2031	4 
2032	14 
2033	34 
2034	29 
2035	6 
2036	27 
2037	28 
2038	35 
2039	11 
2040	6 
2041	39 
2042	23 
2043	7 
2044	40 
2045	6 
2046	36 
2047	27 
2048	25 
2049	7 
2050	28 
2051	22 
2052	1 
2053	10 
2054	10 
2055	33 
2056	17 
2057	12 
2058	25 
2059	5 
2060	21 
2061	29 
2062	11 
2063	39 
2064	11 
2065	13 
2066	11 
2067	7 
2068	25 
2069	23 
2070	16 
2071	10 
2072	16 
2073	4 
2074	20 
2075	15 
2076	26 
2077	2 
2078	34 
2079	26 
2080	37 
2081	35 
2082	28 
2083	16 
2084	27 
2085	5 
2086	15 
2087	39 
2088	15 
2089	20 
2090	23 
2091	23 
2092	8 
2093	8 
2094	36 
2095	4 
2096	14 
2097	2 
2098	1 
2099	8 
2100	11 
2101	7 
2102	12 
2103	1 
2104	29 
2105	5 
2106	11 
2107	21 
2108	35 
2109	14 
2110	28 
2111	38 
2112	24 
2113	4 
2114	27 
2115	34 
2116	25 
2117	33 
2118	29 
2119	31 
2120	5 
2121	7 
2122	17 
2123	1 
2124	12 
2125	21 
2126	24 
2127	10 
2128	37 
2129	33 
2130	21 
2131	8 
2132	25 
2133	24 
2134	30 
2135	29 
2136	6 
2137	29 
2138	6 
2139	6 
2140	35 
2141	21 
2142	23 
2143	23 
2144	27 
2145	35 
2146	40 
2147	33 
2148	15 
2149	25 
2150	38 
2151	28 
2152	38 
2153	24 
2154	26 
2155	5 
2156	29 
2157	29 
2158	27 
2159	20 
2160	6 
2161	21 
2162	37 
2163	5 
2164	19 
2165	2 
2166	23 
2167	32 
2168	1 
2169	3 
2170	26 
2171	14 
2172	24 
2173	4 
2174	29 
2175	23 
2176	35 
2177	31 
2178	22 
2179	25 
2180	31 
2181	5 
2182	10 
2183	8 
2184	6 
2185	4 
2186	8 
2187	12 
2188	8 
2189	5 
2190	39 
2191	39 
2192	23 
2193	38 
2194	6 
2195	1 
2196	28 
2197	11 
2198	14 
2199	2 
2200	26 
2201	33 
2202	11 
2203	29 
2204	25 
2205	29 
2206	22 
2207	4 
2208	14 
2209	7 
2210	8 
2211	9 
2212	12 
2213	5 
2214	26 
2215	29 
2216	27 
2217	15 
2218	32 
2219	26 
2220	22 
2221	23 
2222	27 
2223	34 
2224	35 
2225	1 
2226	13 
2227	30 
2228	30 
2229	24 
2230	5 
2231	17 
2232	27 
2233	3 
2234	11 
2235	16 
2236	40 
2237	34 
2238	40 
2239	6 
2240	11 
2241	3 
2242	39 
2243	39 
2244	9 
2245	8 
2246	22 
2247	10 
2248	7 
2249	30 
2250	28 
2251	5 
2252	8 
2253	5 
2254	7 
2255	21 
2256	20 
2257	6 
2258	39 
2259	34 
2260	5 
2261	2 
2262	1 
2263	21 
2264	14 
2265	22 
2266	2 
2267	4 
2268	4 
2269	29 
2270	38 
2271	36 
2272	17 
2273	20 
2274	3 
2275	2 
2276	6 
2277	39 
2278	15 
2279	23 
2280	38 
2281	34 
2282	7 
2283	1 
2284	1 
2285	3 
2286	27 
2287	23 
2288	40 
2289	17 
2290	30 
2291	39 
2292	2 
2293	1 
2294	10 
2295	36 
2296	7 
2297	14 
2298	26 
2299	21 
2300	33 
2301	6 
2302	1 
2303	14 
2304	31 
2305	31 
2306	29 
2307	39 
2308	28 
2309	11 
2310	39 
2311	7 
2312	28 
2313	40 
2314	25 
2315	14 
2316	20 
2317	24 
2318	7 
2319	5 
2320	36 
2321	1 
2322	19 
2323	1 
2324	32 
2325	22 
2326	37 
2327	13 
2328	1 
2329	2 
2330	28 
2331	7 
2332	21 
2333	14 
2334	1 
2335	38 
2336	11 
2337	30 
2338	31 
2339	38 
2340	2 
2341	12 
2342	28 
2343	28 
2344	21 
2345	16 
2346	1 
2347	9 
2348	6 
2349	35 
2350	4 
2351	39 
2352	11 
2353	11 
2354	35 
2355	38 
2356	24 
2357	2 
2358	14 
2359	2 
2360	10 
2361	19 
2362	10 
2363	33 
2364	5 
2365	25 
2366	4 
2367	35 
2368	20 
2369	25 
2370	21 
2371	15 
2372	15 
2373	16 
2374	25 
2375	34 
2376	20 
2377	14 
2378	33 
2379	33 
2380	15 
2381	32 
2382	27 
2383	14 
2384	34 
2385	25 
2386	34 
2387	18 
2388	31 
2389	2 
2390	5 
2391	36 
2392	17 
2393	15 
2394	10 
2395	21 
2396	34 
2397	13 
2398	23 
2399	28 
2400	34 
2401	27 
2402	29 
2403	37 
2404	12 
2405	40 
2406	1 
2407	3 
2408	13 
2409	29 
2410	5 
2411	25 
2412	6 
2413	35 
2414	14 
2415	9 
2416	21 
2417	17 
2418	22 
2419	16 
2420	5 
2421	12 
2422	35 
2423	25 
2424	27 
2425	24 
2426	15 
2427	7 
2428	32 
2429	16 
2430	6 
2431	27 
2432	8 
2433	29 
2434	38 
2435	1 
2436	22 
2437	30 
2438	34 
2439	28 
2440	15 
2441	34 
2442	6 
2443	37 
2444	3 
2445	3 
2446	11 
2447	22 
2448	40 
2449	20 
2450	37 
2451	31 
2452	11 
2453	4 
2454	6 
2455	4 
2456	40 
2457	9 
2458	39 
2459	20 
2460	17 
2461	36 
2462	4 
2463	21 
2464	19 
2465	1 
2466	6 
2467	13 
2468	19 
2469	17 
2470	29 
2471	1 
2472	17 
2473	6 
2474	23 
2475	28 
2476	20 
2477	40 
2478	33 
2479	15 
2480	35 
2481	14 
2482	40 
2483	8 
2484	22 
2485	21 
2486	14 
2487	8 
2488	27 
2489	8 
2490	29 
2491	22 
2492	40 
2493	24 
2494	9 
2495	24 
2496	8 
2497	11 
2498	34 
2499	13 
2500	4 
2501	40 
2502	18 
2503	24 
2504	30 
2505	14 
2506	29 
2507	38 
2508	5 
2509	40 
2510	22 
2511	37 
2512	8 
2513	26 
2514	11 
2515	14 
2516	23 
2517	35 
2518	19 
2519	6 
2520	13 
2521	37 
2522	33 
2523	15 
2524	14 
2525	1 
2526	34 
2527	38 
2528	33 
2529	33 
2530	3 
2531	6 
2532	16 
2533	19 
2534	4 
2535	6 
2536	14 
2537	14 
2538	23 
2539	1 
2540	15 
2541	2 
2542	9 
2543	5 
2544	5 
2545	10 
2546	26 
2547	11 
2548	36 
2549	31 
2550	40 
2551	25 
2552	28 
2553	23 
2554	21 
2555	22 
2556	32 
2557	7 
2558	10 
2559	21 
2560	32 
2561	9 
2562	11 
2563	23 
2564	35 
2565	21 
2566	16 
2567	35 
2568	34 
2569	9 
2570	11 
2571	10 
2572	24 
2573	36 
2574	35 
2575	20 
2576	24 
2577	18 
2578	14 
2579	36 
2580	5 
2581	9 
2582	27 
2583	22 
2584	7 
2585	14 
2586	28 
2587	25 
2588	33 
2589	32 
2590	23 
2591	36 
2592	1 
2593	34 
2594	4 
2595	10 
2596	40 
2597	22 
2598	19 
2599	11 
2600	4 
2601	14 
2602	21 
2603	14 
2604	2 
2605	36 
2606	11 
2607	32 
2608	14 
2609	2 
2610	5 
2611	16 
2612	22 
2613	12 
2614	23 
2615	17 
2616	16 
2617	5 
2618	33 
2619	33 
2620	30 
2621	33 
2622	27 
2623	3 
2624	5 
2625	33 
2626	25 
2627	21 
2628	12 
2629	9 
2630	40 
2631	5 
2632	36 
2633	7 
2634	16 
2635	20 
2636	22 
2637	38 
2638	7 
2639	34 
2640	25 
2641	26 
2642	19 
2643	10 
2644	31 
2645	8 
2646	2 
2647	29 
2648	26 
2649	24 
2650	8 
2651	8 
2652	37 
2653	21 
2654	27 
2655	27 
2656	40 
2657	34 
2658	6 
2659	3 
2660	19 
2661	16 
2662	30 
2663	17 
2664	38 
2665	14 
2666	3 
2667	5 
2668	22 
2669	28 
2670	12 
2671	37 
2672	11 
2673	11 
2674	31 
2675	34 
2676	17 
2677	21 
2678	19 
2679	6 
2680	9 
2681	4 
2682	39 
2683	2 
2684	14 
2685	23 
2686	37 
2687	30 
2688	15 
2689	40 
2690	10 
2691	6 
2692	28 
2693	22 
2694	1 
2695	35 
2696	23 
2697	1 
2698	21 
2699	5 
2700	2 
2701	5 
2702	7 
2703	34 
2704	1 
2705	37 
2706	11 
2707	7 
2708	19 
2709	35 
2710	15 
2711	10 
2712	31 
2713	2 
2714	11 
2715	32 
2716	18 
2717	27 
2718	18 
2719	5 
2720	9 
2721	25 
2722	35 
2723	12 
2724	6 
2725	29 
2726	34 
2727	30 
2728	16 
2729	32 
2730	18 
2731	39 
2732	13 
2733	23 
2734	10 
2735	28 
2736	10 
2737	8 
2738	37 
2739	12 
2740	9 
2741	35 
2742	26 
2743	31 
2744	30 
2745	6 
2746	2 
2747	27 
2748	21 
2749	19 
2750	23 
2751	21 
2752	25 
2753	10 
2754	10 
2755	5 
2756	36 
2757	23 
2758	25 
2759	21 
2760	5 
2761	20 
2762	30 
2763	8 
2764	11 
2765	20 
2766	24 
2767	34 
2768	13 
2769	13 
2770	13 
2771	7 
2772	17 
2773	8 
2774	10 
2775	13 
2776	26 
2777	38 
2778	33 
2779	7 
2780	28 
2781	34 
2782	10 
2783	16 
2784	35 
2785	32 
2786	29 
2787	9 
2788	12 
2789	5 
2790	1 
2791	22 
2792	27 
2793	34 
2794	27 
2795	19 
2796	16 
2797	23 
2798	23 
2799	7 
2800	12 
2801	21 
2802	25 
2803	25 
2804	16 
2805	35 
2806	15 
2807	34 
2808	13 
2809	7 
2810	6 
2811	35 
2812	15 
2813	11 
2814	7 
2815	8 
2816	28 
2817	23 
2818	2 
2819	39 
2820	6 
2821	9 
2822	32 
2823	34 
2824	13 
2825	12 
2826	13 
2827	24 
2828	15 
2829	28 
2830	3 
2831	5 
2832	21 
2833	27 
2834	9 
2835	5 
2836	3 
2837	10 
2838	8 
2839	14 
2840	23 
2841	25 
2842	13 
2843	36 
2844	23 
2845	6 
2846	30 
2847	6 
2848	36 
2849	38 
2850	28 
2851	20 
2852	22 
2853	31 
2854	33 
2855	12 
2856	24 
2857	36 
2858	25 
2859	26 
2860	35 
2861	10 
2862	1 
2863	25 
2864	2 
2865	6 
2866	15 
2867	34 
2868	35 
2869	10 
2870	35 
2871	27 
2872	9 
2873	39 
2874	14 
2875	23 
2876	38 
2877	38 
2878	33 
2879	36 
2880	11 
2881	4 
2882	4 
2883	28 
2884	38 
2885	11 
2886	40 
2887	24 
2888	7 
2889	10 
2890	35 
2891	16 
2892	34 
2893	40 
2894	25 
2895	26 
2896	29 
2897	23 
2898	12 
2899	12 
2900	8 
2901	5 
2902	5 
2903	4 
2904	24 
2905	37 
2906	7 
2907	31 
2908	3 
2909	17 
2910	2 
2911	13 
2912	8 
2913	34 
2914	5 
2915	29 
2916	28 
2917	19 
2918	36 
2919	2 
2920	27 
2921	17 
2922	34 
2923	11 
2924	30 
2925	14 
2926	12 
2927	16 
2928	34 
2929	32 
2930	19 
2931	8 
2932	39 
2933	32 
2934	23 
2935	28 
2936	5 
2937	31 
2938	16 
2939	21 
2940	24 
2941	16 
2942	32 
2943	26 
2944	37 
2945	22 
2946	17 
2947	1 
2948	20 
2949	24 
2950	27 
2951	17 
2952	6 
2953	19 
2954	3 
2955	1 
2956	1 
2957	15 
2958	20 
2959	31 
2960	21 
2961	14 
2962	11 
2963	29 
2964	30 
2965	34 
2966	22 
2967	35 
2968	40 
2969	32 
2970	15 
2971	35 
2972	22 
2973	33 
2974	14 
2975	30 
2976	11 
2977	32 
2978	1 
2979	21 
2980	36 
2981	12 
2982	11 
2983	34 
2984	35 
2985	3 
2986	4 
2987	25 
2988	10 
2989	8 
2990	18 
2991	33 
2992	11 
2993	40 
2994	18 
2995	19 
2996	2 
2997	12 
2998	5 
2999	16 
3000	5 
3001	28 
3002	38 
3003	15 
3004	8 
3005	37 
3006	29 
3007	3 
3008	26 
3009	23 
3010	14 
3011	32 
3012	21 
3013	39 
3014	40 
3015	17 
3016	30 
3017	6 
3018	31 
3019	7 
3020	39 
3021	10 
3022	37 
3023	8 
3024	7 
3025	14 
3026	39 
3027	10 
3028	30 
3029	38 
3030	22 
3031	29 
3032	27 
3033	25 
3034	22 
3035	19 
3036	25 
3037	4 
3038	27 
3039	34 
3040	8 
3041	24 
3042	1 
3043	15 
3044	9 
3045	1 
3046	5 
3047	29 
3048	29 
3049	31 
3050	19 
3051	29 
3052	22 
3053	6 
3054	16 
3055	9 
3056	34 
3057	14 
3058	38 
3059	17 
3060	25 
3061	34 
3062	34 
3063	40 
3064	7 
3065	2 
3066	14 
3067	35 
3068	36 
3069	1 
3070	25 
3071	17 
3072	26 
3073	5 
3074	37 
3075	35 
3076	23 
3077	27 
3078	27 
3079	37 
3080	21 
3081	15 
3082	21 
3083	23 
3084	7 
3085	2 
3086	30 
3087	23 
3088	28 
3089	8 
3090	24 
3091	32 
3092	13 
3093	1 
3094	30 
3095	14 
3096	39 
3097	39 
3098	21 
3099	28 
3100	1 
3101	19 
3102	2 
3103	2 
3104	1 
3105	10 
3106	27 
3107	20 
3108	28 
3109	20 
3110	27 
3111	28 
3112	23 
3113	9 
3114	21 
3115	15 
3116	11 
3117	32 
3118	31 
3119	28 
3120	7 
3121	30 
3122	39 
3123	13 
3124	19 
3125	31 
3126	11 
3127	9 
3128	9 
3129	34 
3130	37 
3131	3 
3132	28 
3133	32 
3134	26 
3135	8 
3136	11 
3137	25 
3138	29 
3139	14 
3140	14 
3141	5 
3142	36 
3143	1 
3144	27 
3145	1 
3146	39 
3147	29 
3148	16 
3149	33 
3150	5 
3151	36 
3152	38 
3153	17 
3154	26 
3155	19 
3156	27 
3157	20 
3158	38 
3159	23 
3160	39 
3161	15 
3162	28 
3163	18 
3164	3 
3165	3 
3166	38 
3167	35 
3168	10 
3169	12 
3170	35 
3171	22 
3172	19 
3173	28 
3174	24 
3175	25 
3176	16 
3177	30 
3178	35 
3179	12 
3180	17 
3181	20 
3182	20 
3183	38 
3184	17 
3185	31 
3186	32 
3187	31 
3188	35 
3189	8 
3190	23 
3191	3 
3192	6 
3193	7 
3194	8 
3195	22 
3196	9 
3197	31 
3198	11 
3199	34 
3200	29 
3201	28 
3202	26 
3203	38 
3204	1 
3205	11 
3206	11 
3207	28 
3208	36 
3209	35 
3210	14 
3211	8 
3212	21 
3213	17 
3214	36 
3215	14 
3216	35 
3217	12 
3218	33 
3219	29 
3220	14 
3221	32 
3222	32 
3223	37 
3224	16 
3225	19 
3226	40 
3227	37 
3228	10 
3229	29 
3230	32 
3231	36 
3232	13 
3233	30 
3234	13 
3235	23 
3236	35 
3237	26 
3238	10 
3239	7 
3240	2 
3241	33 
3242	28 
3243	38 
3244	15 
3245	1 
3246	26 
3247	16 
3248	34 
3249	1 
3250	34 
3251	40 
3252	36 
3253	26 
3254	7 
3255	11 
3256	5 
3257	36 
3258	38 
3259	15 
3260	10 
3261	29 
3262	15 
3263	17 
3264	31 
3265	1 
3266	37 
3267	32 
3268	26 
3269	6 
3270	27 
3271	14 
3272	6 
3273	18 
3274	26 
3275	2 
3276	24 
3277	20 
3278	1 
3279	4 
3280	19 
3281	25 
3282	32 
3283	1 
3284	28 
3285	1 
3286	34 
3287	23 
3288	6 
3289	14 
3290	35 
3291	19 
3292	37 
3293	29 
3294	7 
3295	32 
3296	30 
3297	6 
3298	10 
3299	11 
3300	7 
3301	18 
3302	7 
3303	36 
3304	5 
3305	23 
3306	30 
3307	4 
3308	40 
3309	39 
3310	40 
3311	17 
3312	27 
3313	16 
3314	33 
3315	11 
3316	40 
3317	8 
3318	16 
3319	6 
3320	22 
3321	16 
3322	26 
3323	6 
3324	30 
3325	1 
3326	1 
3327	37 
3328	24 
3329	13 
3330	35 
3331	4 
3332	24 
3333	5 
3334	2 
3335	12 
3336	36 
3337	14 
3338	30 
3339	11 
3340	19 
3341	31 
3342	39 
3343	24 
3344	38 
3345	36 
3346	21 
3347	8 
3348	3 
3349	27 
3350	18 
3351	15 
3352	7 
3353	12 
3354	21 
3355	35 
3356	25 
3357	12 
3358	21 
3359	4 
3360	11 
3361	17 
3362	20 
3363	18 
3364	21 
3365	40 
3366	10 
3367	19 
3368	23 
3369	39 
3370	6 
3371	38 
3372	7 
3373	40 
3374	5 
3375	5 
3376	32 
3377	1 
3378	31 
3379	6 
3380	2 
3381	10 
3382	22 
3383	35 
3384	31 
3385	11 
3386	6 
3387	33 
3388	40 
3389	7 
3390	34 
3391	4 
3392	1 
3393	19 
3394	5 
3395	40 
3396	7 
3397	26 
3398	21 
3399	29 
3400	37 
3401	13 
3402	15 
3403	22 
3404	22 
3405	20 
3406	11 
3407	12 
3408	7 
3409	12 
3410	28 
3411	7 
3412	39 
3413	38 
3414	23 
3415	5 
3416	21 
3417	15 
3418	6 
3419	5 
3420	27 
3421	26 
3422	3 
3423	32 
3424	20 
3425	11 
3426	10 
3427	15 
3428	31 
3429	14 
3430	1 
3431	6 
3432	22 
3433	34 
3434	24 
3435	4 
3436	26 
3437	27 
3438	17 
3439	1 
3440	39 
3441	2 
3442	3 
3443	21 
3444	3 
3445	1 
3446	7 
3447	23 
3448	7 
3449	7 
3450	9 
3451	24 
3452	8 
3453	19 
3454	22 
3455	18 
3456	8 
3457	4 
3458	22 
3459	20 
3460	40 
3461	23 
3462	13 
3463	25 
3464	10 
3465	30 
3466	35 
3467	1 
3468	1 
3469	5 
3470	23 
3471	23 
3472	10 
3473	26 
3474	27 
3475	4 
3476	38 
3477	23 
3478	28 
3479	15 
3480	27 
3481	40 
3482	19 
3483	34 
3484	37 
3485	6 
3486	23 
3487	4 
3488	32 
3489	28 
3490	29 
3491	21 
3492	13 
3493	30 
3494	31 
3495	18 
3496	6 
3497	26 
3498	29 
3499	8 
3500	40 
3501	32 
3502	15 
3503	10 
3504	2 
3505	40 
3506	28 
3507	36 
3508	3 
3509	31 
3510	20 
3511	16 
3512	6 
3513	22 
3514	40 
3515	31 
3516	8 
3517	15 
3518	24 
3519	32 
3520	38 
3521	8 
3522	16 
3523	35 
3524	13 
3525	9 
3526	26 
3527	25 
3528	35 
3529	19 
3530	1 
3531	35 
3532	20 
3533	25 
3534	28 
3535	21 
3536	34 
3537	2 
3538	35 
3539	15 
3540	33 
3541	10 
3542	22 
3543	8 
3544	26 
3545	11 
3546	19 
3547	31 
3548	7 
3549	36 
3550	35 
3551	37 
3552	28 
3553	11 
3554	39 
3555	21 
3556	14 
3557	26 
3558	14 
3559	13 
3560	33 
3561	23 
3562	9 
3563	34 
3564	5 
3565	7 
3566	10 
3567	9 
3568	3 
3569	36 
3570	34 
3571	22 
3572	23 
3573	24 
3574	28 
3575	16 
3576	34 
3577	12 
3578	10 
3579	1 
3580	10 
3581	18 
3582	25 
3583	26 
3584	22 
3585	1 
3586	29 
3587	21 
3588	27 
3589	8 
3590	37 
3591	33 
3592	7 
3593	29 
3594	28 
3595	1 
3596	14 
3597	28 
3598	5 
3599	26 
3600	34 
3601	5 
3602	28 
3603	23 
3604	19 
3605	11 
3606	4 
3607	31 
3608	38 
3609	37 
3610	8 
3611	10 
3612	11 
3613	13 
3614	6 
3615	18 
3616	33 
3617	19 
3618	11 
3619	21 
3620	14 
3621	13 
3622	26 
3623	7 
3624	2 
3625	38 
3626	22 
3627	29 
3628	1 
3629	25 
3630	9 
3631	33 
3632	30 
3633	13 
3634	1 
3635	16 
3636	27 
3637	25 
3638	14 
3639	14 
3640	8 
3641	13 
3642	29 
3643	26 
3644	5 
3645	17 
3646	1 
3647	11 
3648	21 
3649	29 
3650	4 
3651	6 
3652	23 
3653	20 
3654	22 
3655	32 
3656	32 
3657	28 
3658	15 
3659	15 
3660	26 
3661	23 
3662	24 
3663	4 
3664	29 
3665	6 
3666	31 
3667	40 
3668	2 
3669	25 
3670	32 
3671	10 
3672	39 
3673	29 
3674	27 
3675	11 
3676	5 
3677	26 
3678	5 
3679	28 
3680	3 
3681	5 
3682	2 
3683	35 
3684	37 
3685	9 
3686	22 
3687	7 
3688	34 
3689	22 
3690	8 
3691	23 
3692	33 
3693	12 
3694	8 
3695	22 
3696	3 
3697	33 
3698	32 
3699	20 
3700	5 
3701	32 
3702	6 
3703	40 
3704	36 
3705	23 
3706	7 
3707	37 
3708	19 
3709	28 
3710	31 
3711	33 
3712	31 
3713	7 
3714	24 
3715	7 
3716	17 
3717	28 
3718	5 
3719	20 
3720	38 
3721	29 
3722	14 
3723	34 
3724	1 
3725	10 
3726	39 
3727	10 
3728	1 
3729	35 
3730	5 
3731	14 
3732	38 
3733	35 
3734	12 
3735	30 
3736	15 
3737	32 
3738	21 
3739	19 
3740	6 
3741	15 
3742	7 
3743	8 
3744	7 
3745	28 
3746	12 
3747	22 
3748	34 
3749	15 
3750	37 
3751	1 
3752	38 
3753	16 
3754	26 
3755	3 
3756	7 
3757	16 
3758	25 
3759	27 
3760	15 
3761	29 
3762	21 
3763	14 
3764	34 
3765	1 
3766	7 
3767	1 
3768	7 
3769	19 
3770	36 
3771	31 
3772	23 
3773	17 
3774	23 
3775	29 
3776	19 
3777	32 
3778	40 
3779	6 
3780	13 
3781	29 
3782	34 
3783	14 
3784	12 
3785	34 
3786	13 
3787	23 
3788	1 
3789	12 
3790	1 
3791	27 
3792	22 
3793	2 
3794	8 
3795	9 
3796	15 
3797	4 
3798	24 
3799	40 
3800	8 
3801	21 
3802	27 
3803	39 
3804	33 
3805	34 
3806	31 
3807	38 
3808	34 
3809	30 
3810	3 
3811	21 
3812	37 
3813	26 
3814	10 
3815	37 
3816	6 
3817	19 
3818	8 
3819	35 
3820	5 
3821	6 
3822	9 
3823	17 
3824	13 
3825	24 
3826	26 
3827	15 
3828	30 
3829	21 
3830	37 
3831	7 
3832	7 
3833	29 
3834	40 
3835	5 
3836	24 
3837	26 
3838	7 
3839	33 
3840	11 
3841	35 
3842	31 
3843	1 
3844	23 
3845	4 
3846	2 
3847	6 
3848	39 
3849	33 
3850	27 
3851	23 
3852	7 
3853	18 
3854	14 
3855	30 
3856	32 
3857	21 
3858	28 
3859	13 
3860	2 
3861	5 
3862	34 
3863	6 
3864	1 
3865	14 
3866	11 
3867	33 
3868	33 
3869	23 
3870	16 
3871	33 
3872	7 
3873	19 
3874	14 
3875	36 
3876	34 
3877	40 
3878	21 
3879	7 
3880	5 
3881	38 
3882	10 
3883	27 
3884	10 
3885	24 
3886	34 
3887	4 
3888	33 
3889	29 
3890	33 
3891	8 
3892	9 
3893	35 
3894	23 
3895	29 
3896	17 
3897	2 
3898	21 
3899	18 
3900	31 
3901	2 
3902	15 
3903	1 
3904	15 
3905	22 
3906	34 
3907	27 
3908	17 
3909	11 
3910	10 
3911	30 
3912	6 
3913	1 
3914	14 
3915	2 
3916	37 
3917	24 
3918	22 
3919	34 
3920	18 
3921	23 
3922	23 
3923	2 
3924	11 
3925	29 
3926	32 
3927	20 
3928	25 
3929	28 
3930	29 
3931	22 
3932	24 
3933	7 
3934	20 
3935	15 
3936	27 
3937	4 
3938	6 
3939	15 
3940	14 
3941	32 
3942	36 
3943	24 
3944	31 
3945	7 
3946	38 
3947	8 
3948	11 
3949	7 
3950	11 
3951	34 
3952	13 
3953	15 
3954	30 
3955	19 
3956	1 
3957	38 
3958	21 
3959	8 
3960	25 
3961	29 
3962	2 
3963	39 
3964	28 
3965	1 
3966	22 
3967	4 
3968	17 
3969	23 
3970	4 
3971	36 
3972	8 
3973	35 
3974	34 
3975	7 
3976	31 
3977	37 
3978	39 
3979	14 
3980	8 
3981	19 
3982	29 
3983	14 
3984	7 
3985	4 
3986	33 
3987	7 
3988	32 
3989	28 
3990	17 
3991	22 
3992	37 
3993	10 
3994	22 
3995	8 
3996	1 
3997	8 
3998	7 
3999	33 
4000	19 
4001	9 
4002	3 
4003	6 
4004	18 
4005	31 
4006	18 
4007	25 
4008	14 
4009	37 
4010	15 
4011	14 
4012	27 
4013	10 
4014	7 
4015	9 
4016	30 
4017	28 
4018	18 
4019	22 
4020	1 
4021	3 
4022	8 
4023	14 
4024	15 
4025	30 
4026	31 
4027	15 
4028	28 
4029	4 
4030	27 
4031	28 
4032	16 
4033	29 
4034	1 
4035	20 
4036	23 
4037	31 
4038	13 
4039	39 
4040	16 
4041	19 
4042	12 
4043	5 
4044	22 
4045	31 
4046	8 
4047	31 
4048	19 
4049	18 
4050	8 
4051	16 
4052	14 
4053	27 
4054	21 
4055	38 
4056	19 
4057	19 
4058	5 
4059	14 
4060	28 
4061	14 
4062	22 
4063	12 
4064	38 
4065	27 
4066	25 
4067	23 
4068	12 
4069	11 
4070	21 
4071	14 
4072	26 
4073	37 
4074	24 
4075	8 
4076	1 
4077	2 
4078	1 
4079	17 
4080	34 
4081	6 
4082	12 
4083	4 
4084	38 
4085	20 
4086	10 
4087	32 
4088	40 
4089	18 
4090	13 
4091	35 
4092	11 
4093	37 
4094	17 
4095	39 
4096	16 
4097	11 
4098	25 
4099	39 
4100	12 
4101	6 
4102	22 
4103	1 
4104	18 
4105	14 
4106	37 
4107	13 
4108	30 
4109	7 
4110	18 
4111	38 
4112	6 
4113	26 
4114	2 
4115	17 
4116	24 
4117	25 
4118	38 
4119	5 
4120	5 
4121	40 
4122	29 
4123	24 
4124	33 
4125	35 
4126	3 
4127	18 
4128	27 
4129	3 
4130	25 
4131	26 
4132	3 
4133	13 
4134	7 
4135	19 
4136	40 
4137	21 
4138	25 
4139	11 
4140	20 
4141	14 
4142	38 
4143	9 
4144	34 
4145	14 
4146	27 
4147	10 
4148	4 
4149	27 
4150	13 
4151	39 
4152	22 
4153	17 
4154	40 
4155	11 
4156	16 
4157	6 
4158	25 
4159	29 
4160	19 
4161	3 
4162	13 
4163	32 
4164	8 
4165	19 
4166	13 
4167	25 
4168	10 
4169	14 
4170	27 
4171	26 
4172	28 
4173	9 
4174	19 
4175	22 
4176	32 
4177	1 
4178	22 
4179	27 
4180	5 
4181	15 
4182	39 
4183	16 
4184	4 
4185	10 
4186	9 
4187	14 
4188	27 
4189	20 
4190	34 
4191	33 
4192	11 
4193	39 
4194	5 
4195	31 
4196	13 
4197	6 
4198	29 
4199	14 
4200	1 
4201	15 
4202	9 
4203	34 
4204	39 
4205	19 
4206	27 
4207	22 
4208	25 
4209	4 
4210	7 
4211	21 
4212	11 
4213	6 
4214	35 
4215	13 
4216	7 
4217	36 
4218	18 
4219	18 
4220	28 
4221	4 
4222	24 
4223	1 
4224	18 
4225	19 
4226	27 
4227	17 
4228	14 
4229	1 
4230	5 
4231	14 
4232	38 
4233	18 
4234	18 
4235	10 
4236	12 
4237	2 
4238	27 
4239	27 
4240	25 
4241	36 
4242	11 
4243	5 
4244	9 
4245	29 
4246	7 
4247	34 
4248	21 
4249	18 
4250	12 
4251	15 
4252	34 
4253	28 
4254	40 
4255	5 
4256	10 
4257	4 
4258	6 
4259	31 
4260	9 
4261	22 
4262	24 
4263	1 
4264	17 
4265	7 
4266	28 
4267	37 
4268	5 
4269	5 
4270	2 
4271	40 
4272	11 
4273	3 
4274	38 
4275	38 
4276	14 
4277	5 
4278	21 
4279	12 
4280	14 
4281	8 
4282	30 
4283	23 
4284	1 
4285	39 
4286	19 
4287	37 
4288	9 
4289	6 
4290	24 
4291	29 
4292	31 
4293	25 
4294	27 
4295	6 
4296	6 
4297	6 
4298	2 
4299	9 
4300	22 
4301	8 
4302	14 
4303	37 
4304	15 
4305	21 
4306	5 
4307	37 
4308	2 
4309	5 
4310	23 
4311	21 
4312	15 
4313	20 
4314	39 
4315	5 
4316	4 
4317	12 
4318	19 
4319	25 
4320	27 
4321	40 
4322	25 
4323	20 
4324	18 
4325	21 
4326	37 
4327	5 
4328	38 
4329	14 
4330	40 
4331	21 
4332	30 
4333	18 
4334	28 
4335	14 
4336	25 
4337	30 
4338	20 
4339	20 
4340	22 
4341	21 
4342	19 
4343	11 
4344	17 
4345	32 
4346	30 
4347	24 
4348	12 
4349	1 
4350	34 
4351	26 
4352	35 
4353	10 
4354	36 
4355	19 
4356	36 
4357	37 
4358	25 
4359	35 
4360	34 
4361	4 
4362	28 
4363	6 
4364	8 
4365	27 
4366	2 
4367	35 
4368	4 
4369	1 
4370	6 
4371	11 
4372	34 
4373	27 
4374	24 
4375	28 
4376	28 
4377	7 
4378	27 
4379	26 
4380	25 
4381	24 
4382	9 
4383	3 
4384	8 
4385	1 
4386	11 
4387	16 
4388	19 
4389	34 
4390	4 
4391	10 
4392	24 
4393	5 
4394	5 
4395	32 
4396	11 
4397	19 
4398	35 
4399	7 
4400	15 
4401	8 
4402	35 
4403	27 
4404	28 
4405	12 
4406	23 
4407	22 
4408	7 
4409	25 
4410	2 
4411	11 
4412	12 
4413	38 
4414	31 
4415	34 
4416	2 
4417	10 
4418	17 
4419	9 
4420	40 
4421	26 
4422	5 
4423	28 
4424	5 
4425	14 
4426	25 
4427	13 
4428	12 
4429	25 
4430	25 
4431	30 
4432	14 
4433	23 
4434	34 
4435	33 
4436	40 
4437	35 
4438	34 
4439	23 
4440	22 
4441	36 
4442	35 
4443	10 
4444	10 
4445	28 
4446	33 
4447	33 
4448	18 
4449	10 
4450	18 
4451	22 
4452	22 
4453	17 
4454	11 
4455	33 
4456	1 
4457	1 
4458	15 
4459	27 
4460	6 
4461	23 
4462	40 
4463	37 
4464	32 
4465	25 
4466	9 
4467	34 
4468	26 
4469	14 
4470	16 
4471	28 
4472	27 
4473	11 
4474	19 
4475	25 
4476	39 
4477	12 
4478	23 
4479	15 
4480	7 
4481	33 
4482	15 
4483	14 
4484	33 
4485	5 
4486	13 
4487	32 
4488	22 
4489	3 
4490	34 
4491	31 
4492	23 
4493	15 
4494	5 
4495	35 
4496	40 
4497	33 
4498	8 
4499	33 
4500	27 
4501	23 
4502	15 
4503	4 
4504	18 
4505	28 
4506	40 
4507	2 
4508	21 
4509	4 
4510	2 
4511	28 
4512	24 
4513	35 
4514	4 
4515	32 
4516	19 
4517	19 
4518	11 
4519	14 
4520	28 
4521	25 
4522	34 
4523	11 
4524	23 
4525	23 
4526	15 
4527	31 
4528	2 
4529	23 
4530	17 
4531	15 
4532	1 
4533	16 
4534	22 
4535	10 
4536	1 
4537	21 
4538	2 
4539	35 
4540	21 
4541	5 
4542	11 
4543	2 
4544	19 
4545	8 
4546	11 
4547	32 
4548	32 
4549	38 
4550	16 
4551	13 
4552	19 
4553	18 
4554	15 
4555	14 
4556	11 
4557	31 
4558	5 
4559	34 
4560	39 
4561	11 
4562	33 
4563	19 
4564	28 
4565	29 
4566	28 
4567	3 
4568	1 
4569	36 
4570	1 
4571	5 
4572	7 
4573	5 
4574	34 
4575	35 
4576	21 
4577	17 
4578	16 
4579	23 
4580	27 
4581	14 
4582	40 
4583	18 
4584	32 
4585	18 
4586	34 
4587	38 
4588	23 
4589	2 
4590	31 
4591	7 
4592	10 
4593	13 
4594	5 
4595	38 
4596	14 
4597	10 
4598	26 
4599	23 
4600	3 
4601	31 
4602	1 
4603	20 
4604	5 
4605	4 
4606	30 
4607	14 
4608	37 
4609	13 
4610	15 
4611	21 
4612	22 
4613	32 
4614	1 
4615	25 
4616	30 
4617	27 
4618	20 
4619	7 
4620	38 
4621	23 
4622	33 
4623	16 
4624	16 
4625	32 
4626	15 
4627	26 
4628	16 
4629	15 
4630	10 
4631	20 
4632	31 
4633	33 
4634	18 
4635	8 
4636	35 
4637	11 
4638	31 
4639	34 
4640	22 
4641	23 
4642	32 
4643	11 
4644	17 
4645	10 
4646	16 
4647	3 
4648	25 
4649	32 
4650	23 
4651	25 
4652	11 
4653	25 
4654	13 
4655	13 
4656	22 
4657	27 
4658	2 
4659	10 
4660	7 
4661	38 
4662	13 
4663	3 
4664	34 
4665	36 
4666	11 
4667	1 
4668	38 
4669	21 
4670	24 
4671	24 
4672	6 
4673	26 
4674	16 
4675	28 
4676	31 
4677	1 
4678	27 
4679	40 
4680	26 
4681	20 
4682	2 
4683	19 
4684	36 
4685	10 
4686	36 
4687	36 
4688	6 
4689	10 
4690	37 
4691	1 
4692	1 
4693	14 
4694	8 
4695	28 
4696	14 
4697	27 
4698	22 
4699	21 
4700	25 
4701	7 
4702	12 
4703	14 
4704	10 
4705	4 
4706	40 
4707	10 
4708	31 
4709	8 
4710	27 
4711	11 
4712	23 
4713	26 
4714	22 
4715	29 
4716	29 
4717	28 
4718	5 
4719	28 
4720	5 
4721	29 
4722	27 
4723	34 
4724	10 
4725	10 
4726	7 
4727	10 
4728	6 
4729	28 
4730	24 
4731	33 
4732	3 
4733	25 
4734	20 
4735	18 
4736	7 
4737	34 
4738	28 
4739	10 
4740	32 
4741	40 
4742	10 
4743	23 
4744	25 
4745	12 
4746	29 
4747	16 
4748	14 
4749	6 
4750	16 
4751	36 
4752	32 
4753	13 
4754	36 
4755	31 
4756	34 
4757	39 
4758	24 
4759	34 
4760	26 
4761	5 
4762	14 
4763	19 
4764	33 
4765	34 
4766	29 
4767	12 
4768	39 
4769	39 
4770	15 
4771	23 
4772	13 
4773	31 
4774	20 
4775	14 
4776	21 
4777	20 
4778	9 
4779	34 
4780	11 
4781	10 
4782	27 
4783	30 
4784	27 
4785	12 
4786	27 
4787	20 
4788	39 
4789	30 
4790	28 
4791	11 
4792	2 
4793	1 
4794	4 
4795	11 
4796	11 
4797	34 
4798	10 
4799	8 
4800	26 
4801	32 
4802	16 
4803	13 
4804	8 
4805	23 
4806	10 
4807	26 
4808	19 
4809	21 
4810	8 
4811	31 
4812	30 
4813	7 
4814	13 
4815	36 
4816	2 
4817	22 
4818	8 
4819	27 
4820	20 
4821	33 
4822	21 
4823	26 
4824	33 
4825	5 
4826	19 
4827	33 
4828	31 
4829	36 
4830	7 
4831	12 
4832	10 
4833	28 
4834	27 
4835	11 
4836	15 
4837	10 
4838	8 
4839	22 
4840	35 
4841	19 
4842	14 
4843	16 
4844	11 
4845	35 
4846	12 
4847	10 
4848	11 
4849	32 
4850	34 
4851	9 
4852	20 
4853	14 
4854	40 
4855	37 
4856	2 
4857	37 
4858	15 
4859	22 
4860	2 
4861	9 
4862	39 
4863	28 
4864	14 
4865	5 
4866	38 
4867	9 
4868	17 
4869	11 
4870	24 
4871	25 
4872	28 
4873	14 
4874	37 
4875	6 
4876	11 
4877	15 
4878	29 
4879	25 
4880	29 
4881	32 
4882	14 
4883	35 
4884	33 
4885	27 
4886	6 
4887	1 
4888	5 
4889	6 
4890	34 
4891	5 
4892	26 
4893	39 
4894	1 
4895	15 
4896	22 
4897	31 
4898	10 
4899	15 
4900	29 
4901	38 
4902	32 
4903	26 
4904	15 
4905	4 
4906	23 
4907	37 
4908	5 
4909	10 
4910	33 
4911	34 
4912	15 
4913	34 
4914	28 
4915	2 
4916	22 
4917	36 
4918	8 
4919	10 
4920	36 
4921	6 
4922	31 
4923	38 
4924	27 
4925	14 
4926	8 
4927	23 
4928	34 
4929	6 
4930	7 
4931	4 
4932	2 
4933	23 
4934	34 
4935	10 
4936	34 
4937	6 
4938	8 
4939	2 
4940	6 
4941	28 
4942	1 
4943	28 
4944	14 
4945	1 
4946	22 
4947	2 
4948	23 
4949	35 
4950	2 
4951	15 
4952	11 
4953	11 
4954	22 
4955	34 
4956	10 
4957	22 
4958	23 
4959	34 
4960	28 
4961	27 
4962	5 
4963	34 
4964	14 
4965	10 
4966	5 
4967	23 
4968	11 
4969	28 
4970	34 
4971	22 
4972	14 
4973	28 
4974	11 
4975	10 
4976	5 
4977	14 
4978	7 
4979	5 
4980	34 
4981	11 
4982	10 
4983	10 
4984	5 
4985	7 
4986	7 
4987	5 
4988	5 
4989	10 
4990	10 
4991	14 
4992	14 
4993	14 
4994	14 
4995	34 
4996	34 
4997	34 
4998	14 
4999	34 
5000	7 
