1	2 
2	22 
3	1 
4	30 
5	4 
6	14 
7	9 
8	11 
9	29 
10	14 
11	3 
12	5 
13	14 
14	27 
15	13 
16	2 
17	22 
18	17 
19	10 
20	16 
21	5 
22	21 
23	26 
24	28 
25	7 
26	27 
27	18 
28	29 
29	21 
30	17 
31	23 
32	4 
33	18 
34	13 
35	11 
36	23 
37	5 
38	17 
39	1 
40	19 
41	15 
42	30 
43	29 
44	20 
45	1 
46	3 
47	28 
48	30 
49	9 
50	23 
51	27 
52	4 
53	23 
54	29 
55	5 
56	7 
57	22 
58	13 
59	23 
60	3 
61	15 
62	3 
63	5 
64	22 
65	7 
66	5 
67	10 
68	24 
69	5 
70	8 
71	30 
72	11 
73	25 
74	2 
75	29 
76	25 
77	18 
78	9 
79	27 
80	2 
81	2 
82	30 
83	7 
84	25 
85	4 
86	19 
87	4 
88	22 
89	26 
90	11 
91	18 
92	1 
93	2 
94	2 
95	1 
96	22 
97	22 
98	10 
99	6 
100	19 
101	20 
102	21 
103	12 
104	17 
105	27 
106	17 
107	2 
108	21 
109	18 
110	12 
111	5 
112	18 
113	16 
114	28 
115	29 
116	14 
117	10 
118	3 
119	13 
120	15 
121	17 
122	7 
123	23 
124	27 
125	30 
126	1 
127	5 
128	17 
129	28 
130	3 
131	15 
132	28 
133	5 
134	9 
135	27 
136	25 
137	28 
138	11 
139	24 
140	14 
141	29 
142	14 
143	5 
144	7 
145	18 
146	6 
147	1 
148	18 
149	26 
150	22 
151	10 
152	5 
153	18 
154	20 
155	23 
156	14 
157	21 
158	24 
159	5 
160	17 
161	17 
162	15 
163	19 
164	21 
165	15 
166	1 
167	9 
168	3 
169	30 
170	29 
171	3 
172	20 
173	4 
174	13 
175	16 
176	28 
177	30 
178	26 
179	2 
180	9 
181	25 
182	24 
183	26 
184	13 
185	28 
186	8 
187	7 
188	27 
189	28 
190	23 
191	6 
192	15 
193	7 
194	25 
195	20 
196	25 
197	18 
198	22 
199	5 
200	18 
201	1 
202	24 
203	26 
204	30 
205	12 
206	12 
207	4 
208	22 
209	23 
210	2 
211	17 
212	24 
213	1 
214	9 
215	24 
216	29 
217	11 
218	19 
219	3 
220	3 
221	14 
222	22 
223	5 
224	6 
225	18 
226	29 
227	13 
228	3 
229	9 
230	21 
231	15 
232	19 
233	6 
234	17 
235	2 
236	1 
237	2 
238	26 
239	20 
240	23 
241	24 
242	19 
243	25 
244	5 
245	2 
246	14 
247	26 
248	30 
249	2 
250	28 
251	18 
252	19 
253	10 
254	11 
255	27 
256	5 
257	27 
258	7 
259	6 
260	27 
261	30 
262	5 
263	25 
264	23 
265	8 
266	17 
267	23 
268	2 
269	9 
270	3 
271	5 
272	25 
273	16 
274	27 
275	20 
276	1 
277	1 
278	2 
279	1 
280	26 
281	20 
282	26 
283	27 
284	29 
285	2 
286	29 
287	7 
288	13 
289	7 
290	7 
291	28 
292	30 
293	4 
294	4 
295	24 
296	14 
297	12 
298	13 
299	29 
300	4 
301	8 
302	8 
303	3 
304	15 
305	8 
306	3 
307	14 
308	14 
309	21 
310	26 
311	7 
312	25 
313	21 
314	1 
315	29 
316	18 
317	28 
318	21 
319	25 
320	18 
321	3 
322	20 
323	15 
324	22 
325	28 
326	25 
327	30 
328	15 
329	10 
330	20 
331	11 
332	10 
333	13 
334	21 
335	25 
336	15 
337	14 
338	20 
339	11 
340	12 
341	29 
342	14 
343	10 
344	24 
345	14 
346	14 
347	24 
348	21 
349	24 
350	17 
351	13 
352	3 
353	6 
354	14 
355	14 
356	14 
357	1 
358	28 
359	19 
360	1 
361	16 
362	26 
363	27 
364	30 
365	21 
366	20 
367	15 
368	2 
369	29 
370	20 
371	26 
372	5 
373	29 
374	28 
375	20 
376	9 
377	30 
378	9 
379	20 
380	8 
381	25 
382	5 
383	11 
384	12 
385	9 
386	9 
387	20 
388	28 
389	24 
390	5 
391	8 
392	3 
393	26 
394	29 
395	23 
396	27 
397	8 
398	4 
399	21 
400	15 
401	5 
402	8 
403	22 
404	16 
405	2 
406	26 
407	20 
408	14 
409	14 
410	7 
411	20 
412	3 
413	14 
414	10 
415	13 
416	21 
417	1 
418	30 
419	10 
420	13 
421	23 
422	29 
423	5 
424	10 
425	29 
426	3 
427	10 
428	4 
429	29 
430	8 
431	25 
432	26 
433	27 
434	30 
435	23 
436	16 
437	10 
438	8 
439	6 
440	25 
441	29 
442	12 
443	23 
444	26 
445	6 
446	18 
447	24 
448	27 
449	23 
450	21 
451	30 
452	22 
453	13 
454	21 
455	29 
456	3 
457	15 
458	29 
459	27 
460	18 
461	17 
462	26 
463	9 
464	3 
465	17 
466	28 
467	9 
468	4 
469	17 
470	4 
471	25 
472	14 
473	1 
474	1 
475	29 
476	30 
477	6 
478	9 
479	29 
480	16 
481	26 
482	23 
483	23 
484	14 
485	30 
486	10 
487	19 
488	29 
489	15 
490	23 
491	5 
492	27 
493	13 
494	25 
495	9 
496	14 
497	26 
498	18 
499	29 
500	20 
501	24 
502	22 
503	24 
504	24 
505	27 
506	18 
507	11 
508	14 
509	20 
510	15 
511	27 
512	3 
513	19 
514	6 
515	5 
516	7 
517	18 
518	11 
519	1 
520	2 
521	11 
522	30 
523	28 
524	11 
525	12 
526	7 
527	1 
528	5 
529	4 
530	29 
531	18 
532	7 
533	2 
534	4 
535	16 
536	14 
537	29 
538	9 
539	15 
540	9 
541	1 
542	19 
543	25 
544	10 
545	18 
546	7 
547	28 
548	17 
549	1 
550	23 
551	26 
552	27 
553	8 
554	23 
555	10 
556	4 
557	12 
558	29 
559	27 
560	25 
561	30 
562	8 
563	11 
564	7 
565	24 
566	14 
567	23 
568	29 
569	9 
570	18 
571	25 
572	25 
573	11 
574	25 
575	8 
576	24 
577	25 
578	9 
579	25 
580	6 
581	8 
582	14 
583	8 
584	13 
585	28 
586	9 
587	27 
588	21 
589	10 
590	13 
591	10 
592	16 
593	18 
594	27 
595	16 
596	3 
597	5 
598	28 
599	18 
600	12 
601	3 
602	17 
603	21 
604	21 
605	14 
606	27 
607	9 
608	3 
609	27 
610	29 
611	26 
612	5 
613	15 
614	10 
615	15 
616	30 
617	4 
618	1 
619	26 
620	26 
621	14 
622	11 
623	8 
624	19 
625	24 
626	16 
627	30 
628	12 
629	2 
630	25 
631	10 
632	3 
633	26 
634	10 
635	12 
636	20 
637	16 
638	28 
639	15 
640	5 
641	18 
642	19 
643	12 
644	3 
645	13 
646	18 
647	29 
648	3 
649	18 
650	16 
651	7 
652	23 
653	27 
654	2 
655	28 
656	30 
657	22 
658	14 
659	3 
660	5 
661	20 
662	10 
663	17 
664	1 
665	1 
666	21 
667	5 
668	5 
669	15 
670	12 
671	20 
672	17 
673	18 
674	9 
675	23 
676	4 
677	21 
678	17 
679	5 
680	3 
681	6 
682	27 
683	18 
684	5 
685	13 
686	6 
687	29 
688	7 
689	29 
690	19 
691	2 
692	22 
693	2 
694	4 
695	27 
696	5 
697	10 
698	1 
699	3 
700	4 
701	12 
702	2 
703	12 
704	12 
705	9 
706	9 
707	20 
708	6 
709	27 
710	2 
711	17 
712	16 
713	30 
714	3 
715	2 
716	11 
717	11 
718	7 
719	12 
720	21 
721	10 
722	3 
723	26 
724	30 
725	22 
726	8 
727	5 
728	4 
729	6 
730	5 
731	21 
732	22 
733	10 
734	9 
735	3 
736	21 
737	21 
738	29 
739	1 
740	30 
741	27 
742	10 
743	3 
744	1 
745	10 
746	9 
747	23 
748	5 
749	6 
750	7 
751	23 
752	29 
753	22 
754	1 
755	18 
756	25 
757	13 
758	24 
759	14 
760	18 
761	19 
762	30 
763	12 
764	10 
765	24 
766	25 
767	18 
768	23 
769	25 
770	28 
771	28 
772	19 
773	29 
774	14 
775	22 
776	30 
777	24 
778	29 
779	28 
780	27 
781	12 
782	21 
783	6 
784	3 
785	25 
786	22 
787	4 
788	27 
789	17 
790	19 
791	16 
792	30 
793	11 
794	4 
795	10 
796	2 
797	29 
798	4 
799	15 
800	18 
801	22 
802	22 
803	4 
804	10 
805	11 
806	13 
807	2 
808	9 
809	4 
810	1 
811	14 
812	11 
813	17 
814	4 
815	1 
816	17 
817	12 
818	25 
819	15 
820	8 
821	13 
822	5 
823	3 
824	12 
825	16 
826	7 
827	3 
828	22 
829	28 
830	29 
831	12 
832	30 
833	17 
834	26 
835	7 
836	15 
837	26 
838	15 
839	24 
840	28 
841	29 
842	11 
843	2 
844	29 
845	5 
846	23 
847	14 
848	19 
849	28 
850	26 
851	17 
852	18 
853	12 
854	20 
855	22 
856	4 
857	22 
858	6 
859	2 
860	20 
861	1 
862	28 
863	29 
864	11 
865	18 
866	16 
867	27 
868	11 
869	18 
870	12 
871	19 
872	20 
873	14 
874	14 
875	5 
876	16 
877	26 
878	24 
879	9 
880	20 
881	1 
882	8 
883	14 
884	28 
885	20 
886	8 
887	1 
888	24 
889	30 
890	22 
891	25 
892	20 
893	16 
894	13 
895	16 
896	30 
897	5 
898	18 
899	27 
900	14 
901	3 
902	4 
903	25 
904	3 
905	29 
906	5 
907	22 
908	5 
909	12 
910	1 
911	25 
912	16 
913	30 
914	7 
915	18 
916	12 
917	9 
918	5 
919	18 
920	10 
921	17 
922	17 
923	12 
924	28 
925	10 
926	22 
927	20 
928	19 
929	22 
930	29 
931	3 
932	22 
933	20 
934	5 
935	19 
936	5 
937	22 
938	14 
939	26 
940	24 
941	4 
942	28 
943	14 
944	28 
945	24 
946	17 
947	17 
948	9 
949	29 
950	30 
951	22 
952	24 
953	14 
954	21 
955	20 
956	23 
957	24 
958	9 
959	24 
960	21 
961	6 
962	9 
963	24 
964	20 
965	11 
966	9 
967	15 
968	2 
969	16 
970	8 
971	30 
972	7 
973	12 
974	23 
975	23 
976	21 
977	29 
978	21 
979	19 
980	14 
981	6 
982	13 
983	4 
984	6 
985	3 
986	19 
987	23 
988	4 
989	30 
990	20 
991	4 
992	22 
993	11 
994	13 
995	14 
996	30 
997	8 
998	26 
999	3 
1000	15 
1001	16 
1002	5 
1003	25 
1004	24 
1005	2 
1006	11 
1007	10 
1008	20 
1009	2 
1010	21 
1011	7 
1012	1 
1013	3 
1014	3 
1015	19 
1016	24 
1017	1 
1018	8 
1019	30 
1020	18 
1021	7 
1022	7 
1023	5 
1024	19 
1025	10 
1026	25 
1027	29 
1028	22 
1029	15 
1030	30 
1031	7 
1032	21 
1033	17 
1034	20 
1035	11 
1036	6 
1037	2 
1038	2 
1039	7 
1040	14 
1041	2 
1042	27 
1043	24 
1044	27 
1045	21 
1046	9 
1047	25 
1048	26 
1049	9 
1050	7 
1051	3 
1052	3 
1053	7 
1054	14 
1055	2 
1056	15 
1057	2 
1058	11 
1059	2 
1060	28 
1061	4 
1062	17 
1063	11 
1064	20 
1065	4 
1066	28 
1067	9 
1068	5 
1069	10 
1070	6 
1071	27 
1072	5 
1073	27 
1074	23 
1075	15 
1076	24 
1077	20 
1078	23 
1079	1 
1080	5 
1081	30 
1082	20 
1083	28 
1084	4 
1085	25 
1086	12 
1087	2 
1088	6 
1089	17 
1090	10 
1091	5 
1092	7 
1093	2 
1094	28 
1095	5 
1096	12 
1097	8 
1098	23 
1099	8 
1100	9 
1101	2 
1102	1 
1103	26 
1104	23 
1105	19 
1106	28 
1107	6 
1108	2 
1109	11 
1110	28 
1111	18 
1112	13 
1113	13 
1114	30 
1115	30 
1116	22 
1117	17 
1118	16 
1119	17 
1120	10 
1121	12 
1122	1 
1123	28 
1124	23 
1125	1 
1126	4 
1127	20 
1128	29 
1129	21 
1130	3 
1131	21 
1132	5 
1133	11 
1134	8 
1135	23 
1136	6 
1137	28 
1138	12 
1139	2 
1140	15 
1141	23 
1142	18 
1143	6 
1144	30 
1145	9 
1146	9 
1147	20 
1148	14 
1149	12 
1150	19 
1151	14 
1152	19 
1153	5 
1154	28 
1155	5 
1156	23 
1157	13 
1158	2 
1159	20 
1160	28 
1161	17 
1162	2 
1163	6 
1164	1 
1165	30 
1166	6 
1167	14 
1168	8 
1169	28 
1170	25 
1171	2 
1172	28 
1173	19 
1174	19 
1175	20 
1176	9 
1177	20 
1178	17 
1179	22 
1180	17 
1181	25 
1182	30 
1183	3 
1184	18 
1185	1 
1186	26 
1187	20 
1188	17 
1189	14 
1190	17 
1191	21 
1192	11 
1193	5 
1194	1 
1195	23 
1196	18 
1197	29 
1198	1 
1199	18 
1200	18 
1201	7 
1202	5 
1203	30 
1204	20 
1205	16 
1206	19 
1207	18 
1208	26 
1209	25 
1210	2 
1211	28 
1212	3 
1213	13 
1214	6 
1215	5 
1216	6 
1217	3 
1218	20 
1219	9 
1220	9 
1221	11 
1222	6 
1223	12 
1224	4 
1225	13 
1226	15 
1227	26 
1228	14 
1229	3 
1230	21 
1231	2 
1232	19 
1233	5 
1234	9 
1235	15 
1236	18 
1237	5 
1238	28 
1239	8 
1240	10 
1241	9 
1242	2 
1243	15 
1244	23 
1245	24 
1246	1 
1247	2 
1248	10 
1249	7 
1250	27 
1251	7 
1252	21 
1253	16 
1254	2 
1255	24 
1256	5 
1257	2 
1258	29 
1259	9 
1260	17 
1261	5 
1262	13 
1263	30 
1264	19 
1265	26 
1266	17 
1267	13 
1268	27 
1269	15 
1270	11 
1271	21 
1272	22 
1273	4 
1274	28 
1275	10 
1276	14 
1277	4 
1278	30 
1279	4 
1280	2 
1281	7 
1282	23 
1283	29 
1284	19 
1285	13 
1286	26 
1287	11 
1288	16 
1289	7 
1290	3 
1291	26 
1292	28 
1293	15 
1294	24 
1295	9 
1296	7 
1297	7 
1298	24 
1299	7 
1300	30 
1301	22 
1302	14 
1303	18 
1304	29 
1305	3 
1306	30 
1307	18 
1308	24 
1309	28 
1310	3 
1311	23 
1312	18 
1313	21 
1314	13 
1315	3 
1316	29 
1317	27 
1318	1 
1319	5 
1320	21 
1321	10 
1322	30 
1323	23 
1324	15 
1325	14 
1326	27 
1327	23 
1328	13 
1329	2 
1330	26 
1331	24 
1332	22 
1333	14 
1334	1 
1335	7 
1336	5 
1337	7 
1338	6 
1339	10 
1340	7 
1341	13 
1342	18 
1343	4 
1344	25 
1345	17 
1346	23 
1347	7 
1348	20 
1349	2 
1350	18 
1351	22 
1352	20 
1353	22 
1354	23 
1355	26 
1356	17 
1357	17 
1358	25 
1359	30 
1360	8 
1361	19 
1362	24 
1363	17 
1364	9 
1365	11 
1366	15 
1367	11 
1368	8 
1369	6 
1370	16 
1371	24 
1372	23 
1373	5 
1374	9 
1375	5 
1376	13 
1377	4 
1378	27 
1379	28 
1380	5 
1381	7 
1382	10 
1383	6 
1384	9 
1385	16 
1386	24 
1387	2 
1388	4 
1389	7 
1390	12 
1391	1 
1392	23 
1393	20 
1394	27 
1395	13 
1396	29 
1397	25 
1398	23 
1399	5 
1400	1 
1401	18 
1402	9 
1403	14 
1404	12 
1405	30 
1406	7 
1407	5 
1408	25 
1409	23 
1410	26 
1411	27 
1412	27 
1413	14 
1414	14 
1415	5 
1416	24 
1417	11 
1418	15 
1419	27 
1420	3 
1421	24 
1422	23 
1423	3 
1424	1 
1425	25 
1426	30 
1427	23 
1428	29 
1429	24 
1430	1 
1431	20 
1432	29 
1433	5 
1434	10 
1435	23 
1436	8 
1437	6 
1438	14 
1439	10 
1440	2 
1441	5 
1442	9 
1443	7 
1444	9 
1445	9 
1446	18 
1447	27 
1448	25 
1449	2 
1450	8 
1451	15 
1452	26 
1453	27 
1454	12 
1455	29 
1456	2 
1457	7 
1458	25 
1459	18 
1460	19 
1461	29 
1462	20 
1463	29 
1464	24 
1465	22 
1466	2 
1467	6 
1468	20 
1469	10 
1470	28 
1471	20 
1472	28 
1473	27 
1474	14 
1475	18 
1476	22 
1477	19 
1478	24 
1479	11 
1480	29 
1481	17 
1482	20 
1483	27 
1484	6 
1485	8 
1486	7 
1487	29 
1488	1 
1489	3 
1490	22 
1491	20 
1492	28 
1493	23 
1494	11 
1495	8 
1496	29 
1497	25 
1498	15 
1499	5 
1500	28 
1501	7 
1502	30 
1503	19 
1504	16 
1505	12 
1506	29 
1507	12 
1508	30 
1509	4 
1510	22 
1511	2 
1512	24 
1513	25 
1514	8 
1515	20 
1516	18 
1517	2 
1518	24 
1519	10 
1520	1 
1521	30 
1522	14 
1523	3 
1524	10 
1525	9 
1526	3 
1527	19 
1528	22 
1529	12 
1530	5 
1531	30 
1532	17 
1533	30 
1534	14 
1535	21 
1536	19 
1537	24 
1538	30 
1539	5 
1540	28 
1541	16 
1542	4 
1543	1 
1544	6 
1545	4 
1546	17 
1547	2 
1548	14 
1549	11 
1550	12 
1551	26 
1552	15 
1553	27 
1554	10 
1555	22 
1556	19 
1557	30 
1558	1 
1559	28 
1560	20 
1561	27 
1562	14 
1563	11 
1564	20 
1565	16 
1566	6 
1567	28 
1568	30 
1569	27 
1570	30 
1571	1 
1572	28 
1573	12 
1574	17 
1575	9 
1576	23 
1577	6 
1578	9 
1579	30 
1580	15 
1581	29 
1582	30 
1583	2 
1584	17 
1585	27 
1586	30 
1587	10 
1588	25 
1589	19 
1590	7 
1591	23 
1592	3 
1593	2 
1594	7 
1595	5 
1596	20 
1597	29 
1598	1 
1599	28 
1600	16 
1601	4 
1602	20 
1603	16 
1604	11 
1605	14 
1606	20 
1607	25 
1608	5 
1609	10 
1610	5 
1611	9 
1612	29 
1613	14 
1614	3 
1615	7 
1616	7 
1617	2 
1618	28 
1619	25 
1620	28 
1621	4 
1622	11 
1623	5 
1624	22 
1625	6 
1626	29 
1627	14 
1628	15 
1629	24 
1630	24 
1631	30 
1632	30 
1633	9 
1634	17 
1635	8 
1636	10 
1637	14 
1638	28 
1639	14 
1640	20 
1641	25 
1642	3 
1643	1 
1644	16 
1645	4 
1646	22 
1647	19 
1648	1 
1649	20 
1650	8 
1651	12 
1652	6 
1653	4 
1654	16 
1655	3 
1656	3 
1657	17 
1658	11 
1659	27 
1660	14 
1661	5 
1662	7 
1663	28 
1664	2 
1665	2 
1666	20 
1667	28 
1668	12 
1669	2 
1670	20 
1671	8 
1672	27 
1673	15 
1674	9 
1675	19 
1676	5 
1677	28 
1678	13 
1679	1 
1680	2 
1681	24 
1682	21 
1683	27 
1684	19 
1685	2 
1686	25 
1687	5 
1688	9 
1689	5 
1690	4 
1691	29 
1692	9 
1693	16 
1694	5 
1695	25 
1696	1 
1697	22 
1698	28 
1699	26 
1700	12 
1701	20 
1702	29 
1703	9 
1704	16 
1705	17 
1706	25 
1707	18 
1708	1 
1709	11 
1710	6 
1711	25 
1712	24 
1713	6 
1714	20 
1715	3 
1716	27 
1717	28 
1718	7 
1719	26 
1720	8 
1721	19 
1722	4 
1723	3 
1724	7 
1725	30 
1726	8 
1727	2 
1728	15 
1729	18 
1730	19 
1731	4 
1732	13 
1733	21 
1734	7 
1735	25 
1736	23 
1737	3 
1738	28 
1739	28 
1740	13 
1741	23 
1742	5 
1743	25 
1744	19 
1745	11 
1746	3 
1747	20 
1748	10 
1749	3 
1750	7 
1751	10 
1752	26 
1753	21 
1754	5 
1755	25 
1756	21 
1757	14 
1758	24 
1759	6 
1760	6 
1761	28 
1762	7 
1763	18 
1764	18 
1765	24 
1766	23 
1767	15 
1768	28 
1769	5 
1770	9 
1771	16 
1772	20 
1773	20 
1774	6 
1775	28 
1776	15 
1777	28 
1778	26 
1779	3 
1780	25 
1781	1 
1782	6 
1783	29 
1784	10 
1785	10 
1786	7 
1787	19 
1788	26 
1789	18 
1790	20 
1791	23 
1792	3 
1793	23 
1794	13 
1795	26 
1796	5 
1797	27 
1798	14 
1799	4 
1800	14 
1801	27 
1802	8 
1803	30 
1804	21 
1805	27 
1806	7 
1807	27 
1808	4 
1809	4 
1810	21 
1811	1 
1812	14 
1813	12 
1814	23 
1815	23 
1816	28 
1817	28 
1818	29 
1819	21 
1820	24 
1821	23 
1822	28 
1823	3 
1824	17 
1825	5 
1826	10 
1827	22 
1828	20 
1829	3 
1830	5 
1831	4 
1832	23 
1833	8 
1834	29 
1835	7 
1836	18 
1837	29 
1838	25 
1839	15 
1840	18 
1841	20 
1842	25 
1843	25 
1844	12 
1845	22 
1846	16 
1847	22 
1848	8 
1849	3 
1850	4 
1851	23 
1852	27 
1853	5 
1854	14 
1855	9 
1856	3 
1857	29 
1858	9 
1859	3 
1860	6 
1861	1 
1862	29 
1863	19 
1864	20 
1865	26 
1866	28 
1867	8 
1868	5 
1869	24 
1870	5 
1871	27 
1872	5 
1873	11 
1874	23 
1875	20 
1876	9 
1877	17 
1878	18 
1879	18 
1880	24 
1881	17 
1882	6 
1883	15 
1884	23 
1885	30 
1886	14 
1887	29 
1888	22 
1889	7 
1890	28 
1891	11 
1892	10 
1893	3 
1894	9 
1895	19 
1896	16 
1897	24 
1898	20 
1899	18 
1900	20 
1901	25 
1902	25 
1903	8 
1904	9 
1905	15 
1906	30 
1907	26 
1908	21 
1909	4 
1910	6 
1911	15 
1912	14 
1913	14 
1914	30 
1915	23 
1916	26 
1917	19 
1918	24 
1919	8 
1920	1 
1921	18 
1922	28 
1923	16 
1924	17 
1925	16 
1926	7 
1927	3 
1928	4 
1929	12 
1930	11 
1931	20 
1932	19 
1933	11 
1934	7 
1935	25 
1936	14 
1937	7 
1938	21 
1939	25 
1940	24 
1941	24 
1942	3 
1943	17 
1944	9 
1945	23 
1946	29 
1947	29 
1948	30 
1949	20 
1950	10 
1951	6 
1952	18 
1953	26 
1954	14 
1955	6 
1956	17 
1957	1 
1958	15 
1959	12 
1960	23 
1961	19 
1962	9 
1963	10 
1964	24 
1965	29 
1966	22 
1967	18 
1968	1 
1969	23 
1970	25 
1971	25 
1972	9 
1973	28 
1974	8 
1975	5 
1976	2 
1977	6 
1978	18 
1979	2 
1980	14 
1981	4 
1982	6 
1983	10 
1984	16 
1985	17 
1986	27 
1987	8 
1988	25 
1989	2 
1990	9 
1991	6 
1992	1 
1993	20 
1994	12 
1995	8 
1996	6 
1997	9 
1998	29 
1999	8 
2000	17 
2001	8 
2002	26 
2003	7 
2004	3 
2005	15 
2006	21 
2007	11 
2008	21 
2009	5 
2010	18 
2011	6 
2012	3 
2013	13 
2014	5 
2015	23 
2016	22 
2017	25 
2018	13 
2019	4 
2020	13 
2021	10 
2022	23 
2023	30 
2024	8 
2025	28 
2026	23 
2027	24 
2028	14 
2029	17 
2030	10 
2031	17 
2032	21 
2033	3 
2034	9 
2035	12 
2036	25 
2037	9 
2038	5 
2039	13 
2040	18 
2041	25 
2042	7 
2043	29 
2044	25 
2045	7 
2046	1 
2047	3 
2048	14 
2049	21 
2050	10 
2051	19 
2052	5 
2053	26 
2054	3 
2055	2 
2056	2 
2057	2 
2058	15 
2059	24 
2060	24 
2061	7 
2062	27 
2063	19 
2064	8 
2065	28 
2066	23 
2067	18 
2068	22 
2069	8 
2070	18 
2071	1 
2072	1 
2073	14 
2074	22 
2075	5 
2076	16 
2077	22 
2078	24 
2079	2 
2080	16 
2081	1 
2082	29 
2083	15 
2084	5 
2085	9 
2086	22 
2087	18 
2088	19 
2089	4 
2090	1 
2091	13 
2092	11 
2093	23 
2094	7 
2095	2 
2096	20 
2097	7 
2098	15 
2099	28 
2100	11 
2101	21 
2102	5 
2103	2 
2104	26 
2105	20 
2106	1 
2107	4 
2108	6 
2109	4 
2110	25 
2111	19 
2112	9 
2113	12 
2114	18 
2115	3 
2116	22 
2117	9 
2118	20 
2119	13 
2120	27 
2121	7 
2122	6 
2123	25 
2124	28 
2125	22 
2126	4 
2127	30 
2128	1 
2129	16 
2130	12 
2131	10 
2132	13 
2133	30 
2134	18 
2135	25 
2136	21 
2137	7 
2138	14 
2139	27 
2140	26 
2141	28 
2142	29 
2143	21 
2144	20 
2145	13 
2146	14 
2147	26 
2148	11 
2149	10 
2150	16 
2151	13 
2152	9 
2153	29 
2154	18 
2155	8 
2156	17 
2157	25 
2158	23 
2159	19 
2160	5 
2161	21 
2162	8 
2163	2 
2164	14 
2165	25 
2166	16 
2167	21 
2168	12 
2169	10 
2170	15 
2171	10 
2172	1 
2173	6 
2174	21 
2175	18 
2176	28 
2177	22 
2178	15 
2179	5 
2180	7 
2181	20 
2182	18 
2183	14 
2184	16 
2185	1 
2186	12 
2187	13 
2188	4 
2189	13 
2190	21 
2191	6 
2192	5 
2193	19 
2194	30 
2195	28 
2196	20 
2197	14 
2198	10 
2199	30 
2200	26 
2201	9 
2202	19 
2203	15 
2204	19 
2205	1 
2206	14 
2207	18 
2208	14 
2209	6 
2210	4 
2211	20 
2212	12 
2213	24 
2214	9 
2215	26 
2216	12 
2217	8 
2218	16 
2219	10 
2220	27 
2221	7 
2222	21 
2223	21 
2224	2 
2225	11 
2226	14 
2227	27 
2228	11 
2229	5 
2230	11 
2231	9 
2232	26 
2233	26 
2234	20 
2235	4 
2236	11 
2237	16 
2238	25 
2239	25 
2240	20 
2241	16 
2242	22 
2243	27 
2244	14 
2245	30 
2246	9 
2247	6 
2248	29 
2249	23 
2250	28 
2251	17 
2252	28 
2253	23 
2254	2 
2255	18 
2256	14 
2257	11 
2258	4 
2259	20 
2260	22 
2261	9 
2262	25 
2263	5 
2264	10 
2265	14 
2266	18 
2267	18 
2268	20 
2269	12 
2270	17 
2271	2 
2272	27 
2273	30 
2274	25 
2275	29 
2276	3 
2277	10 
2278	26 
2279	28 
2280	10 
2281	10 
2282	28 
2283	2 
2284	10 
2285	9 
2286	20 
2287	2 
2288	25 
2289	15 
2290	7 
2291	6 
2292	16 
2293	12 
2294	23 
2295	21 
2296	8 
2297	2 
2298	16 
2299	25 
2300	14 
2301	21 
2302	16 
2303	24 
2304	10 
2305	10 
2306	5 
2307	13 
2308	28 
2309	23 
2310	1 
2311	11 
2312	4 
2313	9 
2314	18 
2315	16 
2316	28 
2317	10 
2318	18 
2319	19 
2320	12 
2321	12 
2322	2 
2323	7 
2324	12 
2325	9 
2326	14 
2327	5 
2328	25 
2329	28 
2330	4 
2331	15 
2332	9 
2333	8 
2334	3 
2335	29 
2336	10 
2337	5 
2338	17 
2339	4 
2340	17 
2341	30 
2342	18 
2343	24 
2344	23 
2345	28 
2346	7 
2347	15 
2348	29 
2349	25 
2350	25 
2351	27 
2352	10 
2353	16 
2354	26 
2355	23 
2356	17 
2357	24 
2358	22 
2359	22 
2360	26 
2361	18 
2362	20 
2363	29 
2364	11 
2365	19 
2366	20 
2367	29 
2368	21 
2369	2 
2370	26 
2371	28 
2372	19 
2373	14 
2374	24 
2375	26 
2376	9 
2377	7 
2378	19 
2379	10 
2380	29 
2381	18 
2382	27 
2383	12 
2384	27 
2385	20 
2386	21 
2387	18 
2388	1 
2389	28 
2390	12 
2391	16 
2392	27 
2393	12 
2394	6 
2395	2 
2396	15 
2397	13 
2398	29 
2399	3 
2400	21 
2401	2 
2402	10 
2403	23 
2404	14 
2405	17 
2406	5 
2407	13 
2408	12 
2409	7 
2410	5 
2411	7 
2412	8 
2413	14 
2414	24 
2415	25 
2416	11 
2417	27 
2418	30 
2419	2 
2420	24 
2421	5 
2422	17 
2423	26 
2424	26 
2425	9 
2426	28 
2427	10 
2428	19 
2429	23 
2430	4 
2431	27 
2432	5 
2433	2 
2434	21 
2435	14 
2436	27 
2437	20 
2438	16 
2439	14 
2440	23 
2441	17 
2442	27 
2443	15 
2444	17 
2445	25 
2446	29 
2447	22 
2448	23 
2449	20 
2450	20 
2451	7 
2452	8 
2453	8 
2454	9 
2455	6 
2456	2 
2457	26 
2458	28 
2459	25 
2460	23 
2461	18 
2462	28 
2463	26 
2464	14 
2465	9 
2466	7 
2467	10 
2468	20 
2469	22 
2470	7 
2471	17 
2472	6 
2473	17 
2474	2 
2475	20 
2476	5 
2477	25 
2478	3 
2479	12 
2480	15 
2481	5 
2482	23 
2483	26 
2484	22 
2485	20 
2486	23 
2487	9 
2488	29 
2489	2 
2490	6 
2491	25 
2492	7 
2493	10 
2494	17 
2495	23 
2496	16 
2497	11 
2498	1 
2499	28 
2500	17 
2501	30 
2502	13 
2503	10 
2504	22 
2505	12 
2506	15 
2507	22 
2508	23 
2509	13 
2510	28 
2511	26 
2512	14 
2513	20 
2514	6 
2515	24 
2516	18 
2517	19 
2518	20 
2519	8 
2520	5 
2521	19 
2522	2 
2523	18 
2524	21 
2525	20 
2526	5 
2527	28 
2528	20 
2529	25 
2530	22 
2531	2 
2532	2 
2533	30 
2534	27 
2535	27 
2536	6 
2537	14 
2538	26 
2539	27 
2540	7 
2541	14 
2542	3 
2543	28 
2544	8 
2545	3 
2546	19 
2547	6 
2548	15 
2549	26 
2550	2 
2551	5 
2552	27 
2553	26 
2554	18 
2555	10 
2556	5 
2557	14 
2558	14 
2559	24 
2560	12 
2561	27 
2562	27 
2563	13 
2564	3 
2565	30 
2566	14 
2567	1 
2568	23 
2569	2 
2570	29 
2571	7 
2572	21 
2573	14 
2574	9 
2575	28 
2576	21 
2577	11 
2578	3 
2579	5 
2580	18 
2581	9 
2582	3 
2583	29 
2584	26 
2585	27 
2586	19 
2587	13 
2588	22 
2589	1 
2590	5 
2591	14 
2592	29 
2593	1 
2594	17 
2595	14 
2596	15 
2597	29 
2598	17 
2599	29 
2600	7 
2601	28 
2602	24 
2603	26 
2604	3 
2605	5 
2606	22 
2607	25 
2608	27 
2609	25 
2610	18 
2611	28 
2612	17 
2613	3 
2614	3 
2615	28 
2616	10 
2617	4 
2618	26 
2619	24 
2620	6 
2621	29 
2622	16 
2623	16 
2624	28 
2625	27 
2626	26 
2627	29 
2628	17 
2629	13 
2630	9 
2631	26 
2632	15 
2633	17 
2634	1 
2635	9 
2636	10 
2637	11 
2638	14 
2639	30 
2640	20 
2641	30 
2642	8 
2643	2 
2644	2 
2645	25 
2646	1 
2647	29 
2648	27 
2649	4 
2650	22 
2651	13 
2652	28 
2653	26 
2654	19 
2655	22 
2656	12 
2657	29 
2658	4 
2659	30 
2660	24 
2661	24 
2662	16 
2663	20 
2664	2 
2665	6 
2666	1 
2667	12 
2668	16 
2669	20 
2670	3 
2671	23 
2672	28 
2673	21 
2674	14 
2675	7 
2676	17 
2677	28 
2678	26 
2679	18 
2680	9 
2681	13 
2682	11 
2683	9 
2684	11 
2685	27 
2686	20 
2687	1 
2688	13 
2689	2 
2690	1 
2691	21 
2692	22 
2693	4 
2694	19 
2695	5 
2696	13 
2697	22 
2698	30 
2699	11 
2700	9 
2701	2 
2702	27 
2703	28 
2704	2 
2705	9 
2706	11 
2707	14 
2708	16 
2709	15 
2710	26 
2711	2 
2712	27 
2713	7 
2714	22 
2715	25 
2716	15 
2717	26 
2718	2 
2719	4 
2720	2 
2721	4 
2722	29 
2723	13 
2724	6 
2725	23 
2726	21 
2727	3 
2728	3 
2729	20 
2730	29 
2731	27 
2732	9 
2733	4 
2734	1 
2735	16 
2736	29 
2737	1 
2738	27 
2739	14 
2740	4 
2741	29 
2742	26 
2743	27 
2744	12 
2745	4 
2746	22 
2747	29 
2748	11 
2749	9 
2750	8 
2751	6 
2752	20 
2753	8 
2754	12 
2755	6 
2756	29 
2757	28 
2758	24 
2759	9 
2760	11 
2761	26 
2762	16 
2763	4 
2764	27 
2765	9 
2766	28 
2767	23 
2768	5 
2769	29 
2770	13 
2771	28 
2772	29 
2773	28 
2774	4 
2775	5 
2776	14 
2777	19 
2778	25 
2779	25 
2780	3 
2781	27 
2782	26 
2783	14 
2784	17 
2785	25 
2786	1 
2787	9 
2788	5 
2789	29 
2790	25 
2791	18 
2792	15 
2793	17 
2794	20 
2795	10 
2796	1 
2797	10 
2798	15 
2799	5 
2800	7 
2801	21 
2802	12 
2803	8 
2804	15 
2805	19 
2806	28 
2807	25 
2808	27 
2809	15 
2810	6 
2811	18 
2812	14 
2813	14 
2814	11 
2815	27 
2816	21 
2817	15 
2818	28 
2819	5 
2820	23 
2821	8 
2822	14 
2823	26 
2824	7 
2825	29 
2826	19 
2827	21 
2828	3 
2829	17 
2830	24 
2831	15 
2832	4 
2833	21 
2834	14 
2835	6 
2836	14 
2837	2 
2838	17 
2839	6 
2840	19 
2841	18 
2842	7 
2843	26 
2844	5 
2845	16 
2846	5 
2847	14 
2848	8 
2849	19 
2850	15 
2851	28 
2852	20 
2853	20 
2854	21 
2855	26 
2856	24 
2857	11 
2858	2 
2859	24 
2860	13 
2861	13 
2862	9 
2863	2 
2864	1 
2865	12 
2866	23 
2867	15 
2868	5 
2869	12 
2870	14 
2871	30 
2872	20 
2873	22 
2874	23 
2875	7 
2876	11 
2877	29 
2878	15 
2879	29 
2880	2 
2881	15 
2882	12 
2883	30 
2884	9 
2885	27 
2886	17 
2887	17 
2888	17 
2889	5 
2890	26 
2891	23 
2892	11 
2893	13 
2894	12 
2895	16 
2896	15 
2897	9 
2898	8 
2899	23 
2900	27 
2901	9 
2902	9 
2903	10 
2904	9 
2905	8 
2906	14 
2907	15 
2908	1 
2909	28 
2910	5 
2911	19 
2912	10 
2913	4 
2914	2 
2915	27 
2916	18 
2917	2 
2918	12 
2919	29 
2920	19 
2921	11 
2922	1 
2923	11 
2924	25 
2925	6 
2926	25 
2927	1 
2928	9 
2929	13 
2930	3 
2931	22 
2932	8 
2933	27 
2934	17 
2935	1 
2936	20 
2937	18 
2938	28 
2939	6 
2940	1 
2941	18 
2942	24 
2943	21 
2944	22 
2945	29 
2946	11 
2947	18 
2948	15 
2949	25 
2950	30 
2951	19 
2952	21 
2953	21 
2954	28 
2955	20 
2956	28 
2957	29 
2958	2 
2959	24 
2960	28 
2961	5 
2962	12 
2963	27 
2964	28 
2965	30 
2966	27 
2967	14 
2968	8 
2969	28 
2970	18 
2971	28 
2972	22 
2973	18 
2974	5 
2975	25 
2976	5 
2977	9 
2978	24 
2979	12 
2980	13 
2981	14 
2982	21 
2983	29 
2984	4 
2985	13 
2986	30 
2987	26 
2988	5 
2989	28 
2990	2 
2991	15 
2992	29 
2993	22 
2994	20 
2995	22 
2996	29 
2997	17 
2998	15 
2999	10 
3000	9 
3001	1 
3002	30 
3003	22 
3004	24 
3005	18 
3006	7 
3007	23 
3008	18 
3009	6 
3010	17 
3011	25 
3012	20 
3013	30 
3014	14 
3015	23 
3016	30 
3017	18 
3018	2 
3019	16 
3020	2 
3021	19 
3022	3 
3023	21 
3024	29 
3025	18 
3026	20 
3027	13 
3028	22 
3029	14 
3030	19 
3031	17 
3032	11 
3033	15 
3034	27 
3035	15 
3036	5 
3037	1 
3038	2 
3039	3 
3040	18 
3041	14 
3042	15 
3043	21 
3044	30 
3045	3 
3046	10 
3047	28 
3048	5 
3049	25 
3050	1 
3051	5 
3052	10 
3053	15 
3054	4 
3055	18 
3056	23 
3057	14 
3058	22 
3059	12 
3060	15 
3061	12 
3062	20 
3063	2 
3064	14 
3065	25 
3066	9 
3067	10 
3068	25 
3069	29 
3070	14 
3071	23 
3072	30 
3073	12 
3074	1 
3075	6 
3076	6 
3077	29 
3078	10 
3079	24 
3080	14 
3081	3 
3082	9 
3083	9 
3084	13 
3085	7 
3086	14 
3087	6 
3088	5 
3089	24 
3090	21 
3091	5 
3092	6 
3093	14 
3094	24 
3095	6 
3096	20 
3097	7 
3098	23 
3099	17 
3100	15 
3101	2 
3102	23 
3103	6 
3104	30 
3105	8 
3106	9 
3107	14 
3108	5 
3109	10 
3110	16 
3111	7 
3112	20 
3113	22 
3114	20 
3115	10 
3116	13 
3117	30 
3118	19 
3119	12 
3120	14 
3121	29 
3122	4 
3123	26 
3124	1 
3125	22 
3126	19 
3127	23 
3128	25 
3129	6 
3130	20 
3131	15 
3132	2 
3133	13 
3134	28 
3135	14 
3136	1 
3137	25 
3138	9 
3139	15 
3140	9 
3141	12 
3142	4 
3143	7 
3144	15 
3145	16 
3146	9 
3147	5 
3148	9 
3149	5 
3150	30 
3151	17 
3152	14 
3153	5 
3154	26 
3155	10 
3156	6 
3157	11 
3158	28 
3159	27 
3160	17 
3161	7 
3162	21 
3163	7 
3164	5 
3165	27 
3166	5 
3167	23 
3168	1 
3169	6 
3170	16 
3171	26 
3172	2 
3173	5 
3174	16 
3175	20 
3176	14 
3177	29 
3178	12 
3179	18 
3180	13 
3181	4 
3182	12 
3183	25 
3184	1 
3185	18 
3186	29 
3187	27 
3188	24 
3189	16 
3190	5 
3191	29 
3192	4 
3193	25 
3194	10 
3195	27 
3196	20 
3197	2 
3198	27 
3199	17 
3200	18 
3201	3 
3202	27 
3203	21 
3204	30 
3205	12 
3206	28 
3207	4 
3208	7 
3209	20 
3210	8 
3211	13 
3212	25 
3213	23 
3214	5 
3215	18 
3216	12 
3217	19 
3218	10 
3219	20 
3220	17 
3221	17 
3222	6 
3223	14 
3224	12 
3225	30 
3226	16 
3227	13 
3228	23 
3229	23 
3230	25 
3231	29 
3232	1 
3233	13 
3234	20 
3235	14 
3236	4 
3237	5 
3238	30 
3239	22 
3240	3 
3241	11 
3242	27 
3243	12 
3244	3 
3245	11 
3246	14 
3247	10 
3248	1 
3249	25 
3250	10 
3251	19 
3252	23 
3253	12 
3254	29 
3255	23 
3256	13 
3257	17 
3258	29 
3259	8 
3260	7 
3261	25 
3262	5 
3263	27 
3264	5 
3265	17 
3266	15 
3267	17 
3268	20 
3269	1 
3270	27 
3271	23 
3272	8 
3273	28 
3274	30 
3275	18 
3276	23 
3277	29 
3278	7 
3279	25 
3280	9 
3281	25 
3282	6 
3283	13 
3284	7 
3285	30 
3286	30 
3287	9 
3288	2 
3289	7 
3290	17 
3291	27 
3292	23 
3293	23 
3294	16 
3295	8 
3296	5 
3297	30 
3298	21 
3299	3 
3300	28 
3301	9 
3302	19 
3303	27 
3304	6 
3305	1 
3306	17 
3307	10 
3308	3 
3309	10 
3310	3 
3311	27 
3312	24 
3313	6 
3314	25 
3315	4 
3316	23 
3317	29 
3318	10 
3319	4 
3320	6 
3321	11 
3322	30 
3323	11 
3324	10 
3325	1 
3326	7 
3327	11 
3328	25 
3329	25 
3330	18 
3331	14 
3332	5 
3333	23 
3334	25 
3335	28 
3336	21 
3337	12 
3338	14 
3339	15 
3340	5 
3341	3 
3342	30 
3343	18 
3344	7 
3345	9 
3346	6 
3347	23 
3348	25 
3349	29 
3350	3 
3351	15 
3352	10 
3353	15 
3354	6 
3355	28 
3356	27 
3357	29 
3358	13 
3359	6 
3360	1 
3361	1 
3362	15 
3363	26 
3364	28 
3365	19 
3366	28 
3367	14 
3368	6 
3369	6 
3370	4 
3371	17 
3372	20 
3373	25 
3374	16 
3375	20 
3376	9 
3377	25 
3378	4 
3379	1 
3380	3 
3381	8 
3382	4 
3383	20 
3384	10 
3385	12 
3386	6 
3387	15 
3388	1 
3389	28 
3390	16 
3391	20 
3392	17 
3393	1 
3394	21 
3395	18 
3396	29 
3397	13 
3398	26 
3399	18 
3400	28 
3401	3 
3402	28 
3403	12 
3404	3 
3405	4 
3406	8 
3407	5 
3408	3 
3409	3 
3410	13 
3411	3 
3412	12 
3413	28 
3414	1 
3415	21 
3416	29 
3417	4 
3418	26 
3419	3 
3420	16 
3421	14 
3422	1 
3423	12 
3424	18 
3425	10 
3426	22 
3427	26 
3428	4 
3429	2 
3430	26 
3431	2 
3432	12 
3433	29 
3434	13 
3435	23 
3436	14 
3437	16 
3438	12 
3439	10 
3440	5 
3441	26 
3442	5 
3443	7 
3444	10 
3445	30 
3446	21 
3447	24 
3448	1 
3449	11 
3450	12 
3451	27 
3452	29 
3453	29 
3454	1 
3455	27 
3456	23 
3457	29 
3458	28 
3459	14 
3460	18 
3461	26 
3462	30 
3463	2 
3464	6 
3465	13 
3466	29 
3467	26 
3468	20 
3469	1 
3470	24 
3471	28 
3472	19 
3473	4 
3474	27 
3475	11 
3476	16 
3477	1 
3478	9 
3479	22 
3480	13 
3481	3 
3482	9 
3483	10 
3484	6 
3485	6 
3486	4 
3487	5 
3488	4 
3489	7 
3490	10 
3491	24 
3492	14 
3493	22 
3494	20 
3495	21 
3496	4 
3497	17 
3498	1 
3499	14 
3500	16 
3501	29 
3502	8 
3503	27 
3504	20 
3505	24 
3506	8 
3507	27 
3508	20 
3509	16 
3510	29 
3511	15 
3512	10 
3513	23 
3514	2 
3515	8 
3516	20 
3517	4 
3518	21 
3519	25 
3520	21 
3521	16 
3522	6 
3523	14 
3524	16 
3525	22 
3526	22 
3527	23 
3528	20 
3529	6 
3530	5 
3531	8 
3532	20 
3533	22 
3534	1 
3535	8 
3536	3 
3537	5 
3538	1 
3539	16 
3540	23 
3541	30 
3542	16 
3543	24 
3544	2 
3545	10 
3546	14 
3547	29 
3548	8 
3549	20 
3550	20 
3551	6 
3552	17 
3553	10 
3554	25 
3555	27 
3556	24 
3557	14 
3558	16 
3559	14 
3560	28 
3561	2 
3562	25 
3563	4 
3564	10 
3565	27 
3566	18 
3567	27 
3568	8 
3569	19 
3570	6 
3571	19 
3572	15 
3573	27 
3574	6 
3575	14 
3576	10 
3577	14 
3578	1 
3579	17 
3580	28 
3581	30 
3582	9 
3583	20 
3584	19 
3585	12 
3586	3 
3587	23 
3588	28 
3589	14 
3590	30 
3591	7 
3592	30 
3593	28 
3594	2 
3595	10 
3596	15 
3597	21 
3598	22 
3599	5 
3600	15 
3601	6 
3602	26 
3603	27 
3604	6 
3605	27 
3606	14 
3607	8 
3608	28 
3609	26 
3610	11 
3611	12 
3612	9 
3613	28 
3614	21 
3615	28 
3616	9 
3617	17 
3618	25 
3619	11 
3620	30 
3621	10 
3622	26 
3623	27 
3624	22 
3625	19 
3626	11 
3627	22 
3628	5 
3629	7 
3630	18 
3631	21 
3632	6 
3633	28 
3634	24 
3635	26 
3636	29 
3637	16 
3638	11 
3639	29 
3640	14 
3641	22 
3642	20 
3643	14 
3644	23 
3645	1 
3646	6 
3647	18 
3648	20 
3649	25 
3650	8 
3651	15 
3652	17 
3653	16 
3654	6 
3655	20 
3656	27 
3657	23 
3658	9 
3659	8 
3660	21 
3661	15 
3662	11 
3663	12 
3664	13 
3665	21 
3666	9 
3667	1 
3668	5 
3669	19 
3670	28 
3671	17 
3672	21 
3673	12 
3674	14 
3675	4 
3676	30 
3677	14 
3678	11 
3679	1 
3680	2 
3681	23 
3682	23 
3683	15 
3684	8 
3685	30 
3686	28 
3687	29 
3688	27 
3689	3 
3690	3 
3691	29 
3692	25 
3693	14 
3694	28 
3695	11 
3696	30 
3697	26 
3698	26 
3699	22 
3700	25 
3701	12 
3702	18 
3703	23 
3704	28 
3705	26 
3706	27 
3707	10 
3708	21 
3709	2 
3710	5 
3711	7 
3712	26 
3713	26 
3714	19 
3715	15 
3716	11 
3717	27 
3718	17 
3719	14 
3720	28 
3721	5 
3722	12 
3723	24 
3724	14 
3725	21 
3726	30 
3727	3 
3728	3 
3729	8 
3730	8 
3731	9 
3732	9 
3733	6 
3734	8 
3735	18 
3736	20 
3737	30 
3738	21 
3739	16 
3740	11 
3741	29 
3742	2 
3743	8 
3744	4 
3745	26 
3746	7 
3747	17 
3748	25 
3749	20 
3750	23 
3751	16 
3752	27 
3753	29 
3754	29 
3755	24 
3756	12 
3757	5 
3758	27 
3759	26 
3760	21 
3761	29 
3762	2 
3763	8 
3764	8 
3765	16 
3766	19 
3767	6 
3768	25 
3769	12 
3770	2 
3771	23 
3772	26 
3773	21 
3774	15 
3775	23 
3776	7 
3777	20 
3778	27 
3779	25 
3780	7 
3781	15 
3782	24 
3783	14 
3784	29 
3785	30 
3786	1 
3787	27 
3788	28 
3789	21 
3790	27 
3791	25 
3792	18 
3793	22 
3794	30 
3795	19 
3796	28 
3797	15 
3798	13 
3799	10 
3800	1 
3801	4 
3802	10 
3803	2 
3804	20 
3805	7 
3806	12 
3807	29 
3808	28 
3809	12 
3810	28 
3811	3 
3812	16 
3813	19 
3814	13 
3815	14 
3816	24 
3817	28 
3818	11 
3819	8 
3820	29 
3821	9 
3822	20 
3823	9 
3824	14 
3825	23 
3826	3 
3827	1 
3828	1 
3829	17 
3830	9 
3831	29 
3832	10 
3833	21 
3834	20 
3835	12 
3836	9 
3837	3 
3838	12 
3839	21 
3840	10 
3841	9 
3842	11 
3843	8 
3844	16 
3845	22 
3846	25 
3847	9 
3848	19 
3849	26 
3850	14 
3851	18 
3852	27 
3853	8 
3854	19 
3855	26 
3856	23 
3857	21 
3858	18 
3859	13 
3860	5 
3861	29 
3862	18 
3863	12 
3864	7 
3865	25 
3866	21 
3867	7 
3868	24 
3869	27 
3870	3 
3871	25 
3872	16 
3873	20 
3874	5 
3875	1 
3876	3 
3877	1 
3878	13 
3879	1 
3880	11 
3881	4 
3882	29 
3883	3 
3884	29 
3885	1 
3886	3 
3887	22 
3888	15 
3889	25 
3890	10 
3891	8 
3892	20 
3893	13 
3894	6 
3895	30 
3896	11 
3897	27 
3898	2 
3899	20 
3900	27 
3901	24 
3902	3 
3903	7 
3904	12 
3905	7 
3906	26 
3907	10 
3908	16 
3909	2 
3910	16 
3911	9 
3912	29 
3913	10 
3914	21 
3915	2 
3916	18 
3917	24 
3918	22 
3919	10 
3920	22 
3921	14 
3922	1 
3923	30 
3924	14 
3925	20 
3926	2 
3927	21 
3928	28 
3929	3 
3930	20 
3931	25 
3932	2 
3933	9 
3934	12 
3935	22 
3936	8 
3937	25 
3938	18 
3939	11 
3940	6 
3941	19 
3942	26 
3943	23 
3944	14 
3945	21 
3946	27 
3947	4 
3948	3 
3949	23 
3950	13 
3951	4 
3952	14 
3953	23 
3954	6 
3955	29 
3956	20 
3957	14 
3958	4 
3959	1 
3960	9 
3961	1 
3962	9 
3963	27 
3964	5 
3965	1 
3966	10 
3967	4 
3968	27 
3969	4 
3970	23 
3971	13 
3972	14 
3973	28 
3974	25 
3975	2 
3976	8 
3977	5 
3978	28 
3979	23 
3980	29 
3981	14 
3982	26 
3983	22 
3984	1 
3985	17 
3986	21 
3987	22 
3988	14 
3989	22 
3990	2 
3991	9 
3992	2 
3993	13 
3994	7 
3995	9 
3996	5 
3997	19 
3998	13 
3999	25 
4000	30 
4001	15 
4002	24 
4003	23 
4004	18 
4005	29 
4006	7 
4007	20 
4008	27 
4009	25 
4010	13 
4011	28 
4012	5 
4013	8 
4014	27 
4015	18 
4016	21 
4017	23 
4018	1 
4019	2 
4020	22 
4021	19 
4022	21 
4023	12 
4024	15 
4025	21 
4026	14 
4027	3 
4028	2 
4029	26 
4030	2 
4031	19 
4032	5 
4033	10 
4034	9 
4035	15 
4036	26 
4037	9 
4038	3 
4039	9 
4040	1 
4041	24 
4042	1 
4043	3 
4044	20 
4045	13 
4046	28 
4047	30 
4048	20 
4049	4 
4050	15 
4051	7 
4052	15 
4053	24 
4054	17 
4055	4 
4056	10 
4057	29 
4058	24 
4059	15 
4060	2 
4061	19 
4062	24 
4063	21 
4064	24 
4065	9 
4066	21 
4067	25 
4068	19 
4069	13 
4070	9 
4071	4 
4072	28 
4073	13 
4074	10 
4075	3 
4076	28 
4077	13 
4078	13 
4079	16 
4080	5 
4081	16 
4082	21 
4083	16 
4084	17 
4085	20 
4086	28 
4087	9 
4088	7 
4089	29 
4090	17 
4091	7 
4092	22 
4093	24 
4094	5 
4095	29 
4096	3 
4097	30 
4098	26 
4099	26 
4100	18 
4101	7 
4102	17 
4103	18 
4104	29 
4105	2 
4106	7 
4107	10 
4108	26 
4109	24 
4110	22 
4111	11 
4112	15 
4113	28 
4114	22 
4115	14 
4116	15 
4117	2 
4118	26 
4119	3 
4120	5 
4121	6 
4122	6 
4123	13 
4124	26 
4125	6 
4126	29 
4127	10 
4128	24 
4129	1 
4130	18 
4131	12 
4132	27 
4133	21 
4134	24 
4135	1 
4136	3 
4137	2 
4138	13 
4139	18 
4140	27 
4141	17 
4142	19 
4143	5 
4144	17 
4145	8 
4146	6 
4147	14 
4148	4 
4149	17 
4150	4 
4151	27 
4152	4 
4153	19 
4154	3 
4155	30 
4156	17 
4157	2 
4158	1 
4159	4 
4160	11 
4161	26 
4162	14 
4163	16 
4164	3 
4165	1 
4166	23 
4167	5 
4168	8 
4169	22 
4170	17 
4171	28 
4172	12 
4173	15 
4174	8 
4175	8 
4176	16 
4177	28 
4178	24 
4179	26 
4180	27 
4181	21 
4182	28 
4183	22 
4184	20 
4185	5 
4186	3 
4187	27 
4188	17 
4189	2 
4190	25 
4191	21 
4192	23 
4193	16 
4194	26 
4195	13 
4196	29 
4197	1 
4198	5 
4199	18 
4200	10 
4201	12 
4202	29 
4203	1 
4204	15 
4205	9 
4206	27 
4207	6 
4208	17 
4209	12 
4210	27 
4211	25 
4212	21 
4213	4 
4214	28 
4215	25 
4216	30 
4217	14 
4218	20 
4219	9 
4220	20 
4221	10 
4222	18 
4223	2 
4224	3 
4225	24 
4226	23 
4227	4 
4228	29 
4229	28 
4230	27 
4231	23 
4232	10 
4233	13 
4234	5 
4235	4 
4236	19 
4237	11 
4238	30 
4239	23 
4240	20 
4241	14 
4242	27 
4243	6 
4244	19 
4245	26 
4246	6 
4247	6 
4248	6 
4249	21 
4250	18 
4251	14 
4252	25 
4253	26 
4254	27 
4255	14 
4256	1 
4257	19 
4258	1 
4259	1 
4260	14 
4261	4 
4262	28 
4263	29 
4264	5 
4265	25 
4266	12 
4267	20 
4268	3 
4269	23 
4270	30 
4271	2 
4272	14 
4273	25 
4274	23 
4275	18 
4276	12 
4277	12 
4278	16 
4279	10 
4280	5 
4281	14 
4282	30 
4283	21 
4284	17 
4285	16 
4286	8 
4287	8 
4288	5 
4289	20 
4290	6 
4291	28 
4292	10 
4293	20 
4294	10 
4295	10 
4296	14 
4297	20 
4298	14 
4299	29 
4300	5 
4301	12 
4302	29 
4303	14 
4304	17 
4305	14 
4306	7 
4307	7 
4308	23 
4309	26 
4310	19 
4311	12 
4312	23 
4313	30 
4314	27 
4315	5 
4316	6 
4317	15 
4318	19 
4319	25 
4320	6 
4321	12 
4322	22 
4323	20 
4324	6 
4325	14 
4326	28 
4327	6 
4328	1 
4329	14 
4330	10 
4331	5 
4332	1 
4333	8 
4334	17 
4335	29 
4336	12 
4337	16 
4338	26 
4339	14 
4340	23 
4341	29 
4342	6 
4343	9 
4344	25 
4345	16 
4346	16 
4347	13 
4348	26 
4349	10 
4350	27 
4351	5 
4352	16 
4353	18 
4354	13 
4355	7 
4356	17 
4357	16 
4358	25 
4359	20 
4360	9 
4361	10 
4362	24 
4363	18 
4364	20 
4365	5 
4366	20 
4367	28 
4368	20 
4369	7 
4370	2 
4371	23 
4372	7 
4373	14 
4374	24 
4375	4 
4376	29 
4377	29 
4378	25 
4379	20 
4380	27 
4381	26 
4382	2 
4383	18 
4384	7 
4385	1 
4386	24 
4387	1 
4388	30 
4389	13 
4390	28 
4391	6 
4392	28 
4393	7 
4394	15 
4395	9 
4396	27 
4397	14 
4398	10 
4399	2 
4400	18 
4401	27 
4402	1 
4403	12 
4404	8 
4405	17 
4406	5 
4407	25 
4408	3 
4409	25 
4410	16 
4411	5 
4412	8 
4413	5 
4414	27 
4415	15 
4416	20 
4417	6 
4418	22 
4419	17 
4420	26 
4421	28 
4422	20 
4423	14 
4424	8 
4425	9 
4426	26 
4427	25 
4428	16 
4429	16 
4430	2 
4431	26 
4432	1 
4433	9 
4434	11 
4435	27 
4436	9 
4437	25 
4438	11 
4439	7 
4440	29 
4441	15 
4442	23 
4443	2 
4444	3 
4445	14 
4446	21 
4447	23 
4448	20 
4449	13 
4450	23 
4451	29 
4452	28 
4453	6 
4454	21 
4455	22 
4456	2 
4457	1 
4458	28 
4459	24 
4460	23 
4461	20 
4462	28 
4463	11 
4464	7 
4465	2 
4466	12 
4467	23 
4468	26 
4469	30 
4470	14 
4471	11 
4472	28 
4473	2 
4474	29 
4475	1 
4476	5 
4477	1 
4478	2 
4479	14 
4480	5 
4481	13 
4482	14 
4483	26 
4484	10 
4485	2 
4486	12 
4487	7 
4488	9 
4489	9 
4490	20 
4491	10 
4492	3 
4493	21 
4494	28 
4495	29 
4496	10 
4497	5 
4498	7 
4499	21 
4500	14 
4501	6 
4502	20 
4503	10 
4504	15 
4505	9 
4506	21 
4507	17 
4508	26 
4509	28 
4510	8 
4511	2 
4512	5 
4513	27 
4514	28 
4515	2 
4516	30 
4517	12 
4518	1 
4519	21 
4520	25 
4521	11 
4522	14 
4523	11 
4524	10 
4525	4 
4526	24 
4527	27 
4528	5 
4529	9 
4530	23 
4531	4 
4532	17 
4533	13 
4534	28 
4535	5 
4536	3 
4537	14 
4538	5 
4539	20 
4540	2 
4541	28 
4542	8 
4543	14 
4544	24 
4545	20 
4546	30 
4547	2 
4548	25 
4549	27 
4550	29 
4551	4 
4552	15 
4553	9 
4554	23 
4555	14 
4556	6 
4557	20 
4558	6 
4559	7 
4560	22 
4561	20 
4562	20 
4563	20 
4564	27 
4565	7 
4566	28 
4567	25 
4568	9 
4569	29 
4570	7 
4571	7 
4572	27 
4573	13 
4574	13 
4575	19 
4576	15 
4577	9 
4578	18 
4579	23 
4580	29 
4581	7 
4582	7 
4583	24 
4584	27 
4585	28 
4586	18 
4587	2 
4588	8 
4589	11 
4590	9 
4591	23 
4592	15 
4593	22 
4594	6 
4595	11 
4596	27 
4597	19 
4598	20 
4599	29 
4600	16 
4601	23 
4602	9 
4603	10 
4604	25 
4605	27 
4606	6 
4607	6 
4608	27 
4609	17 
4610	16 
4611	20 
4612	7 
4613	6 
4614	30 
4615	18 
4616	14 
4617	27 
4618	21 
4619	4 
4620	8 
4621	16 
4622	6 
4623	1 
4624	12 
4625	11 
4626	14 
4627	16 
4628	18 
4629	8 
4630	11 
4631	13 
4632	21 
4633	4 
4634	27 
4635	20 
4636	29 
4637	10 
4638	2 
4639	14 
4640	21 
4641	14 
4642	7 
4643	13 
4644	22 
4645	18 
4646	14 
4647	25 
4648	3 
4649	7 
4650	23 
4651	10 
4652	15 
4653	21 
4654	26 
4655	10 
4656	16 
4657	6 
4658	29 
4659	20 
4660	15 
4661	6 
4662	29 
4663	13 
4664	19 
4665	24 
4666	1 
4667	26 
4668	17 
4669	25 
4670	7 
4671	12 
4672	27 
4673	9 
4674	28 
4675	21 
4676	10 
4677	22 
4678	2 
4679	26 
4680	26 
4681	22 
4682	15 
4683	28 
4684	22 
4685	21 
4686	2 
4687	5 
4688	24 
4689	20 
4690	1 
4691	10 
4692	6 
4693	7 
4694	1 
4695	6 
4696	2 
4697	3 
4698	26 
4699	27 
4700	26 
4701	14 
4702	11 
4703	29 
4704	8 
4705	26 
4706	24 
4707	10 
4708	23 
4709	12 
4710	26 
4711	10 
4712	11 
4713	9 
4714	11 
4715	19 
4716	10 
4717	14 
4718	26 
4719	28 
4720	18 
4721	20 
4722	30 
4723	18 
4724	7 
4725	6 
4726	6 
4727	24 
4728	5 
4729	9 
4730	2 
4731	30 
4732	9 
4733	16 
4734	14 
4735	4 
4736	18 
4737	21 
4738	14 
4739	28 
4740	12 
4741	19 
4742	16 
4743	13 
4744	23 
4745	15 
4746	23 
4747	11 
4748	10 
4749	5 
4750	24 
4751	23 
4752	23 
4753	2 
4754	30 
4755	19 
4756	5 
4757	29 
4758	27 
4759	3 
4760	6 
4761	30 
4762	20 
4763	10 
4764	27 
4765	14 
4766	18 
4767	7 
4768	21 
4769	9 
4770	9 
4771	13 
4772	8 
4773	4 
4774	27 
4775	21 
4776	27 
4777	7 
4778	2 
4779	30 
4780	10 
4781	3 
4782	7 
4783	1 
4784	9 
4785	2 
4786	4 
4787	29 
4788	8 
4789	15 
4790	27 
4791	16 
4792	12 
4793	30 
4794	20 
4795	30 
4796	17 
4797	12 
4798	23 
4799	7 
4800	9 
4801	6 
4802	16 
4803	26 
4804	13 
4805	5 
4806	30 
4807	16 
4808	10 
4809	20 
4810	4 
4811	26 
4812	13 
4813	2 
4814	2 
4815	2 
4816	3 
4817	6 
4818	29 
4819	21 
4820	30 
4821	6 
4822	19 
4823	23 
4824	3 
4825	25 
4826	3 
4827	29 
4828	20 
4829	25 
4830	9 
4831	22 
4832	18 
4833	18 
4834	11 
4835	21 
4836	20 
4837	12 
4838	30 
4839	24 
4840	6 
4841	20 
4842	7 
4843	17 
4844	8 
4845	1 
4846	11 
4847	22 
4848	4 
4849	3 
4850	13 
4851	14 
4852	25 
4853	20 
4854	2 
4855	12 
4856	20 
4857	4 
4858	25 
4859	12 
4860	9 
4861	12 
4862	16 
4863	29 
4864	11 
4865	1 
4866	4 
4867	9 
4868	27 
4869	25 
4870	9 
4871	9 
4872	2 
4873	14 
4874	8 
4875	27 
4876	15 
4877	11 
4878	20 
4879	20 
4880	23 
4881	1 
4882	13 
4883	4 
4884	9 
4885	12 
4886	11 
4887	7 
4888	26 
4889	30 
4890	6 
4891	21 
4892	6 
4893	11 
4894	10 
4895	14 
4896	7 
4897	3 
4898	16 
4899	27 
4900	25 
4901	17 
4902	26 
4903	7 
4904	16 
4905	20 
4906	5 
4907	16 
4908	9 
4909	12 
4910	21 
4911	4 
4912	21 
4913	22 
4914	14 
4915	5 
4916	6 
4917	5 
4918	7 
4919	7 
4920	20 
4921	7 
4922	5 
4923	7 
4924	8 
4925	27 
4926	14 
4927	5 
4928	15 
4929	7 
4930	30 
4931	29 
4932	14 
4933	10 
4934	15 
4935	1 
4936	26 
4937	18 
4938	28 
4939	18 
4940	10 
4941	23 
4942	26 
4943	3 
4944	23 
4945	24 
4946	21 
4947	29 
4948	21 
4949	12 
4950	5 
4951	2 
4952	14 
4953	20 
4954	30 
4955	18 
4956	3 
4957	28 
4958	27 
4959	7 
4960	26 
4961	28 
4962	10 
4963	14 
4964	25 
4965	25 
4966	10 
4967	9 
4968	23 
4969	20 
4970	27 
4971	28 
4972	23 
4973	27 
4974	23 
4975	28 
4976	29 
4977	9 
4978	27 
4979	14 
4980	5 
4981	27 
4982	20 
4983	14 
4984	29 
4985	5 
4986	29 
4987	29 
4988	20 
4989	28 
4990	14 
4991	28 
4992	20 
4993	14 
4994	14 
4995	14 
4996	14 
4997	14 
4998	14 
4999	14 
5000	14 
