1	48 
2	5 
3	100 
4	87 
5	14 
6	56 
7	11 
8	56 
9	72 
10	18 
11	43 
12	18 
13	70 
14	88 
15	4 
16	43 
17	61 
18	61 
19	88 
20	72 
21	59 
22	48 
23	95 
24	37 
25	61 
26	6 
27	91 
28	6 
29	19 
30	65 
31	25 
32	38 
33	38 
34	3 
35	70 
36	67 
37	53 
38	21 
39	85 
40	41 
41	36 
42	28 
43	38 
44	58 
45	85 
46	40 
47	28 
48	60 
49	13 
50	52 
51	19 
52	34 
53	84 
54	13 
55	56 
56	7 
57	45 
58	21 
59	74 
60	69 
61	53 
62	48 
63	64 
64	91 
65	7 
66	41 
67	50 
68	62 
69	51 
70	49 
71	103 
72	102 
73	80 
74	33 
75	98 
76	41 
77	32 
78	26 
79	28 
80	38 
81	17 
82	4 
83	3 
84	67 
85	70 
86	94 
87	32 
88	91 
89	37 
90	92 
91	68 
92	16 
93	67 
94	12 
95	93 
96	44 
97	40 
98	97 
99	50 
100	53 
101	101 
102	21 
103	15 
104	56 
105	97 
106	103 
107	30 
108	49 
109	50 
110	44 
111	100 
112	46 
113	53 
114	51 
115	95 
116	90 
117	90 
118	56 
119	49 
120	67 
121	56 
122	53 
123	97 
124	41 
125	40 
126	34 
127	12 
128	45 
129	102 
130	21 
131	88 
132	80 
133	19 
134	78 
135	72 
136	52 
137	99 
138	80 
139	98 
140	23 
141	5 
142	71 
143	31 
144	17 
145	27 
146	30 
147	88 
148	65 
149	74 
150	13 
151	54 
152	16 
153	7 
154	9 
155	21 
156	53 
157	9 
158	84 
159	38 
160	64 
161	21 
162	8 
163	54 
164	50 
165	43 
166	53 
167	49 
168	38 
169	67 
170	62 
171	56 
172	8 
173	37 
174	36 
175	21 
176	10 
177	72 
178	55 
179	37 
180	85 
181	79 
182	80 
183	98 
184	73 
185	66 
186	104 
187	27 
188	52 
189	38 
190	16 
191	29 
192	84 
193	19 
194	43 
195	79 
196	13 
197	54 
198	4 
199	51 
200	64 
201	84 
202	4 
203	58 
204	52 
205	21 
206	81 
207	49 
208	47 
209	56 
210	78 
211	5 
212	56 
213	89 
214	66 
215	64 
216	17 
217	58 
218	74 
219	84 
220	103 
221	60 
222	1 
223	85 
224	63 
225	13 
226	82 
227	19 
228	81 
229	90 
230	46 
231	33 
232	13 
233	15 
234	45 
235	90 
236	92 
237	96 
238	2 
239	60 
240	73 
241	17 
242	47 
243	11 
244	38 
245	14 
246	32 
247	52 
248	21 
249	32 
250	34 
251	92 
252	83 
253	17 
254	68 
255	68 
256	84 
257	15 
258	17 
259	81 
260	74 
261	43 
262	60 
263	67 
264	53 
265	9 
266	87 
267	55 
268	49 
269	80 
270	2 
271	100 
272	95 
273	101 
274	43 
275	85 
276	52 
277	59 
278	45 
279	31 
280	103 
281	8 
282	43 
283	19 
284	76 
285	58 
286	103 
287	38 
288	82 
289	74 
290	83 
291	38 
292	78 
293	87 
294	30 
295	93 
296	38 
297	71 
298	42 
299	38 
300	16 
301	63 
302	16 
303	102 
304	15 
305	70 
306	75 
307	26 
308	15 
309	83 
310	26 
311	14 
312	41 
313	13 
314	46 
315	34 
316	45 
317	61 
318	99 
319	57 
320	62 
321	62 
322	25 
323	39 
324	63 
325	69 
326	101 
327	104 
328	58 
329	35 
330	70 
331	21 
332	79 
333	11 
334	54 
335	58 
336	80 
337	14 
338	3 
339	1 
340	18 
341	31 
342	50 
343	54 
344	43 
345	5 
346	78 
347	85 
348	85 
349	39 
350	59 
351	101 
352	44 
353	53 
354	35 
355	46 
356	14 
357	54 
358	73 
359	22 
360	77 
361	36 
362	25 
363	93 
364	23 
365	63 
366	31 
367	4 
368	88 
369	102 
370	4 
371	4 
372	34 
373	85 
374	17 
375	57 
376	28 
377	41 
378	44 
379	36 
380	69 
381	61 
382	102 
383	16 
384	45 
385	86 
386	48 
387	5 
388	38 
389	83 
390	79 
391	82 
392	63 
393	52 
394	85 
395	15 
396	43 
397	52 
398	31 
399	26 
400	55 
401	16 
402	65 
403	11 
404	101 
405	45 
406	46 
407	7 
408	87 
409	9 
410	23 
411	56 
412	15 
413	7 
414	97 
415	63 
416	41 
417	88 
418	85 
419	69 
420	37 
421	88 
422	4 
423	104 
424	71 
425	53 
426	27 
427	92 
428	55 
429	30 
430	91 
431	19 
432	19 
433	20 
434	46 
435	76 
436	63 
437	13 
438	77 
439	24 
440	14 
441	21 
442	15 
443	41 
444	28 
445	88 
446	97 
447	83 
448	75 
449	21 
450	53 
451	36 
452	39 
453	40 
454	71 
455	61 
456	72 
457	55 
458	59 
459	43 
460	57 
461	86 
462	46 
463	103 
464	41 
465	14 
466	71 
467	13 
468	78 
469	75 
470	45 
471	57 
472	4 
473	72 
474	79 
475	48 
476	63 
477	20 
478	28 
479	44 
480	34 
481	9 
482	56 
483	36 
484	75 
485	9 
486	29 
487	82 
488	58 
489	53 
490	89 
491	48 
492	31 
493	21 
494	98 
495	11 
496	87 
497	82 
498	15 
499	35 
500	58 
501	32 
502	47 
503	24 
504	47 
505	85 
506	63 
507	14 
508	11 
509	95 
510	25 
511	102 
512	87 
513	44 
514	56 
515	43 
516	38 
517	19 
518	13 
519	16 
520	30 
521	46 
522	6 
523	58 
524	89 
525	72 
526	8 
527	73 
528	60 
529	35 
530	86 
531	83 
532	20 
533	66 
534	45 
535	85 
536	71 
537	75 
538	102 
539	55 
540	41 
541	53 
542	86 
543	17 
544	21 
545	80 
546	77 
547	19 
548	16 
549	66 
550	103 
551	57 
552	22 
553	13 
554	10 
555	13 
556	51 
557	83 
558	72 
559	103 
560	55 
561	52 
562	79 
563	72 
564	93 
565	67 
566	56 
567	47 
568	43 
569	85 
570	19 
571	60 
572	31 
573	59 
574	93 
575	21 
576	31 
577	70 
578	5 
579	5 
580	104 
581	75 
582	66 
583	104 
584	99 
585	72 
586	100 
587	48 
588	63 
589	38 
590	71 
591	82 
592	96 
593	74 
594	33 
595	56 
596	44 
597	38 
598	91 
599	22 
600	104 
601	79 
602	56 
603	100 
604	15 
605	19 
606	75 
607	88 
608	40 
609	60 
610	21 
611	96 
612	11 
613	45 
614	84 
615	5 
616	36 
617	71 
618	83 
619	15 
620	13 
621	2 
622	62 
623	81 
624	59 
625	98 
626	22 
627	75 
628	67 
629	38 
630	67 
631	102 
632	67 
633	103 
634	78 
635	90 
636	44 
637	83 
638	43 
639	103 
640	90 
641	32 
642	69 
643	85 
644	20 
645	14 
646	44 
647	8 
648	83 
649	85 
650	14 
651	62 
652	89 
653	103 
654	10 
655	73 
656	22 
657	33 
658	2 
659	104 
660	97 
661	18 
662	61 
663	31 
664	88 
665	53 
666	44 
667	54 
668	100 
669	16 
670	90 
671	21 
672	14 
673	63 
674	66 
675	80 
676	45 
677	88 
678	75 
679	74 
680	48 
681	52 
682	2 
683	76 
684	14 
685	13 
686	45 
687	54 
688	2 
689	6 
690	46 
691	19 
692	85 
693	75 
694	80 
695	33 
696	60 
697	97 
698	46 
699	69 
700	37 
701	104 
702	83 
703	78 
704	44 
705	23 
706	72 
707	73 
708	19 
709	47 
710	72 
711	34 
712	60 
713	84 
714	45 
715	55 
716	32 
717	61 
718	41 
719	14 
720	103 
721	43 
722	76 
723	37 
724	15 
725	35 
726	75 
727	92 
728	7 
729	90 
730	67 
731	18 
732	76 
733	74 
734	13 
735	82 
736	67 
737	15 
738	92 
739	15 
740	13 
741	61 
742	24 
743	21 
744	53 
745	32 
746	85 
747	55 
748	88 
749	6 
750	40 
751	21 
752	90 
753	34 
754	27 
755	30 
756	28 
757	87 
758	22 
759	31 
760	88 
761	33 
762	71 
763	74 
764	48 
765	38 
766	15 
767	15 
768	69 
769	13 
770	47 
771	15 
772	63 
773	57 
774	55 
775	43 
776	42 
777	20 
778	103 
779	71 
780	2 
781	23 
782	51 
783	4 
784	57 
785	16 
786	92 
787	66 
788	49 
789	58 
790	104 
791	21 
792	75 
793	5 
794	47 
795	11 
796	75 
797	59 
798	17 
799	82 
800	86 
801	70 
802	64 
803	80 
804	81 
805	2 
806	56 
807	71 
808	89 
809	38 
810	23 
811	6 
812	31 
813	61 
814	55 
815	5 
816	101 
817	84 
818	34 
819	88 
820	63 
821	38 
822	67 
823	66 
824	67 
825	38 
826	104 
827	83 
828	63 
829	44 
830	17 
831	45 
832	79 
833	92 
834	77 
835	104 
836	77 
837	92 
838	74 
839	93 
840	98 
841	28 
842	89 
843	49 
844	8 
845	32 
846	41 
847	74 
848	8 
849	6 
850	80 
851	78 
852	103 
853	34 
854	37 
855	2 
856	11 
857	65 
858	87 
859	94 
860	21 
861	38 
862	45 
863	54 
864	50 
865	28 
866	17 
867	86 
868	34 
869	81 
870	64 
871	103 
872	50 
873	39 
874	69 
875	64 
876	28 
877	41 
878	63 
879	45 
880	10 
881	57 
882	9 
883	4 
884	88 
885	103 
886	93 
887	79 
888	11 
889	15 
890	51 
891	55 
892	69 
893	92 
894	73 
895	62 
896	38 
897	66 
898	27 
899	91 
900	12 
901	59 
902	84 
903	61 
904	39 
905	44 
906	28 
907	70 
908	58 
909	53 
910	90 
911	1 
912	77 
913	55 
914	28 
915	102 
916	71 
917	37 
918	6 
919	33 
920	14 
921	38 
922	96 
923	38 
924	27 
925	2 
926	96 
927	54 
928	21 
929	70 
930	85 
931	78 
932	59 
933	18 
934	97 
935	36 
936	76 
937	46 
938	97 
939	93 
940	43 
941	39 
942	76 
943	71 
944	26 
945	48 
946	8 
947	19 
948	82 
949	85 
950	95 
951	57 
952	17 
953	24 
954	91 
955	87 
956	61 
957	23 
958	52 
959	34 
960	53 
961	103 
962	51 
963	87 
964	58 
965	61 
966	8 
967	15 
968	29 
969	99 
970	82 
971	51 
972	32 
973	40 
974	19 
975	19 
976	63 
977	35 
978	42 
979	39 
980	84 
981	58 
982	83 
983	38 
984	80 
985	71 
986	38 
987	21 
988	75 
989	34 
990	26 
991	72 
992	55 
993	64 
994	1 
995	24 
996	84 
997	79 
998	30 
999	89 
1000	16 
1001	43 
1002	31 
1003	9 
1004	45 
1005	29 
1006	93 
1007	102 
1008	56 
1009	60 
1010	102 
1011	2 
1012	58 
1013	24 
1014	53 
1015	71 
1016	81 
1017	3 
1018	15 
1019	71 
1020	21 
1021	30 
1022	38 
1023	76 
1024	97 
1025	18 
1026	46 
1027	87 
1028	40 
1029	39 
1030	88 
1031	72 
1032	30 
1033	22 
1034	75 
1035	59 
1036	21 
1037	73 
1038	53 
1039	60 
1040	55 
1041	55 
1042	69 
1043	5 
1044	80 
1045	44 
1046	38 
1047	40 
1048	16 
1049	93 
1050	60 
1051	52 
1052	82 
1053	64 
1054	53 
1055	6 
1056	21 
1057	31 
1058	20 
1059	60 
1060	78 
1061	49 
1062	34 
1063	41 
1064	49 
1065	13 
1066	4 
1067	85 
1068	80 
1069	85 
1070	21 
1071	41 
1072	89 
1073	90 
1074	90 
1075	36 
1076	58 
1077	68 
1078	90 
1079	95 
1080	61 
1081	63 
1082	79 
1083	33 
1084	46 
1085	12 
1086	101 
1087	37 
1088	75 
1089	65 
1090	100 
1091	96 
1092	34 
1093	102 
1094	3 
1095	39 
1096	56 
1097	23 
1098	30 
1099	59 
1100	78 
1101	101 
1102	93 
1103	21 
1104	100 
1105	56 
1106	37 
1107	39 
1108	80 
1109	38 
1110	38 
1111	46 
1112	61 
1113	60 
1114	41 
1115	30 
1116	13 
1117	53 
1118	46 
1119	59 
1120	45 
1121	50 
1122	55 
1123	27 
1124	83 
1125	31 
1126	88 
1127	51 
1128	51 
1129	33 
1130	43 
1131	30 
1132	28 
1133	95 
1134	78 
1135	32 
1136	42 
1137	73 
1138	81 
1139	103 
1140	80 
1141	60 
1142	10 
1143	21 
1144	57 
1145	80 
1146	79 
1147	82 
1148	15 
1149	31 
1150	2 
1151	13 
1152	84 
1153	61 
1154	89 
1155	58 
1156	73 
1157	50 
1158	49 
1159	28 
1160	53 
1161	70 
1162	95 
1163	88 
1164	31 
1165	4 
1166	30 
1167	53 
1168	102 
1169	47 
1170	45 
1171	87 
1172	47 
1173	40 
1174	38 
1175	53 
1176	19 
1177	14 
1178	37 
1179	104 
1180	70 
1181	90 
1182	98 
1183	80 
1184	32 
1185	33 
1186	34 
1187	53 
1188	22 
1189	68 
1190	46 
1191	60 
1192	83 
1193	94 
1194	95 
1195	19 
1196	30 
1197	82 
1198	97 
1199	74 
1200	40 
1201	60 
1202	50 
1203	21 
1204	24 
1205	13 
1206	11 
1207	79 
1208	28 
1209	11 
1210	78 
1211	55 
1212	85 
1213	44 
1214	56 
1215	56 
1216	61 
1217	44 
1218	96 
1219	64 
1220	21 
1221	43 
1222	27 
1223	50 
1224	49 
1225	85 
1226	20 
1227	69 
1228	58 
1229	61 
1230	66 
1231	6 
1232	18 
1233	87 
1234	98 
1235	102 
1236	37 
1237	5 
1238	69 
1239	3 
1240	47 
1241	84 
1242	82 
1243	34 
1244	18 
1245	37 
1246	58 
1247	55 
1248	85 
1249	77 
1250	1 
1251	13 
1252	94 
1253	49 
1254	61 
1255	13 
1256	87 
1257	64 
1258	59 
1259	92 
1260	29 
1261	91 
1262	56 
1263	54 
1264	80 
1265	46 
1266	81 
1267	30 
1268	53 
1269	39 
1270	31 
1271	50 
1272	53 
1273	85 
1274	9 
1275	84 
1276	30 
1277	56 
1278	44 
1279	21 
1280	104 
1281	94 
1282	57 
1283	65 
1284	60 
1285	37 
1286	45 
1287	85 
1288	30 
1289	97 
1290	26 
1291	38 
1292	76 
1293	89 
1294	43 
1295	26 
1296	103 
1297	55 
1298	7 
1299	33 
1300	9 
1301	48 
1302	14 
1303	81 
1304	53 
1305	56 
1306	84 
1307	12 
1308	1 
1309	55 
1310	83 
1311	74 
1312	13 
1313	86 
1314	87 
1315	18 
1316	79 
1317	94 
1318	97 
1319	43 
1320	84 
1321	103 
1322	77 
1323	91 
1324	54 
1325	15 
1326	76 
1327	5 
1328	13 
1329	26 
1330	50 
1331	79 
1332	11 
1333	15 
1334	80 
1335	85 
1336	45 
1337	61 
1338	80 
1339	91 
1340	31 
1341	55 
1342	46 
1343	10 
1344	21 
1345	96 
1346	53 
1347	64 
1348	45 
1349	76 
1350	16 
1351	84 
1352	28 
1353	32 
1354	69 
1355	101 
1356	1 
1357	62 
1358	70 
1359	90 
1360	8 
1361	5 
1362	56 
1363	19 
1364	73 
1365	35 
1366	82 
1367	61 
1368	20 
1369	72 
1370	48 
1371	50 
1372	53 
1373	100 
1374	71 
1375	17 
1376	83 
1377	55 
1378	86 
1379	19 
1380	66 
1381	46 
1382	46 
1383	39 
1384	74 
1385	41 
1386	38 
1387	34 
1388	64 
1389	55 
1390	88 
1391	1 
1392	76 
1393	102 
1394	81 
1395	71 
1396	104 
1397	2 
1398	33 
1399	16 
1400	71 
1401	46 
1402	1 
1403	69 
1404	1 
1405	83 
1406	7 
1407	58 
1408	77 
1409	71 
1410	79 
1411	27 
1412	51 
1413	3 
1414	98 
1415	24 
1416	68 
1417	38 
1418	38 
1419	99 
1420	102 
1421	3 
1422	61 
1423	52 
1424	100 
1425	6 
1426	55 
1427	42 
1428	90 
1429	53 
1430	37 
1431	53 
1432	15 
1433	72 
1434	13 
1435	36 
1436	60 
1437	10 
1438	3 
1439	83 
1440	1 
1441	76 
1442	49 
1443	83 
1444	96 
1445	68 
1446	1 
1447	66 
1448	10 
1449	69 
1450	7 
1451	45 
1452	64 
1453	11 
1454	47 
1455	100 
1456	50 
1457	50 
1458	19 
1459	67 
1460	11 
1461	21 
1462	84 
1463	75 
1464	91 
1465	35 
1466	8 
1467	31 
1468	80 
1469	88 
1470	49 
1471	80 
1472	35 
1473	10 
1474	84 
1475	72 
1476	5 
1477	85 
1478	69 
1479	19 
1480	17 
1481	18 
1482	103 
1483	89 
1484	63 
1485	16 
1486	8 
1487	102 
1488	66 
1489	83 
1490	9 
1491	43 
1492	20 
1493	5 
1494	56 
1495	85 
1496	75 
1497	33 
1498	94 
1499	69 
1500	3 
1501	38 
1502	30 
1503	74 
1504	81 
1505	34 
1506	17 
1507	51 
1508	88 
1509	58 
1510	55 
1511	29 
1512	77 
1513	30 
1514	79 
1515	2 
1516	66 
1517	52 
1518	17 
1519	102 
1520	51 
1521	98 
1522	52 
1523	71 
1524	44 
1525	95 
1526	76 
1527	93 
1528	6 
1529	39 
1530	41 
1531	89 
1532	85 
1533	5 
1534	56 
1535	89 
1536	49 
1537	55 
1538	6 
1539	13 
1540	53 
1541	45 
1542	35 
1543	80 
1544	39 
1545	77 
1546	13 
1547	83 
1548	21 
1549	79 
1550	12 
1551	32 
1552	35 
1553	90 
1554	73 
1555	72 
1556	70 
1557	61 
1558	64 
1559	31 
1560	103 
1561	71 
1562	80 
1563	11 
1564	83 
1565	92 
1566	82 
1567	57 
1568	34 
1569	82 
1570	75 
1571	46 
1572	73 
1573	48 
1574	65 
1575	86 
1576	82 
1577	32 
1578	98 
1579	72 
1580	90 
1581	56 
1582	7 
1583	55 
1584	87 
1585	31 
1586	21 
1587	88 
1588	30 
1589	8 
1590	90 
1591	19 
1592	12 
1593	35 
1594	34 
1595	101 
1596	11 
1597	70 
1598	100 
1599	34 
1600	99 
1601	56 
1602	69 
1603	72 
1604	61 
1605	14 
1606	89 
1607	51 
1608	45 
1609	15 
1610	83 
1611	34 
1612	53 
1613	44 
1614	79 
1615	2 
1616	20 
1617	87 
1618	41 
1619	31 
1620	67 
1621	11 
1622	76 
1623	101 
1624	53 
1625	46 
1626	19 
1627	32 
1628	101 
1629	54 
1630	7 
1631	54 
1632	76 
1633	46 
1634	83 
1635	42 
1636	44 
1637	88 
1638	44 
1639	104 
1640	69 
1641	56 
1642	48 
1643	8 
1644	34 
1645	101 
1646	49 
1647	66 
1648	18 
1649	68 
1650	33 
1651	81 
1652	23 
1653	91 
1654	31 
1655	84 
1656	5 
1657	69 
1658	36 
1659	66 
1660	103 
1661	35 
1662	81 
1663	56 
1664	19 
1665	34 
1666	11 
1667	49 
1668	53 
1669	41 
1670	81 
1671	38 
1672	76 
1673	68 
1674	21 
1675	67 
1676	18 
1677	79 
1678	59 
1679	53 
1680	67 
1681	88 
1682	53 
1683	16 
1684	16 
1685	60 
1686	5 
1687	50 
1688	20 
1689	4 
1690	31 
1691	43 
1692	41 
1693	41 
1694	16 
1695	66 
1696	89 
1697	25 
1698	76 
1699	55 
1700	63 
1701	58 
1702	30 
1703	28 
1704	102 
1705	52 
1706	83 
1707	8 
1708	13 
1709	34 
1710	49 
1711	14 
1712	64 
1713	46 
1714	31 
1715	104 
1716	25 
1717	1 
1718	19 
1719	64 
1720	72 
1721	34 
1722	8 
1723	43 
1724	91 
1725	44 
1726	27 
1727	103 
1728	69 
1729	55 
1730	66 
1731	92 
1732	56 
1733	47 
1734	84 
1735	39 
1736	97 
1737	90 
1738	31 
1739	46 
1740	84 
1741	46 
1742	75 
1743	32 
1744	90 
1745	46 
1746	20 
1747	29 
1748	34 
1749	28 
1750	46 
1751	35 
1752	63 
1753	53 
1754	33 
1755	98 
1756	85 
1757	10 
1758	69 
1759	55 
1760	90 
1761	55 
1762	13 
1763	63 
1764	97 
1765	85 
1766	69 
1767	24 
1768	8 
1769	85 
1770	84 
1771	64 
1772	17 
1773	29 
1774	49 
1775	71 
1776	18 
1777	32 
1778	102 
1779	43 
1780	34 
1781	45 
1782	59 
1783	98 
1784	104 
1785	8 
1786	16 
1787	64 
1788	88 
1789	51 
1790	92 
1791	31 
1792	101 
1793	79 
1794	65 
1795	42 
1796	30 
1797	5 
1798	65 
1799	22 
1800	8 
1801	81 
1802	79 
1803	19 
1804	30 
1805	43 
1806	80 
1807	90 
1808	88 
1809	104 
1810	76 
1811	12 
1812	9 
1813	64 
1814	24 
1815	31 
1816	28 
1817	84 
1818	99 
1819	92 
1820	97 
1821	69 
1822	61 
1823	72 
1824	73 
1825	84 
1826	59 
1827	92 
1828	75 
1829	21 
1830	21 
1831	20 
1832	66 
1833	104 
1834	77 
1835	31 
1836	46 
1837	55 
1838	27 
1839	54 
1840	49 
1841	70 
1842	81 
1843	56 
1844	44 
1845	15 
1846	97 
1847	3 
1848	80 
1849	7 
1850	8 
1851	70 
1852	6 
1853	33 
1854	84 
1855	19 
1856	6 
1857	46 
1858	13 
1859	45 
1860	60 
1861	97 
1862	61 
1863	95 
1864	102 
1865	96 
1866	60 
1867	59 
1868	23 
1869	44 
1870	94 
1871	56 
1872	55 
1873	32 
1874	82 
1875	79 
1876	34 
1877	71 
1878	26 
1879	85 
1880	6 
1881	69 
1882	62 
1883	78 
1884	3 
1885	38 
1886	76 
1887	98 
1888	31 
1889	64 
1890	55 
1891	61 
1892	81 
1893	30 
1894	85 
1895	14 
1896	54 
1897	80 
1898	60 
1899	31 
1900	16 
1901	83 
1902	70 
1903	62 
1904	21 
1905	15 
1906	50 
1907	79 
1908	38 
1909	15 
1910	10 
1911	55 
1912	76 
1913	23 
1914	45 
1915	88 
1916	53 
1917	7 
1918	93 
1919	39 
1920	8 
1921	52 
1922	104 
1923	38 
1924	102 
1925	86 
1926	14 
1927	9 
1928	66 
1929	10 
1930	74 
1931	82 
1932	6 
1933	28 
1934	93 
1935	66 
1936	99 
1937	70 
1938	56 
1939	17 
1940	82 
1941	43 
1942	55 
1943	60 
1944	50 
1945	84 
1946	76 
1947	101 
1948	51 
1949	30 
1950	15 
1951	30 
1952	32 
1953	68 
1954	43 
1955	52 
1956	44 
1957	35 
1958	20 
1959	58 
1960	58 
1961	18 
1962	22 
1963	34 
1964	88 
1965	97 
1966	65 
1967	80 
1968	21 
1969	55 
1970	94 
1971	90 
1972	46 
1973	95 
1974	61 
1975	45 
1976	1 
1977	59 
1978	39 
1979	69 
1980	52 
1981	6 
1982	22 
1983	45 
1984	101 
1985	7 
1986	103 
1987	64 
1988	44 
1989	61 
1990	1 
1991	6 
1992	18 
1993	10 
1994	43 
1995	11 
1996	42 
1997	38 
1998	10 
1999	5 
2000	17 
2001	28 
2002	56 
2003	47 
2004	37 
2005	4 
2006	84 
2007	50 
2008	74 
2009	15 
2010	45 
2011	81 
2012	52 
2013	104 
2014	58 
2015	64 
2016	75 
2017	47 
2018	78 
2019	95 
2020	56 
2021	89 
2022	45 
2023	17 
2024	57 
2025	6 
2026	66 
2027	74 
2028	49 
2029	84 
2030	30 
2031	76 
2032	3 
2033	74 
2034	88 
2035	19 
2036	43 
2037	49 
2038	25 
2039	56 
2040	59 
2041	81 
2042	102 
2043	87 
2044	52 
2045	3 
2046	41 
2047	63 
2048	69 
2049	103 
2050	61 
2051	20 
2052	56 
2053	21 
2054	69 
2055	34 
2056	86 
2057	17 
2058	77 
2059	41 
2060	42 
2061	84 
2062	22 
2063	74 
2064	57 
2065	104 
2066	58 
2067	54 
2068	79 
2069	74 
2070	18 
2071	38 
2072	60 
2073	3 
2074	54 
2075	92 
2076	46 
2077	30 
2078	65 
2079	67 
2080	10 
2081	102 
2082	4 
2083	21 
2084	31 
2085	85 
2086	29 
2087	10 
2088	3 
2089	67 
2090	87 
2091	31 
2092	100 
2093	91 
2094	92 
2095	80 
2096	60 
2097	9 
2098	46 
2099	69 
2100	3 
2101	45 
2102	53 
2103	82 
2104	102 
2105	89 
2106	16 
2107	86 
2108	66 
2109	24 
2110	45 
2111	6 
2112	53 
2113	84 
2114	16 
2115	84 
2116	13 
2117	6 
2118	58 
2119	23 
2120	23 
2121	44 
2122	34 
2123	45 
2124	90 
2125	57 
2126	45 
2127	102 
2128	57 
2129	10 
2130	12 
2131	2 
2132	5 
2133	53 
2134	95 
2135	101 
2136	53 
2137	19 
2138	80 
2139	17 
2140	101 
2141	49 
2142	53 
2143	83 
2144	7 
2145	50 
2146	103 
2147	51 
2148	90 
2149	31 
2150	55 
2151	15 
2152	72 
2153	63 
2154	43 
2155	30 
2156	50 
2157	93 
2158	37 
2159	54 
2160	61 
2161	33 
2162	59 
2163	12 
2164	95 
2165	46 
2166	101 
2167	97 
2168	45 
2169	67 
2170	34 
2171	23 
2172	88 
2173	56 
2174	56 
2175	14 
2176	38 
2177	95 
2178	30 
2179	14 
2180	66 
2181	13 
2182	76 
2183	5 
2184	6 
2185	63 
2186	27 
2187	53 
2188	83 
2189	21 
2190	91 
2191	50 
2192	8 
2193	31 
2194	98 
2195	91 
2196	46 
2197	68 
2198	92 
2199	10 
2200	61 
2201	60 
2202	16 
2203	99 
2204	86 
2205	69 
2206	23 
2207	81 
2208	20 
2209	89 
2210	93 
2211	21 
2212	98 
2213	67 
2214	35 
2215	59 
2216	17 
2217	45 
2218	90 
2219	43 
2220	15 
2221	41 
2222	30 
2223	15 
2224	9 
2225	2 
2226	53 
2227	19 
2228	74 
2229	75 
2230	89 
2231	52 
2232	14 
2233	6 
2234	28 
2235	98 
2236	38 
2237	84 
2238	45 
2239	86 
2240	44 
2241	56 
2242	69 
2243	85 
2244	99 
2245	99 
2246	85 
2247	7 
2248	22 
2249	71 
2250	21 
2251	24 
2252	34 
2253	45 
2254	4 
2255	64 
2256	81 
2257	88 
2258	41 
2259	45 
2260	84 
2261	47 
2262	103 
2263	30 
2264	40 
2265	32 
2266	45 
2267	84 
2268	75 
2269	30 
2270	59 
2271	15 
2272	99 
2273	30 
2274	15 
2275	76 
2276	32 
2277	13 
2278	85 
2279	80 
2280	48 
2281	14 
2282	90 
2283	8 
2284	38 
2285	72 
2286	3 
2287	4 
2288	57 
2289	91 
2290	32 
2291	5 
2292	80 
2293	68 
2294	49 
2295	103 
2296	34 
2297	68 
2298	36 
2299	69 
2300	13 
2301	15 
2302	64 
2303	41 
2304	25 
2305	62 
2306	7 
2307	95 
2308	7 
2309	28 
2310	51 
2311	13 
2312	64 
2313	24 
2314	56 
2315	48 
2316	85 
2317	36 
2318	56 
2319	75 
2320	50 
2321	12 
2322	80 
2323	64 
2324	50 
2325	57 
2326	64 
2327	39 
2328	89 
2329	47 
2330	21 
2331	54 
2332	34 
2333	43 
2334	81 
2335	88 
2336	1 
2337	37 
2338	52 
2339	62 
2340	57 
2341	60 
2342	33 
2343	16 
2344	17 
2345	64 
2346	94 
2347	3 
2348	2 
2349	21 
2350	2 
2351	78 
2352	104 
2353	9 
2354	31 
2355	63 
2356	41 
2357	19 
2358	17 
2359	26 
2360	72 
2361	66 
2362	11 
2363	55 
2364	35 
2365	16 
2366	17 
2367	71 
2368	11 
2369	15 
2370	7 
2371	83 
2372	15 
2373	97 
2374	90 
2375	57 
2376	80 
2377	84 
2378	91 
2379	61 
2380	100 
2381	58 
2382	79 
2383	4 
2384	52 
2385	86 
2386	84 
2387	25 
2388	19 
2389	60 
2390	91 
2391	41 
2392	63 
2393	15 
2394	31 
2395	60 
2396	25 
2397	13 
2398	15 
2399	28 
2400	9 
2401	39 
2402	52 
2403	88 
2404	75 
2405	72 
2406	5 
2407	66 
2408	76 
2409	88 
2410	86 
2411	59 
2412	28 
2413	13 
2414	75 
2415	16 
2416	30 
2417	49 
2418	13 
2419	71 
2420	63 
2421	46 
2422	11 
2423	47 
2424	50 
2425	13 
2426	43 
2427	28 
2428	82 
2429	93 
2430	45 
2431	104 
2432	70 
2433	71 
2434	52 
2435	35 
2436	34 
2437	35 
2438	25 
2439	5 
2440	36 
2441	95 
2442	41 
2443	16 
2444	22 
2445	71 
2446	49 
2447	85 
2448	22 
2449	94 
2450	27 
2451	27 
2452	61 
2453	83 
2454	53 
2455	24 
2456	41 
2457	4 
2458	3 
2459	91 
2460	61 
2461	50 
2462	60 
2463	53 
2464	101 
2465	85 
2466	18 
2467	17 
2468	29 
2469	53 
2470	49 
2471	61 
2472	8 
2473	13 
2474	69 
2475	68 
2476	37 
2477	81 
2478	53 
2479	15 
2480	61 
2481	50 
2482	86 
2483	47 
2484	3 
2485	9 
2486	63 
2487	90 
2488	42 
2489	80 
2490	22 
2491	3 
2492	35 
2493	42 
2494	104 
2495	71 
2496	96 
2497	44 
2498	55 
2499	76 
2500	39 
2501	74 
2502	4 
2503	78 
2504	19 
2505	94 
2506	101 
2507	23 
2508	9 
2509	69 
2510	31 
2511	42 
2512	8 
2513	81 
2514	73 
2515	10 
2516	81 
2517	45 
2518	25 
2519	95 
2520	80 
2521	77 
2522	49 
2523	14 
2524	103 
2525	45 
2526	15 
2527	50 
2528	29 
2529	13 
2530	102 
2531	19 
2532	103 
2533	60 
2534	28 
2535	41 
2536	51 
2537	51 
2538	55 
2539	85 
2540	34 
2541	70 
2542	72 
2543	41 
2544	58 
2545	103 
2546	30 
2547	11 
2548	1 
2549	75 
2550	59 
2551	40 
2552	61 
2553	83 
2554	103 
2555	89 
2556	9 
2557	44 
2558	50 
2559	103 
2560	12 
2561	84 
2562	57 
2563	102 
2564	28 
2565	93 
2566	20 
2567	42 
2568	41 
2569	37 
2570	63 
2571	61 
2572	85 
2573	60 
2574	91 
2575	53 
2576	64 
2577	21 
2578	104 
2579	38 
2580	101 
2581	50 
2582	102 
2583	79 
2584	77 
2585	61 
2586	10 
2587	38 
2588	48 
2589	85 
2590	73 
2591	87 
2592	57 
2593	24 
2594	101 
2595	43 
2596	82 
2597	76 
2598	28 
2599	104 
2600	51 
2601	7 
2602	9 
2603	16 
2604	39 
2605	31 
2606	40 
2607	88 
2608	36 
2609	98 
2610	16 
2611	82 
2612	33 
2613	61 
2614	13 
2615	103 
2616	82 
2617	64 
2618	81 
2619	79 
2620	48 
2621	17 
2622	17 
2623	30 
2624	78 
2625	95 
2626	74 
2627	16 
2628	55 
2629	34 
2630	18 
2631	12 
2632	82 
2633	14 
2634	66 
2635	68 
2636	49 
2637	79 
2638	18 
2639	22 
2640	65 
2641	16 
2642	90 
2643	4 
2644	48 
2645	14 
2646	62 
2647	84 
2648	91 
2649	27 
2650	68 
2651	86 
2652	71 
2653	93 
2654	55 
2655	11 
2656	12 
2657	60 
2658	84 
2659	57 
2660	42 
2661	46 
2662	69 
2663	38 
2664	45 
2665	23 
2666	15 
2667	49 
2668	31 
2669	53 
2670	34 
2671	25 
2672	74 
2673	85 
2674	28 
2675	66 
2676	44 
2677	54 
2678	57 
2679	83 
2680	10 
2681	30 
2682	61 
2683	98 
2684	52 
2685	60 
2686	98 
2687	103 
2688	32 
2689	14 
2690	42 
2691	32 
2692	35 
2693	58 
2694	34 
2695	58 
2696	35 
2697	33 
2698	30 
2699	89 
2700	56 
2701	53 
2702	70 
2703	41 
2704	2 
2705	17 
2706	37 
2707	80 
2708	5 
2709	29 
2710	8 
2711	89 
2712	45 
2713	7 
2714	43 
2715	57 
2716	26 
2717	61 
2718	74 
2719	84 
2720	104 
2721	72 
2722	82 
2723	44 
2724	32 
2725	6 
2726	41 
2727	87 
2728	42 
2729	69 
2730	19 
2731	38 
2732	83 
2733	46 
2734	38 
2735	18 
2736	14 
2737	60 
2738	15 
2739	86 
2740	38 
2741	77 
2742	2 
2743	17 
2744	72 
2745	6 
2746	55 
2747	43 
2748	14 
2749	10 
2750	71 
2751	89 
2752	26 
2753	46 
2754	45 
2755	47 
2756	7 
2757	43 
2758	84 
2759	19 
2760	72 
2761	33 
2762	89 
2763	27 
2764	8 
2765	30 
2766	21 
2767	78 
2768	47 
2769	80 
2770	7 
2771	51 
2772	71 
2773	75 
2774	73 
2775	19 
2776	87 
2777	65 
2778	49 
2779	62 
2780	68 
2781	30 
2782	74 
2783	75 
2784	6 
2785	46 
2786	11 
2787	38 
2788	2 
2789	10 
2790	15 
2791	88 
2792	57 
2793	64 
2794	46 
2795	38 
2796	13 
2797	79 
2798	80 
2799	61 
2800	71 
2801	83 
2802	14 
2803	102 
2804	8 
2805	41 
2806	58 
2807	85 
2808	65 
2809	59 
2810	74 
2811	48 
2812	11 
2813	30 
2814	28 
2815	85 
2816	30 
2817	21 
2818	68 
2819	48 
2820	17 
2821	87 
2822	51 
2823	99 
2824	55 
2825	46 
2826	59 
2827	15 
2828	53 
2829	59 
2830	67 
2831	14 
2832	97 
2833	43 
2834	11 
2835	4 
2836	102 
2837	38 
2838	54 
2839	35 
2840	59 
2841	75 
2842	30 
2843	44 
2844	67 
2845	102 
2846	41 
2847	51 
2848	101 
2849	102 
2850	52 
2851	50 
2852	15 
2853	55 
2854	49 
2855	12 
2856	41 
2857	9 
2858	103 
2859	60 
2860	64 
2861	104 
2862	63 
2863	102 
2864	58 
2865	15 
2866	92 
2867	45 
2868	94 
2869	19 
2870	2 
2871	82 
2872	88 
2873	102 
2874	16 
2875	64 
2876	43 
2877	3 
2878	9 
2879	61 
2880	66 
2881	63 
2882	22 
2883	9 
2884	93 
2885	49 
2886	24 
2887	1 
2888	80 
2889	64 
2890	62 
2891	68 
2892	50 
2893	84 
2894	15 
2895	14 
2896	84 
2897	18 
2898	93 
2899	64 
2900	65 
2901	21 
2902	39 
2903	91 
2904	83 
2905	19 
2906	90 
2907	7 
2908	27 
2909	55 
2910	16 
2911	19 
2912	53 
2913	41 
2914	61 
2915	84 
2916	14 
2917	83 
2918	55 
2919	12 
2920	58 
2921	94 
2922	27 
2923	15 
2924	94 
2925	61 
2926	102 
2927	29 
2928	19 
2929	99 
2930	34 
2931	4 
2932	89 
2933	45 
2934	55 
2935	80 
2936	18 
2937	23 
2938	10 
2939	50 
2940	82 
2941	80 
2942	96 
2943	14 
2944	84 
2945	79 
2946	79 
2947	9 
2948	73 
2949	9 
2950	34 
2951	38 
2952	15 
2953	34 
2954	80 
2955	44 
2956	16 
2957	14 
2958	98 
2959	11 
2960	69 
2961	15 
2962	72 
2963	71 
2964	14 
2965	72 
2966	51 
2967	71 
2968	38 
2969	78 
2970	58 
2971	40 
2972	35 
2973	18 
2974	62 
2975	21 
2976	17 
2977	19 
2978	47 
2979	3 
2980	79 
2981	31 
2982	55 
2983	90 
2984	45 
2985	98 
2986	100 
2987	55 
2988	34 
2989	59 
2990	76 
2991	71 
2992	87 
2993	92 
2994	74 
2995	30 
2996	53 
2997	19 
2998	66 
2999	71 
3000	79 
3001	57 
3002	89 
3003	96 
3004	69 
3005	31 
3006	45 
3007	81 
3008	57 
3009	61 
3010	89 
3011	66 
3012	98 
3013	83 
3014	25 
3015	94 
3016	21 
3017	36 
3018	31 
3019	25 
3020	63 
3021	101 
3022	17 
3023	11 
3024	66 
3025	76 
3026	97 
3027	40 
3028	56 
3029	7 
3030	90 
3031	14 
3032	40 
3033	60 
3034	9 
3035	93 
3036	45 
3037	58 
3038	62 
3039	77 
3040	21 
3041	82 
3042	72 
3043	53 
3044	77 
3045	49 
3046	102 
3047	24 
3048	80 
3049	17 
3050	36 
3051	71 
3052	64 
3053	78 
3054	21 
3055	2 
3056	16 
3057	88 
3058	56 
3059	37 
3060	3 
3061	1 
3062	89 
3063	62 
3064	80 
3065	98 
3066	5 
3067	68 
3068	53 
3069	85 
3070	60 
3071	1 
3072	22 
3073	78 
3074	84 
3075	62 
3076	47 
3077	56 
3078	72 
3079	73 
3080	6 
3081	96 
3082	68 
3083	43 
3084	98 
3085	104 
3086	32 
3087	85 
3088	45 
3089	85 
3090	5 
3091	21 
3092	83 
3093	30 
3094	53 
3095	40 
3096	98 
3097	66 
3098	74 
3099	50 
3100	82 
3101	80 
3102	4 
3103	102 
3104	62 
3105	11 
3106	66 
3107	26 
3108	72 
3109	9 
3110	83 
3111	44 
3112	52 
3113	92 
3114	41 
3115	5 
3116	58 
3117	56 
3118	14 
3119	79 
3120	34 
3121	58 
3122	38 
3123	18 
3124	95 
3125	16 
3126	44 
3127	96 
3128	22 
3129	33 
3130	55 
3131	38 
3132	31 
3133	93 
3134	23 
3135	65 
3136	48 
3137	96 
3138	30 
3139	101 
3140	103 
3141	102 
3142	2 
3143	51 
3144	17 
3145	85 
3146	82 
3147	102 
3148	15 
3149	64 
3150	15 
3151	45 
3152	46 
3153	11 
3154	57 
3155	53 
3156	57 
3157	55 
3158	65 
3159	7 
3160	25 
3161	41 
3162	19 
3163	45 
3164	49 
3165	100 
3166	75 
3167	28 
3168	49 
3169	94 
3170	58 
3171	51 
3172	15 
3173	16 
3174	55 
3175	19 
3176	57 
3177	58 
3178	55 
3179	49 
3180	17 
3181	38 
3182	19 
3183	48 
3184	103 
3185	83 
3186	47 
3187	97 
3188	75 
3189	97 
3190	62 
3191	45 
3192	88 
3193	33 
3194	74 
3195	53 
3196	75 
3197	39 
3198	67 
3199	103 
3200	41 
3201	38 
3202	56 
3203	77 
3204	80 
3205	54 
3206	2 
3207	96 
3208	85 
3209	52 
3210	85 
3211	49 
3212	38 
3213	33 
3214	57 
3215	71 
3216	93 
3217	18 
3218	80 
3219	98 
3220	46 
3221	5 
3222	15 
3223	37 
3224	67 
3225	21 
3226	50 
3227	19 
3228	49 
3229	80 
3230	44 
3231	69 
3232	44 
3233	21 
3234	61 
3235	70 
3236	21 
3237	64 
3238	30 
3239	80 
3240	80 
3241	79 
3242	11 
3243	19 
3244	71 
3245	4 
3246	30 
3247	56 
3248	47 
3249	19 
3250	38 
3251	60 
3252	26 
3253	56 
3254	78 
3255	95 
3256	101 
3257	83 
3258	41 
3259	50 
3260	84 
3261	35 
3262	63 
3263	17 
3264	103 
3265	85 
3266	66 
3267	26 
3268	92 
3269	72 
3270	99 
3271	21 
3272	76 
3273	7 
3274	64 
3275	66 
3276	64 
3277	35 
3278	95 
3279	89 
3280	43 
3281	90 
3282	1 
3283	14 
3284	42 
3285	4 
3286	12 
3287	49 
3288	56 
3289	29 
3290	30 
3291	102 
3292	72 
3293	22 
3294	63 
3295	79 
3296	33 
3297	41 
3298	33 
3299	46 
3300	38 
3301	17 
3302	57 
3303	80 
3304	9 
3305	71 
3306	57 
3307	31 
3308	72 
3309	76 
3310	8 
3311	79 
3312	58 
3313	14 
3314	59 
3315	68 
3316	73 
3317	90 
3318	57 
3319	21 
3320	84 
3321	14 
3322	64 
3323	88 
3324	71 
3325	94 
3326	69 
3327	34 
3328	7 
3329	41 
3330	69 
3331	50 
3332	26 
3333	27 
3334	45 
3335	16 
3336	56 
3337	31 
3338	39 
3339	90 
3340	82 
3341	12 
3342	69 
3343	65 
3344	53 
3345	53 
3346	18 
3347	23 
3348	5 
3349	102 
3350	53 
3351	93 
3352	52 
3353	76 
3354	80 
3355	40 
3356	31 
3357	2 
3358	85 
3359	3 
3360	84 
3361	38 
3362	69 
3363	71 
3364	104 
3365	30 
3366	77 
3367	27 
3368	35 
3369	53 
3370	55 
3371	5 
3372	21 
3373	82 
3374	2 
3375	13 
3376	84 
3377	68 
3378	60 
3379	34 
3380	36 
3381	58 
3382	43 
3383	57 
3384	98 
3385	7 
3386	94 
3387	8 
3388	5 
3389	56 
3390	7 
3391	48 
3392	69 
3393	71 
3394	69 
3395	90 
3396	56 
3397	62 
3398	35 
3399	76 
3400	37 
3401	53 
3402	32 
3403	31 
3404	56 
3405	8 
3406	34 
3407	69 
3408	89 
3409	34 
3410	46 
3411	87 
3412	48 
3413	27 
3414	2 
3415	31 
3416	96 
3417	71 
3418	51 
3419	67 
3420	3 
3421	41 
3422	5 
3423	92 
3424	101 
3425	101 
3426	84 
3427	14 
3428	20 
3429	13 
3430	89 
3431	34 
3432	34 
3433	16 
3434	47 
3435	71 
3436	90 
3437	97 
3438	69 
3439	35 
3440	91 
3441	93 
3442	35 
3443	25 
3444	72 
3445	65 
3446	85 
3447	42 
3448	82 
3449	82 
3450	100 
3451	92 
3452	16 
3453	69 
3454	69 
3455	71 
3456	15 
3457	90 
3458	83 
3459	89 
3460	18 
3461	38 
3462	18 
3463	90 
3464	89 
3465	15 
3466	55 
3467	72 
3468	70 
3469	82 
3470	104 
3471	64 
3472	28 
3473	31 
3474	34 
3475	88 
3476	80 
3477	16 
3478	46 
3479	23 
3480	93 
3481	56 
3482	58 
3483	67 
3484	25 
3485	15 
3486	43 
3487	90 
3488	29 
3489	15 
3490	53 
3491	52 
3492	36 
3493	66 
3494	1 
3495	59 
3496	59 
3497	47 
3498	60 
3499	69 
3500	15 
3501	34 
3502	3 
3503	85 
3504	84 
3505	53 
3506	11 
3507	53 
3508	5 
3509	16 
3510	76 
3511	32 
3512	48 
3513	86 
3514	30 
3515	6 
3516	15 
3517	7 
3518	87 
3519	34 
3520	80 
3521	9 
3522	104 
3523	92 
3524	14 
3525	30 
3526	71 
3527	20 
3528	15 
3529	56 
3530	32 
3531	91 
3532	74 
3533	86 
3534	71 
3535	30 
3536	80 
3537	42 
3538	89 
3539	62 
3540	98 
3541	26 
3542	20 
3543	84 
3544	56 
3545	102 
3546	62 
3547	75 
3548	14 
3549	55 
3550	21 
3551	53 
3552	49 
3553	71 
3554	18 
3555	19 
3556	69 
3557	21 
3558	63 
3559	59 
3560	85 
3561	64 
3562	37 
3563	74 
3564	53 
3565	29 
3566	85 
3567	12 
3568	58 
3569	56 
3570	50 
3571	46 
3572	63 
3573	1 
3574	23 
3575	102 
3576	73 
3577	45 
3578	84 
3579	15 
3580	80 
3581	23 
3582	104 
3583	33 
3584	24 
3585	63 
3586	95 
3587	59 
3588	96 
3589	50 
3590	95 
3591	32 
3592	35 
3593	59 
3594	96 
3595	55 
3596	59 
3597	28 
3598	16 
3599	56 
3600	17 
3601	72 
3602	23 
3603	58 
3604	33 
3605	45 
3606	32 
3607	85 
3608	79 
3609	2 
3610	85 
3611	100 
3612	47 
3613	93 
3614	71 
3615	16 
3616	35 
3617	66 
3618	26 
3619	2 
3620	46 
3621	71 
3622	97 
3623	30 
3624	30 
3625	44 
3626	50 
3627	47 
3628	53 
3629	64 
3630	36 
3631	59 
3632	72 
3633	3 
3634	30 
3635	84 
3636	90 
3637	56 
3638	2 
3639	92 
3640	30 
3641	17 
3642	61 
3643	49 
3644	72 
3645	49 
3646	48 
3647	74 
3648	53 
3649	18 
3650	64 
3651	23 
3652	49 
3653	69 
3654	23 
3655	8 
3656	45 
3657	53 
3658	63 
3659	59 
3660	55 
3661	49 
3662	64 
3663	53 
3664	101 
3665	44 
3666	46 
3667	50 
3668	39 
3669	46 
3670	6 
3671	18 
3672	60 
3673	67 
3674	71 
3675	21 
3676	89 
3677	98 
3678	63 
3679	17 
3680	94 
3681	38 
3682	15 
3683	53 
3684	22 
3685	72 
3686	11 
3687	5 
3688	30 
3689	42 
3690	103 
3691	9 
3692	77 
3693	30 
3694	46 
3695	44 
3696	31 
3697	81 
3698	73 
3699	2 
3700	90 
3701	46 
3702	36 
3703	19 
3704	57 
3705	13 
3706	30 
3707	13 
3708	15 
3709	102 
3710	91 
3711	62 
3712	85 
3713	41 
3714	78 
3715	21 
3716	71 
3717	45 
3718	58 
3719	31 
3720	55 
3721	21 
3722	45 
3723	29 
3724	76 
3725	50 
3726	26 
3727	68 
3728	20 
3729	49 
3730	99 
3731	100 
3732	21 
3733	99 
3734	85 
3735	72 
3736	43 
3737	64 
3738	50 
3739	69 
3740	18 
3741	6 
3742	35 
3743	49 
3744	64 
3745	104 
3746	59 
3747	85 
3748	71 
3749	69 
3750	85 
3751	88 
3752	88 
3753	71 
3754	59 
3755	16 
3756	66 
3757	25 
3758	19 
3759	72 
3760	63 
3761	104 
3762	46 
3763	45 
3764	104 
3765	77 
3766	21 
3767	35 
3768	89 
3769	62 
3770	35 
3771	29 
3772	97 
3773	45 
3774	61 
3775	2 
3776	9 
3777	32 
3778	97 
3779	91 
3780	90 
3781	6 
3782	102 
3783	18 
3784	78 
3785	46 
3786	103 
3787	63 
3788	38 
3789	57 
3790	15 
3791	66 
3792	26 
3793	44 
3794	30 
3795	81 
3796	33 
3797	64 
3798	38 
3799	51 
3800	60 
3801	82 
3802	67 
3803	82 
3804	1 
3805	79 
3806	29 
3807	18 
3808	17 
3809	72 
3810	55 
3811	43 
3812	101 
3813	46 
3814	88 
3815	56 
3816	46 
3817	28 
3818	90 
3819	65 
3820	100 
3821	11 
3822	43 
3823	11 
3824	53 
3825	5 
3826	10 
3827	5 
3828	82 
3829	36 
3830	45 
3831	41 
3832	31 
3833	46 
3834	43 
3835	85 
3836	71 
3837	21 
3838	16 
3839	6 
3840	84 
3841	69 
3842	82 
3843	78 
3844	98 
3845	20 
3846	28 
3847	23 
3848	95 
3849	64 
3850	60 
3851	8 
3852	41 
3853	46 
3854	13 
3855	50 
3856	45 
3857	57 
3858	100 
3859	57 
3860	12 
3861	14 
3862	102 
3863	7 
3864	93 
3865	97 
3866	21 
3867	55 
3868	31 
3869	86 
3870	23 
3871	102 
3872	15 
3873	65 
3874	103 
3875	75 
3876	43 
3877	6 
3878	29 
3879	31 
3880	5 
3881	56 
3882	72 
3883	30 
3884	49 
3885	68 
3886	45 
3887	68 
3888	76 
3889	41 
3890	14 
3891	34 
3892	71 
3893	56 
3894	19 
3895	102 
3896	47 
3897	72 
3898	49 
3899	69 
3900	38 
3901	43 
3902	99 
3903	42 
3904	17 
3905	14 
3906	55 
3907	51 
3908	75 
3909	43 
3910	32 
3911	45 
3912	9 
3913	99 
3914	2 
3915	92 
3916	71 
3917	32 
3918	10 
3919	82 
3920	90 
3921	75 
3922	58 
3923	49 
3924	58 
3925	85 
3926	65 
3927	30 
3928	85 
3929	83 
3930	30 
3931	61 
3932	17 
3933	56 
3934	24 
3935	40 
3936	76 
3937	49 
3938	15 
3939	46 
3940	61 
3941	90 
3942	34 
3943	72 
3944	78 
3945	56 
3946	33 
3947	59 
3948	80 
3949	82 
3950	13 
3951	80 
3952	41 
3953	51 
3954	13 
3955	31 
3956	81 
3957	37 
3958	74 
3959	45 
3960	84 
3961	83 
3962	61 
3963	64 
3964	88 
3965	48 
3966	37 
3967	60 
3968	2 
3969	22 
3970	52 
3971	15 
3972	38 
3973	102 
3974	55 
3975	103 
3976	17 
3977	33 
3978	101 
3979	56 
3980	32 
3981	69 
3982	43 
3983	53 
3984	6 
3985	54 
3986	80 
3987	55 
3988	5 
3989	59 
3990	31 
3991	83 
3992	74 
3993	46 
3994	73 
3995	56 
3996	77 
3997	46 
3998	83 
3999	6 
4000	19 
4001	95 
4002	13 
4003	28 
4004	67 
4005	38 
4006	5 
4007	88 
4008	45 
4009	39 
4010	60 
4011	53 
4012	71 
4013	90 
4014	99 
4015	91 
4016	85 
4017	102 
4018	19 
4019	2 
4020	55 
4021	2 
4022	24 
4023	69 
4024	46 
4025	16 
4026	7 
4027	79 
4028	74 
4029	8 
4030	55 
4031	79 
4032	95 
4033	45 
4034	102 
4035	72 
4036	12 
4037	26 
4038	58 
4039	73 
4040	63 
4041	50 
4042	22 
4043	58 
4044	39 
4045	53 
4046	30 
4047	71 
4048	86 
4049	3 
4050	4 
4051	56 
4052	51 
4053	17 
4054	66 
4055	17 
4056	71 
4057	60 
4058	72 
4059	30 
4060	83 
4061	34 
4062	43 
4063	15 
4064	98 
4065	104 
4066	46 
4067	88 
4068	80 
4069	45 
4070	89 
4071	103 
4072	31 
4073	34 
4074	25 
4075	48 
4076	1 
4077	102 
4078	53 
4079	12 
4080	35 
4081	88 
4082	52 
4083	62 
4084	31 
4085	63 
4086	4 
4087	102 
4088	26 
4089	57 
4090	19 
4091	71 
4092	57 
4093	74 
4094	50 
4095	31 
4096	33 
4097	99 
4098	102 
4099	38 
4100	66 
4101	60 
4102	30 
4103	64 
4104	92 
4105	44 
4106	71 
4107	75 
4108	50 
4109	63 
4110	17 
4111	54 
4112	68 
4113	50 
4114	38 
4115	88 
4116	66 
4117	72 
4118	52 
4119	45 
4120	45 
4121	51 
4122	14 
4123	34 
4124	58 
4125	41 
4126	64 
4127	18 
4128	58 
4129	17 
4130	34 
4131	32 
4132	62 
4133	50 
4134	17 
4135	35 
4136	90 
4137	12 
4138	56 
4139	53 
4140	15 
4141	34 
4142	90 
4143	77 
4144	46 
4145	46 
4146	2 
4147	69 
4148	72 
4149	57 
4150	32 
4151	43 
4152	82 
4153	98 
4154	19 
4155	85 
4156	80 
4157	77 
4158	15 
4159	56 
4160	16 
4161	92 
4162	63 
4163	82 
4164	63 
4165	31 
4166	102 
4167	78 
4168	38 
4169	84 
4170	81 
4171	29 
4172	30 
4173	45 
4174	30 
4175	13 
4176	6 
4177	56 
4178	43 
4179	70 
4180	44 
4181	50 
4182	30 
4183	89 
4184	15 
4185	45 
4186	38 
4187	91 
4188	6 
4189	82 
4190	61 
4191	86 
4192	55 
4193	42 
4194	55 
4195	62 
4196	50 
4197	70 
4198	35 
4199	31 
4200	92 
4201	61 
4202	65 
4203	45 
4204	96 
4205	8 
4206	63 
4207	30 
4208	28 
4209	96 
4210	28 
4211	79 
4212	36 
4213	13 
4214	21 
4215	46 
4216	12 
4217	56 
4218	47 
4219	1 
4220	41 
4221	60 
4222	103 
4223	90 
4224	6 
4225	101 
4226	64 
4227	58 
4228	69 
4229	103 
4230	45 
4231	69 
4232	76 
4233	39 
4234	38 
4235	80 
4236	28 
4237	41 
4238	21 
4239	49 
4240	82 
4241	82 
4242	84 
4243	53 
4244	76 
4245	19 
4246	14 
4247	79 
4248	13 
4249	38 
4250	82 
4251	92 
4252	71 
4253	92 
4254	28 
4255	21 
4256	57 
4257	51 
4258	49 
4259	69 
4260	55 
4261	79 
4262	34 
4263	59 
4264	83 
4265	41 
4266	76 
4267	38 
4268	47 
4269	66 
4270	90 
4271	34 
4272	35 
4273	48 
4274	51 
4275	92 
4276	80 
4277	39 
4278	60 
4279	92 
4280	77 
4281	53 
4282	7 
4283	41 
4284	49 
4285	41 
4286	67 
4287	17 
4288	17 
4289	50 
4290	61 
4291	78 
4292	28 
4293	83 
4294	97 
4295	58 
4296	88 
4297	79 
4298	90 
4299	41 
4300	10 
4301	64 
4302	92 
4303	30 
4304	13 
4305	81 
4306	13 
4307	13 
4308	5 
4309	31 
4310	21 
4311	37 
4312	34 
4313	101 
4314	55 
4315	86 
4316	84 
4317	55 
4318	31 
4319	56 
4320	33 
4321	81 
4322	30 
4323	78 
4324	30 
4325	34 
4326	50 
4327	14 
4328	103 
4329	84 
4330	14 
4331	31 
4332	8 
4333	26 
4334	83 
4335	51 
4336	59 
4337	95 
4338	78 
4339	45 
4340	59 
4341	49 
4342	16 
4343	52 
4344	56 
4345	32 
4346	58 
4347	54 
4348	18 
4349	90 
4350	19 
4351	71 
4352	57 
4353	41 
4354	26 
4355	15 
4356	11 
4357	53 
4358	59 
4359	91 
4360	13 
4361	93 
4362	84 
4363	19 
4364	19 
4365	66 
4366	61 
4367	80 
4368	58 
4369	39 
4370	88 
4371	55 
4372	55 
4373	103 
4374	80 
4375	74 
4376	3 
4377	4 
4378	38 
4379	41 
4380	75 
4381	7 
4382	53 
4383	14 
4384	30 
4385	51 
4386	2 
4387	34 
4388	81 
4389	91 
4390	34 
4391	13 
4392	84 
4393	58 
4394	43 
4395	84 
4396	54 
4397	21 
4398	17 
4399	39 
4400	97 
4401	11 
4402	11 
4403	45 
4404	101 
4405	44 
4406	34 
4407	31 
4408	44 
4409	2 
4410	66 
4411	38 
4412	15 
4413	71 
4414	90 
4415	3 
4416	47 
4417	18 
4418	84 
4419	21 
4420	56 
4421	44 
4422	101 
4423	92 
4424	9 
4425	103 
4426	53 
4427	7 
4428	33 
4429	7 
4430	43 
4431	68 
4432	41 
4433	32 
4434	59 
4435	14 
4436	88 
4437	33 
4438	98 
4439	81 
4440	45 
4441	21 
4442	16 
4443	76 
4444	93 
4445	69 
4446	7 
4447	14 
4448	53 
4449	11 
4450	30 
4451	61 
4452	102 
4453	66 
4454	79 
4455	53 
4456	16 
4457	15 
4458	66 
4459	89 
4460	18 
4461	35 
4462	31 
4463	104 
4464	15 
4465	68 
4466	17 
4467	89 
4468	7 
4469	61 
4470	28 
4471	80 
4472	38 
4473	30 
4474	92 
4475	82 
4476	19 
4477	3 
4478	75 
4479	93 
4480	103 
4481	67 
4482	33 
4483	55 
4484	51 
4485	4 
4486	41 
4487	60 
4488	33 
4489	7 
4490	30 
4491	101 
4492	19 
4493	34 
4494	75 
4495	66 
4496	18 
4497	78 
4498	3 
4499	56 
4500	11 
4501	50 
4502	66 
4503	14 
4504	98 
4505	30 
4506	19 
4507	13 
4508	88 
4509	34 
4510	17 
4511	55 
4512	101 
4513	83 
4514	68 
4515	85 
4516	90 
4517	80 
4518	84 
4519	11 
4520	21 
4521	17 
4522	66 
4523	92 
4524	38 
4525	71 
4526	6 
4527	72 
4528	19 
4529	48 
4530	46 
4531	63 
4532	76 
4533	89 
4534	84 
4535	45 
4536	71 
4537	34 
4538	60 
4539	84 
4540	72 
4541	41 
4542	74 
4543	55 
4544	17 
4545	82 
4546	6 
4547	60 
4548	41 
4549	63 
4550	45 
4551	17 
4552	67 
4553	33 
4554	28 
4555	33 
4556	81 
4557	18 
4558	103 
4559	21 
4560	61 
4561	2 
4562	66 
4563	5 
4564	19 
4565	69 
4566	43 
4567	84 
4568	66 
4569	11 
4570	89 
4571	52 
4572	38 
4573	81 
4574	71 
4575	38 
4576	88 
4577	84 
4578	61 
4579	85 
4580	7 
4581	61 
4582	7 
4583	50 
4584	31 
4585	63 
4586	15 
4587	13 
4588	76 
4589	30 
4590	45 
4591	45 
4592	78 
4593	90 
4594	66 
4595	53 
4596	49 
4597	16 
4598	53 
4599	71 
4600	80 
4601	92 
4602	89 
4603	60 
4604	38 
4605	11 
4606	90 
4607	47 
4608	19 
4609	89 
4610	85 
4611	35 
4612	89 
4613	16 
4614	64 
4615	72 
4616	53 
4617	14 
4618	45 
4619	98 
4620	16 
4621	38 
4622	16 
4623	45 
4624	85 
4625	98 
4626	59 
4627	44 
4628	49 
4629	76 
4630	84 
4631	92 
4632	15 
4633	14 
4634	75 
4635	103 
4636	76 
4637	31 
4638	46 
4639	57 
4640	28 
4641	104 
4642	53 
4643	15 
4644	104 
4645	21 
4646	104 
4647	38 
4648	80 
4649	50 
4650	7 
4651	69 
4652	50 
4653	52 
4654	69 
4655	83 
4656	19 
4657	44 
4658	53 
4659	19 
4660	74 
4661	21 
4662	33 
4663	45 
4664	17 
4665	90 
4666	45 
4667	15 
4668	2 
4669	6 
4670	75 
4671	14 
4672	31 
4673	80 
4674	31 
4675	90 
4676	81 
4677	71 
4678	84 
4679	33 
4680	58 
4681	21 
4682	61 
4683	66 
4684	50 
4685	34 
4686	84 
4687	102 
4688	30 
4689	13 
4690	84 
4691	18 
4692	30 
4693	61 
4694	104 
4695	30 
4696	16 
4697	71 
4698	71 
4699	49 
4700	85 
4701	56 
4702	85 
4703	64 
4704	50 
4705	35 
4706	18 
4707	14 
4708	61 
4709	60 
4710	34 
4711	74 
4712	75 
4713	11 
4714	15 
4715	32 
4716	15 
4717	30 
4718	60 
4719	55 
4720	66 
4721	17 
4722	33 
4723	15 
4724	102 
4725	21 
4726	103 
4727	71 
4728	89 
4729	90 
4730	90 
4731	57 
4732	32 
4733	102 
4734	21 
4735	58 
4736	45 
4737	61 
4738	13 
4739	75 
4740	83 
4741	58 
4742	75 
4743	89 
4744	85 
4745	7 
4746	21 
4747	72 
4748	33 
4749	11 
4750	57 
4751	50 
4752	75 
4753	45 
4754	82 
4755	38 
4756	41 
4757	11 
4758	103 
4759	90 
4760	19 
4761	63 
4762	64 
4763	60 
4764	30 
4765	33 
4766	83 
4767	21 
4768	56 
4769	88 
4770	85 
4771	50 
4772	41 
4773	61 
4774	44 
4775	43 
4776	58 
4777	44 
4778	85 
4779	34 
4780	64 
4781	13 
4782	69 
4783	53 
4784	57 
4785	13 
4786	50 
4787	16 
4788	102 
4789	79 
4790	59 
4791	14 
4792	88 
4793	45 
4794	30 
4795	50 
4796	45 
4797	17 
4798	56 
4799	79 
4800	15 
4801	15 
4802	57 
4803	80 
4804	15 
4805	71 
4806	84 
4807	19 
4808	80 
4809	89 
4810	80 
4811	88 
4812	102 
4813	84 
4814	17 
4815	41 
4816	19 
4817	85 
4818	46 
4819	15 
4820	88 
4821	66 
4822	61 
4823	17 
4824	41 
4825	41 
4826	46 
4827	66 
4828	56 
4829	60 
4830	34 
4831	13 
4832	11 
4833	71 
4834	71 
4835	82 
4836	85 
4837	49 
4838	58 
4839	38 
4840	17 
4841	82 
4842	85 
4843	89 
4844	64 
4845	88 
4846	60 
4847	66 
4848	71 
4849	45 
4850	66 
4851	83 
4852	15 
4853	66 
4854	31 
4855	66 
4856	38 
4857	14 
4858	30 
4859	83 
4860	83 
4861	89 
4862	84 
4863	13 
4864	83 
4865	89 
4866	53 
4867	58 
4868	85 
4869	57 
4870	13 
4871	16 
4872	61 
4873	49 
4874	83 
4875	17 
4876	21 
4877	41 
4878	53 
4879	102 
4880	14 
4881	38 
4882	60 
4883	85 
4884	80 
4885	15 
4886	19 
4887	21 
4888	46 
4889	85 
4890	34 
4891	13 
4892	21 
4893	38 
4894	55 
4895	43 
4896	84 
4897	50 
4898	84 
4899	13 
4900	21 
4901	66 
4902	64 
4903	17 
4904	84 
4905	15 
4906	14 
4907	103 
4908	66 
4909	66 
4910	41 
4911	34 
4912	102 
4913	53 
4914	21 
4915	14 
4916	66 
4917	13 
4918	60 
4919	102 
4920	84 
4921	15 
4922	58 
4923	58 
4924	103 
4925	58 
4926	84 
4927	64 
4928	50 
4929	21 
4930	60 
4931	80 
4932	85 
4933	72 
4934	66 
4935	34 
4936	84 
4937	31 
4938	19 
4939	83 
4940	13 
4941	71 
4942	80 
4943	83 
4944	49 
4945	90 
4946	46 
4947	69 
4948	31 
4949	71 
4950	56 
4951	56 
4952	21 
4953	13 
4954	19 
4955	49 
4956	15 
4957	50 
4958	85 
4959	46 
4960	56 
4961	15 
4962	41 
4963	38 
4964	21 
4965	80 
4966	61 
4967	84 
4968	58 
4969	85 
4970	80 
4971	21 
4972	14 
4973	46 
4974	46 
4975	45 
4976	45 
4977	41 
4978	19 
4979	50 
4980	69 
4981	69 
4982	71 
4983	85 
4984	61 
4985	21 
4986	46 
4987	19 
4988	13 
4989	15 
4990	80 
4991	85 
4992	84 
4993	84 
4994	50 
4995	31 
4996	30 
4997	38 
4998	13 
4999	50 
5000	69 
