1	46 
2	17 
3	22 
4	44 
5	46 
6	42 
7	46 
8	29 
9	31 
10	20 
11	31 
12	1 
13	14 
14	16 
15	38 
16	42 
17	22 
18	46 
19	15 
20	14 
21	31 
22	18 
23	32 
24	14 
25	6 
26	28 
27	2 
28	22 
29	46 
30	25 
31	39 
32	18 
33	6 
34	46 
35	42 
36	35 
37	16 
38	7 
39	16 
40	20 
41	35 
42	33 
43	35 
44	46 
45	31 
46	20 
47	22 
48	16 
49	14 
50	6 
51	16 
52	16 
53	46 
54	17 
55	20 
56	39 
57	6 
58	46 
59	46 
60	46 
61	32 
62	14 
63	6 
64	42 
65	16 
66	35 
67	16 
68	10 
69	1 
70	14 
71	15 
72	39 
73	39 
74	3 
75	31 
76	19 
77	16 
78	32 
79	45 
80	22 
81	3 
82	35 
83	39 
84	28 
85	8 
86	31 
87	10 
88	6 
89	22 
90	16 
91	15 
92	17 
93	20 
94	45 
95	37 
96	35 
97	8 
98	32 
99	39 
100	22 
101	42 
102	31 
103	46 
104	20 
105	46 
106	18 
107	35 
108	46 
109	22 
110	35 
111	14 
112	6 
113	22 
114	31 
115	32 
116	4 
117	22 
118	1 
119	46 
120	32 
121	2 
122	18 
123	46 
124	29 
125	15 
126	10 
127	20 
128	19 
129	32 
130	31 
131	16 
132	42 
133	39 
134	22 
135	38 
136	14 
137	42 
138	32 
139	46 
140	44 
141	16 
142	5 
143	20 
144	22 
145	1 
146	39 
147	18 
148	42 
149	35 
150	22 
151	45 
152	22 
153	9 
154	12 
155	22 
156	4 
157	20 
158	7 
159	35 
160	35 
161	18 
162	22 
163	42 
164	16 
165	31 
166	22 
167	33 
168	46 
169	22 
170	16 
171	31 
172	39 
173	31 
174	14 
175	39 
176	14 
177	20 
178	18 
179	14 
180	16 
181	31 
182	42 
183	16 
184	12 
185	42 
186	24 
187	18 
188	15 
189	20 
190	39 
191	2 
192	34 
193	46 
194	16 
195	45 
196	32 
197	16 
198	16 
199	39 
200	32 
201	22 
202	35 
203	16 
204	46 
205	1 
206	14 
207	18 
208	46 
209	3 
210	18 
211	8 
212	1 
213	20 
214	22 
215	22 
216	33 
217	43 
218	46 
219	38 
220	46 
221	20 
222	31 
223	1 
224	32 
225	22 
226	4 
227	46 
228	22 
229	14 
230	22 
231	4 
232	35 
233	42 
234	33 
235	32 
236	46 
237	15 
238	42 
239	16 
240	6 
241	29 
242	15 
243	31 
244	14 
245	16 
246	20 
247	22 
248	39 
249	17 
250	1 
251	1 
252	32 
253	31 
254	22 
255	22 
256	12 
257	1 
258	29 
259	39 
260	31 
261	31 
262	39 
263	31 
264	16 
265	9 
266	32 
267	16 
268	6 
269	16 
270	46 
271	1 
272	32 
273	30 
274	1 
275	46 
276	12 
277	16 
278	20 
279	42 
280	6 
281	6 
282	14 
283	6 
284	16 
285	31 
286	20 
287	42 
288	20 
289	33 
290	44 
291	16 
292	35 
293	31 
294	20 
295	35 
296	36 
297	22 
298	31 
299	31 
300	14 
301	16 
302	22 
303	14 
304	19 
305	39 
306	22 
307	16 
308	31 
309	1 
310	39 
311	42 
312	16 
313	6 
314	1 
315	22 
316	46 
317	20 
318	39 
319	42 
320	14 
321	16 
322	42 
323	17 
324	1 
325	31 
326	22 
327	31 
328	39 
329	39 
330	39 
331	15 
332	46 
333	18 
334	2 
335	39 
336	17 
337	19 
338	42 
339	35 
340	31 
341	31 
342	31 
343	18 
344	23 
345	17 
346	45 
347	46 
348	45 
349	35 
350	46 
351	6 
352	46 
353	32 
354	46 
355	46 
356	19 
357	22 
358	16 
359	35 
360	39 
361	39 
362	42 
363	39 
364	31 
365	39 
366	14 
367	46 
368	1 
369	14 
370	22 
371	32 
372	15 
373	20 
374	22 
375	35 
376	15 
377	16 
378	16 
379	35 
380	32 
381	16 
382	6 
383	42 
384	1 
385	35 
386	20 
387	1 
388	6 
389	16 
390	20 
391	39 
392	31 
393	16 
394	9 
395	14 
396	35 
397	44 
398	31 
399	20 
400	6 
401	35 
402	46 
403	14 
404	14 
405	22 
406	46 
407	31 
408	16 
409	44 
410	2 
411	37 
412	1 
413	31 
414	33 
415	32 
416	31 
417	34 
418	46 
419	7 
420	35 
421	20 
422	6 
423	14 
424	39 
425	39 
426	6 
427	14 
428	39 
429	42 
430	16 
431	42 
432	46 
433	8 
434	42 
435	31 
436	22 
437	8 
438	41 
439	20 
440	22 
441	39 
442	31 
443	36 
444	1 
445	9 
446	1 
447	34 
448	6 
449	16 
450	22 
451	46 
452	16 
453	1 
454	46 
455	46 
456	46 
457	14 
458	22 
459	14 
460	22 
461	46 
462	16 
463	35 
464	44 
465	32 
466	42 
467	20 
468	39 
469	39 
470	15 
471	44 
472	20 
473	22 
474	39 
475	45 
476	16 
477	15 
478	44 
479	15 
480	39 
481	35 
482	16 
483	36 
484	15 
485	20 
486	39 
487	31 
488	8 
489	18 
490	35 
491	33 
492	15 
493	7 
494	39 
495	39 
496	35 
497	16 
498	20 
499	15 
500	39 
501	46 
502	16 
503	31 
504	35 
505	16 
506	20 
507	46 
508	18 
509	46 
510	16 
511	42 
512	6 
513	14 
514	16 
515	39 
516	46 
517	32 
518	22 
519	42 
520	42 
521	33 
522	35 
523	16 
524	46 
525	39 
526	36 
527	39 
528	44 
529	14 
530	34 
531	1 
532	4 
533	1 
534	32 
535	36 
536	32 
537	17 
538	1 
539	1 
540	33 
541	44 
542	6 
543	14 
544	16 
545	46 
546	32 
547	14 
548	39 
549	1 
550	4 
551	39 
552	27 
553	6 
554	20 
555	18 
556	31 
557	46 
558	42 
559	4 
560	31 
561	14 
562	45 
563	31 
564	1 
565	22 
566	16 
567	39 
568	46 
569	17 
570	31 
571	6 
572	18 
573	32 
574	42 
575	16 
576	35 
577	22 
578	46 
579	39 
580	29 
581	1 
582	16 
583	1 
584	22 
585	39 
586	14 
587	16 
588	6 
589	33 
590	32 
591	1 
592	22 
593	22 
594	24 
595	1 
596	9 
597	18 
598	1 
599	16 
600	22 
601	15 
602	1 
603	7 
604	1 
605	32 
606	32 
607	15 
608	39 
609	46 
610	46 
611	20 
612	31 
613	16 
614	6 
615	18 
616	18 
617	14 
618	20 
619	7 
620	37 
621	42 
622	27 
623	16 
624	31 
625	31 
626	17 
627	1 
628	44 
629	16 
630	45 
631	16 
632	35 
633	17 
634	16 
635	14 
636	39 
637	39 
638	32 
639	3 
640	22 
641	16 
642	16 
643	27 
644	35 
645	18 
646	22 
647	39 
648	46 
649	18 
650	31 
651	16 
652	39 
653	35 
654	1 
655	42 
656	6 
657	12 
658	16 
659	46 
660	39 
661	6 
662	46 
663	17 
664	20 
665	20 
666	39 
667	22 
668	31 
669	6 
670	39 
671	7 
672	31 
673	34 
674	7 
675	35 
676	16 
677	1 
678	16 
679	22 
680	32 
681	46 
682	26 
683	22 
684	18 
685	36 
686	39 
687	46 
688	46 
689	46 
690	6 
691	17 
692	17 
693	39 
694	45 
695	26 
696	32 
697	35 
698	32 
699	8 
700	35 
701	46 
702	39 
703	39 
704	8 
705	39 
706	35 
707	6 
708	39 
709	39 
710	32 
711	16 
712	36 
713	42 
714	29 
715	31 
716	31 
717	15 
718	22 
719	31 
720	12 
721	31 
722	6 
723	46 
724	15 
725	42 
726	39 
727	42 
728	36 
729	16 
730	17 
731	31 
732	19 
733	46 
734	10 
735	46 
736	39 
737	39 
738	22 
739	22 
740	46 
741	17 
742	14 
743	15 
744	35 
745	35 
746	31 
747	22 
748	20 
749	32 
750	29 
751	14 
752	46 
753	32 
754	31 
755	37 
756	32 
757	6 
758	17 
759	14 
760	34 
761	46 
762	35 
763	20 
764	46 
765	35 
766	16 
767	1 
768	45 
769	44 
770	46 
771	46 
772	20 
773	22 
774	42 
775	38 
776	31 
777	39 
778	1 
779	42 
780	35 
781	31 
782	15 
783	32 
784	6 
785	31 
786	16 
787	17 
788	22 
789	22 
790	46 
791	46 
792	21 
793	20 
794	20 
795	42 
796	31 
797	31 
798	44 
799	7 
800	42 
801	16 
802	35 
803	31 
804	14 
805	15 
806	24 
807	35 
808	39 
809	39 
810	9 
811	46 
812	22 
813	14 
814	23 
815	8 
816	19 
817	20 
818	6 
819	1 
820	22 
821	22 
822	19 
823	18 
824	1 
825	5 
826	16 
827	45 
828	15 
829	20 
830	15 
831	13 
832	16 
833	46 
834	22 
835	39 
836	22 
837	22 
838	32 
839	46 
840	31 
841	8 
842	46 
843	42 
844	1 
845	16 
846	46 
847	39 
848	14 
849	6 
850	10 
851	15 
852	42 
853	31 
854	29 
855	35 
856	6 
857	46 
858	16 
859	15 
860	16 
861	29 
862	16 
863	22 
864	16 
865	16 
866	45 
867	35 
868	46 
869	14 
870	22 
871	44 
872	16 
873	16 
874	39 
875	20 
876	46 
877	39 
878	8 
879	34 
880	12 
881	1 
882	31 
883	1 
884	1 
885	15 
886	19 
887	32 
888	6 
889	12 
890	39 
891	22 
892	46 
893	15 
894	22 
895	16 
896	14 
897	35 
898	35 
899	39 
900	16 
901	46 
902	20 
903	15 
904	36 
905	16 
906	45 
907	39 
908	15 
909	31 
910	16 
911	16 
912	16 
913	7 
914	22 
915	8 
916	35 
917	25 
918	35 
919	16 
920	22 
921	18 
922	12 
923	22 
924	31 
925	1 
926	31 
927	18 
928	18 
929	14 
930	44 
931	19 
932	16 
933	12 
934	33 
935	12 
936	22 
937	5 
938	31 
939	6 
940	14 
941	16 
942	39 
943	15 
944	46 
945	20 
946	18 
947	8 
948	8 
949	31 
950	32 
951	22 
952	46 
953	15 
954	32 
955	16 
956	16 
957	22 
958	46 
959	3 
960	39 
961	4 
962	41 
963	46 
964	16 
965	20 
966	16 
967	17 
968	46 
969	31 
970	16 
971	39 
972	6 
973	14 
974	27 
975	46 
976	42 
977	16 
978	46 
979	14 
980	15 
981	21 
982	35 
983	16 
984	7 
985	16 
986	35 
987	31 
988	6 
989	42 
990	22 
991	39 
992	16 
993	6 
994	6 
995	19 
996	39 
997	20 
998	31 
999	10 
1000	14 
1001	42 
1002	44 
1003	24 
1004	39 
1005	6 
1006	1 
1007	22 
1008	13 
1009	35 
1010	17 
1011	35 
1012	22 
1013	42 
1014	39 
1015	42 
1016	17 
1017	31 
1018	39 
1019	33 
1020	14 
1021	40 
1022	13 
1023	6 
1024	3 
1025	11 
1026	39 
1027	32 
1028	22 
1029	22 
1030	14 
1031	15 
1032	42 
1033	39 
1034	42 
1035	35 
1036	31 
1037	14 
1038	36 
1039	16 
1040	20 
1041	16 
1042	17 
1043	16 
1044	42 
1045	17 
1046	16 
1047	44 
1048	1 
1049	46 
1050	20 
1051	34 
1052	18 
1053	45 
1054	46 
1055	3 
1056	7 
1057	39 
1058	18 
1059	22 
1060	36 
1061	32 
1062	46 
1063	32 
1064	44 
1065	20 
1066	22 
1067	20 
1068	31 
1069	44 
1070	35 
1071	22 
1072	22 
1073	40 
1074	22 
1075	12 
1076	46 
1077	8 
1078	6 
1079	39 
1080	1 
1081	6 
1082	5 
1083	5 
1084	9 
1085	20 
1086	19 
1087	29 
1088	20 
1089	16 
1090	16 
1091	22 
1092	7 
1093	22 
1094	39 
1095	22 
1096	1 
1097	22 
1098	46 
1099	39 
1100	39 
1101	20 
1102	42 
1103	39 
1104	35 
1105	31 
1106	39 
1107	1 
1108	22 
1109	31 
1110	34 
1111	16 
1112	6 
1113	29 
1114	42 
1115	17 
1116	22 
1117	18 
1118	42 
1119	20 
1120	22 
1121	44 
1122	15 
1123	22 
1124	46 
1125	1 
1126	39 
1127	45 
1128	15 
1129	1 
1130	6 
1131	15 
1132	22 
1133	3 
1134	1 
1135	42 
1136	15 
1137	1 
1138	31 
1139	39 
1140	20 
1141	39 
1142	35 
1143	22 
1144	32 
1145	17 
1146	17 
1147	39 
1148	17 
1149	21 
1150	1 
1151	22 
1152	46 
1153	1 
1154	26 
1155	3 
1156	44 
1157	8 
1158	46 
1159	31 
1160	46 
1161	18 
1162	22 
1163	22 
1164	20 
1165	17 
1166	35 
1167	20 
1168	1 
1169	22 
1170	31 
1171	46 
1172	44 
1173	1 
1174	46 
1175	44 
1176	31 
1177	15 
1178	32 
1179	31 
1180	16 
1181	39 
1182	14 
1183	8 
1184	32 
1185	35 
1186	29 
1187	46 
1188	31 
1189	46 
1190	32 
1191	16 
1192	22 
1193	18 
1194	46 
1195	39 
1196	19 
1197	39 
1198	46 
1199	1 
1200	16 
1201	31 
1202	22 
1203	18 
1204	12 
1205	32 
1206	12 
1207	15 
1208	14 
1209	14 
1210	12 
1211	35 
1212	16 
1213	13 
1214	18 
1215	22 
1216	46 
1217	31 
1218	35 
1219	22 
1220	18 
1221	1 
1222	16 
1223	22 
1224	42 
1225	14 
1226	29 
1227	16 
1228	25 
1229	19 
1230	33 
1231	20 
1232	46 
1233	20 
1234	10 
1235	33 
1236	1 
1237	42 
1238	31 
1239	3 
1240	22 
1241	16 
1242	45 
1243	35 
1244	16 
1245	36 
1246	32 
1247	39 
1248	14 
1249	46 
1250	1 
1251	22 
1252	22 
1253	40 
1254	33 
1255	9 
1256	39 
1257	14 
1258	16 
1259	44 
1260	12 
1261	34 
1262	32 
1263	26 
1264	18 
1265	4 
1266	16 
1267	16 
1268	12 
1269	15 
1270	42 
1271	16 
1272	16 
1273	22 
1274	23 
1275	31 
1276	39 
1277	10 
1278	32 
1279	24 
1280	29 
1281	16 
1282	9 
1283	32 
1284	42 
1285	22 
1286	39 
1287	39 
1288	20 
1289	44 
1290	17 
1291	31 
1292	19 
1293	39 
1294	39 
1295	35 
1296	31 
1297	1 
1298	16 
1299	17 
1300	21 
1301	36 
1302	16 
1303	39 
1304	45 
1305	18 
1306	18 
1307	22 
1308	20 
1309	22 
1310	22 
1311	22 
1312	31 
1313	45 
1314	32 
1315	42 
1316	30 
1317	19 
1318	33 
1319	35 
1320	6 
1321	20 
1322	22 
1323	42 
1324	46 
1325	22 
1326	30 
1327	40 
1328	22 
1329	32 
1330	31 
1331	3 
1332	46 
1333	39 
1334	34 
1335	14 
1336	46 
1337	46 
1338	22 
1339	35 
1340	46 
1341	31 
1342	16 
1343	46 
1344	22 
1345	35 
1346	15 
1347	1 
1348	16 
1349	35 
1350	22 
1351	6 
1352	42 
1353	20 
1354	14 
1355	14 
1356	34 
1357	6 
1358	16 
1359	32 
1360	17 
1361	32 
1362	22 
1363	35 
1364	22 
1365	14 
1366	18 
1367	33 
1368	6 
1369	11 
1370	42 
1371	34 
1372	35 
1373	20 
1374	15 
1375	15 
1376	14 
1377	22 
1378	32 
1379	35 
1380	3 
1381	22 
1382	39 
1383	35 
1384	19 
1385	39 
1386	46 
1387	35 
1388	10 
1389	31 
1390	35 
1391	14 
1392	35 
1393	6 
1394	32 
1395	31 
1396	7 
1397	16 
1398	44 
1399	32 
1400	5 
1401	20 
1402	46 
1403	16 
1404	3 
1405	44 
1406	42 
1407	16 
1408	16 
1409	22 
1410	39 
1411	39 
1412	1 
1413	22 
1414	42 
1415	35 
1416	1 
1417	45 
1418	39 
1419	31 
1420	22 
1421	44 
1422	46 
1423	6 
1424	22 
1425	31 
1426	17 
1427	16 
1428	39 
1429	22 
1430	44 
1431	39 
1432	32 
1433	16 
1434	46 
1435	35 
1436	35 
1437	16 
1438	16 
1439	30 
1440	22 
1441	14 
1442	31 
1443	38 
1444	22 
1445	38 
1446	12 
1447	18 
1448	16 
1449	44 
1450	16 
1451	7 
1452	42 
1453	14 
1454	18 
1455	20 
1456	18 
1457	6 
1458	44 
1459	46 
1460	1 
1461	3 
1462	31 
1463	22 
1464	45 
1465	1 
1466	35 
1467	17 
1468	18 
1469	6 
1470	27 
1471	42 
1472	32 
1473	22 
1474	46 
1475	1 
1476	42 
1477	18 
1478	42 
1479	39 
1480	31 
1481	6 
1482	14 
1483	35 
1484	22 
1485	20 
1486	18 
1487	16 
1488	14 
1489	46 
1490	35 
1491	32 
1492	20 
1493	39 
1494	19 
1495	11 
1496	25 
1497	17 
1498	39 
1499	16 
1500	39 
1501	31 
1502	42 
1503	18 
1504	16 
1505	1 
1506	39 
1507	16 
1508	22 
1509	31 
1510	46 
1511	39 
1512	16 
1513	39 
1514	41 
1515	35 
1516	15 
1517	35 
1518	45 
1519	22 
1520	6 
1521	1 
1522	46 
1523	4 
1524	39 
1525	31 
1526	18 
1527	20 
1528	31 
1529	22 
1530	16 
1531	22 
1532	35 
1533	32 
1534	20 
1535	35 
1536	25 
1537	31 
1538	31 
1539	22 
1540	15 
1541	16 
1542	5 
1543	22 
1544	31 
1545	8 
1546	42 
1547	39 
1548	46 
1549	14 
1550	15 
1551	22 
1552	36 
1553	14 
1554	14 
1555	46 
1556	42 
1557	1 
1558	35 
1559	39 
1560	22 
1561	14 
1562	31 
1563	17 
1564	8 
1565	3 
1566	16 
1567	32 
1568	12 
1569	31 
1570	22 
1571	35 
1572	20 
1573	16 
1574	16 
1575	32 
1576	7 
1577	35 
1578	27 
1579	39 
1580	46 
1581	39 
1582	16 
1583	18 
1584	39 
1585	46 
1586	39 
1587	19 
1588	3 
1589	46 
1590	44 
1591	16 
1592	1 
1593	12 
1594	29 
1595	46 
1596	46 
1597	16 
1598	46 
1599	6 
1600	35 
1601	14 
1602	16 
1603	1 
1604	22 
1605	22 
1606	39 
1607	5 
1608	14 
1609	35 
1610	36 
1611	22 
1612	12 
1613	9 
1614	14 
1615	6 
1616	14 
1617	40 
1618	35 
1619	46 
1620	6 
1621	32 
1622	28 
1623	44 
1624	8 
1625	46 
1626	14 
1627	34 
1628	31 
1629	16 
1630	31 
1631	39 
1632	18 
1633	44 
1634	3 
1635	4 
1636	5 
1637	44 
1638	16 
1639	16 
1640	31 
1641	1 
1642	22 
1643	18 
1644	14 
1645	1 
1646	32 
1647	4 
1648	17 
1649	22 
1650	31 
1651	42 
1652	15 
1653	6 
1654	16 
1655	44 
1656	15 
1657	22 
1658	34 
1659	22 
1660	20 
1661	1 
1662	22 
1663	20 
1664	39 
1665	46 
1666	16 
1667	44 
1668	35 
1669	16 
1670	15 
1671	46 
1672	35 
1673	22 
1674	22 
1675	20 
1676	42 
1677	36 
1678	20 
1679	31 
1680	22 
1681	22 
1682	6 
1683	31 
1684	8 
1685	22 
1686	16 
1687	1 
1688	35 
1689	18 
1690	18 
1691	31 
1692	15 
1693	9 
1694	18 
1695	15 
1696	35 
1697	35 
1698	8 
1699	22 
1700	14 
1701	16 
1702	14 
1703	33 
1704	45 
1705	1 
1706	35 
1707	18 
1708	22 
1709	4 
1710	12 
1711	16 
1712	31 
1713	31 
1714	17 
1715	6 
1716	39 
1717	12 
1718	15 
1719	39 
1720	46 
1721	16 
1722	3 
1723	16 
1724	18 
1725	46 
1726	34 
1727	16 
1728	43 
1729	39 
1730	39 
1731	15 
1732	16 
1733	31 
1734	46 
1735	6 
1736	18 
1737	39 
1738	39 
1739	31 
1740	39 
1741	34 
1742	16 
1743	45 
1744	31 
1745	31 
1746	31 
1747	22 
1748	20 
1749	31 
1750	20 
1751	35 
1752	42 
1753	20 
1754	20 
1755	34 
1756	1 
1757	17 
1758	20 
1759	39 
1760	45 
1761	46 
1762	22 
1763	6 
1764	19 
1765	39 
1766	32 
1767	39 
1768	22 
1769	46 
1770	31 
1771	16 
1772	20 
1773	34 
1774	18 
1775	1 
1776	6 
1777	45 
1778	39 
1779	31 
1780	31 
1781	16 
1782	14 
1783	39 
1784	16 
1785	22 
1786	42 
1787	31 
1788	1 
1789	16 
1790	42 
1791	1 
1792	23 
1793	39 
1794	22 
1795	16 
1796	31 
1797	16 
1798	39 
1799	40 
1800	31 
1801	46 
1802	6 
1803	44 
1804	39 
1805	31 
1806	46 
1807	6 
1808	16 
1809	45 
1810	23 
1811	17 
1812	46 
1813	42 
1814	42 
1815	39 
1816	14 
1817	15 
1818	7 
1819	18 
1820	35 
1821	46 
1822	34 
1823	39 
1824	14 
1825	16 
1826	22 
1827	22 
1828	42 
1829	46 
1830	16 
1831	20 
1832	14 
1833	31 
1834	16 
1835	31 
1836	20 
1837	39 
1838	20 
1839	22 
1840	16 
1841	46 
1842	17 
1843	9 
1844	12 
1845	22 
1846	1 
1847	7 
1848	1 
1849	20 
1850	42 
1851	44 
1852	16 
1853	22 
1854	20 
1855	46 
1856	1 
1857	24 
1858	32 
1859	39 
1860	1 
1861	1 
1862	14 
1863	21 
1864	17 
1865	42 
1866	22 
1867	27 
1868	40 
1869	20 
1870	14 
1871	22 
1872	1 
1873	16 
1874	18 
1875	22 
1876	16 
1877	22 
1878	42 
1879	22 
1880	39 
1881	46 
1882	46 
1883	44 
1884	21 
1885	39 
1886	22 
1887	15 
1888	6 
1889	35 
1890	31 
1891	15 
1892	31 
1893	16 
1894	22 
1895	44 
1896	39 
1897	34 
1898	9 
1899	46 
1900	39 
1901	14 
1902	16 
1903	32 
1904	22 
1905	15 
1906	42 
1907	46 
1908	8 
1909	30 
1910	22 
1911	20 
1912	1 
1913	12 
1914	22 
1915	39 
1916	31 
1917	31 
1918	6 
1919	46 
1920	17 
1921	1 
1922	32 
1923	1 
1924	35 
1925	39 
1926	16 
1927	35 
1928	22 
1929	22 
1930	20 
1931	16 
1932	16 
1933	40 
1934	1 
1935	16 
1936	14 
1937	32 
1938	31 
1939	1 
1940	16 
1941	42 
1942	22 
1943	20 
1944	17 
1945	16 
1946	36 
1947	16 
1948	6 
1949	43 
1950	11 
1951	46 
1952	31 
1953	16 
1954	14 
1955	32 
1956	45 
1957	22 
1958	35 
1959	16 
1960	46 
1961	1 
1962	29 
1963	22 
1964	20 
1965	39 
1966	36 
1967	4 
1968	16 
1969	14 
1970	39 
1971	16 
1972	20 
1973	32 
1974	32 
1975	35 
1976	41 
1977	16 
1978	7 
1979	20 
1980	16 
1981	16 
1982	35 
1983	6 
1984	6 
1985	42 
1986	6 
1987	22 
1988	39 
1989	31 
1990	23 
1991	46 
1992	39 
1993	46 
1994	43 
1995	39 
1996	8 
1997	1 
1998	46 
1999	31 
2000	18 
2001	1 
2002	46 
2003	26 
2004	22 
2005	17 
2006	20 
2007	31 
2008	7 
2009	20 
2010	45 
2011	39 
2012	16 
2013	46 
2014	17 
2015	20 
2016	1 
2017	22 
2018	34 
2019	44 
2020	20 
2021	22 
2022	41 
2023	16 
2024	39 
2025	45 
2026	46 
2027	46 
2028	22 
2029	46 
2030	39 
2031	20 
2032	6 
2033	31 
2034	46 
2035	36 
2036	22 
2037	16 
2038	39 
2039	39 
2040	31 
2041	35 
2042	29 
2043	31 
2044	42 
2045	16 
2046	1 
2047	31 
2048	7 
2049	12 
2050	36 
2051	31 
2052	42 
2053	1 
2054	22 
2055	46 
2056	32 
2057	15 
2058	17 
2059	20 
2060	16 
2061	14 
2062	14 
2063	39 
2064	35 
2065	14 
2066	39 
2067	37 
2068	22 
2069	32 
2070	16 
2071	15 
2072	20 
2073	31 
2074	29 
2075	29 
2076	17 
2077	1 
2078	42 
2079	39 
2080	35 
2081	1 
2082	23 
2083	16 
2084	16 
2085	39 
2086	20 
2087	31 
2088	39 
2089	17 
2090	15 
2091	31 
2092	35 
2093	14 
2094	20 
2095	14 
2096	12 
2097	13 
2098	22 
2099	34 
2100	1 
2101	32 
2102	15 
2103	15 
2104	42 
2105	22 
2106	22 
2107	31 
2108	22 
2109	12 
2110	22 
2111	22 
2112	20 
2113	18 
2114	35 
2115	18 
2116	20 
2117	42 
2118	29 
2119	22 
2120	46 
2121	16 
2122	31 
2123	14 
2124	1 
2125	16 
2126	20 
2127	46 
2128	39 
2129	46 
2130	16 
2131	14 
2132	16 
2133	10 
2134	35 
2135	20 
2136	22 
2137	20 
2138	31 
2139	22 
2140	28 
2141	22 
2142	9 
2143	18 
2144	6 
2145	16 
2146	14 
2147	31 
2148	22 
2149	39 
2150	39 
2151	15 
2152	20 
2153	46 
2154	22 
2155	32 
2156	12 
2157	22 
2158	3 
2159	1 
2160	22 
2161	22 
2162	42 
2163	22 
2164	18 
2165	22 
2166	14 
2167	19 
2168	35 
2169	46 
2170	22 
2171	22 
2172	6 
2173	46 
2174	46 
2175	45 
2176	14 
2177	22 
2178	16 
2179	39 
2180	35 
2181	3 
2182	31 
2183	20 
2184	28 
2185	39 
2186	6 
2187	22 
2188	42 
2189	46 
2190	16 
2191	44 
2192	46 
2193	16 
2194	39 
2195	45 
2196	15 
2197	42 
2198	5 
2199	22 
2200	20 
2201	20 
2202	46 
2203	16 
2204	15 
2205	46 
2206	12 
2207	42 
2208	15 
2209	46 
2210	15 
2211	7 
2212	32 
2213	46 
2214	42 
2215	19 
2216	35 
2217	31 
2218	9 
2219	10 
2220	22 
2221	39 
2222	32 
2223	31 
2224	44 
2225	9 
2226	22 
2227	20 
2228	31 
2229	14 
2230	32 
2231	46 
2232	16 
2233	46 
2234	42 
2235	16 
2236	35 
2237	22 
2238	16 
2239	42 
2240	46 
2241	31 
2242	18 
2243	42 
2244	45 
2245	20 
2246	17 
2247	46 
2248	46 
2249	16 
2250	32 
2251	46 
2252	40 
2253	46 
2254	33 
2255	7 
2256	19 
2257	46 
2258	35 
2259	14 
2260	32 
2261	36 
2262	44 
2263	1 
2264	39 
2265	42 
2266	3 
2267	35 
2268	46 
2269	39 
2270	44 
2271	33 
2272	16 
2273	22 
2274	42 
2275	10 
2276	45 
2277	42 
2278	46 
2279	22 
2280	22 
2281	39 
2282	39 
2283	18 
2284	1 
2285	31 
2286	20 
2287	8 
2288	31 
2289	1 
2290	32 
2291	1 
2292	32 
2293	39 
2294	46 
2295	12 
2296	29 
2297	14 
2298	31 
2299	22 
2300	16 
2301	46 
2302	18 
2303	6 
2304	46 
2305	17 
2306	14 
2307	42 
2308	18 
2309	16 
2310	1 
2311	22 
2312	42 
2313	32 
2314	39 
2315	31 
2316	35 
2317	35 
2318	22 
2319	31 
2320	44 
2321	46 
2322	31 
2323	39 
2324	9 
2325	46 
2326	18 
2327	44 
2328	32 
2329	1 
2330	43 
2331	15 
2332	39 
2333	14 
2334	42 
2335	20 
2336	39 
2337	32 
2338	22 
2339	16 
2340	17 
2341	42 
2342	19 
2343	31 
2344	14 
2345	31 
2346	1 
2347	39 
2348	35 
2349	42 
2350	18 
2351	35 
2352	39 
2353	42 
2354	45 
2355	42 
2356	36 
2357	44 
2358	15 
2359	14 
2360	6 
2361	46 
2362	22 
2363	16 
2364	1 
2365	22 
2366	18 
2367	46 
2368	1 
2369	42 
2370	4 
2371	39 
2372	22 
2373	16 
2374	16 
2375	14 
2376	9 
2377	42 
2378	16 
2379	46 
2380	39 
2381	8 
2382	22 
2383	29 
2384	42 
2385	1 
2386	42 
2387	46 
2388	1 
2389	42 
2390	20 
2391	31 
2392	35 
2393	22 
2394	31 
2395	39 
2396	19 
2397	45 
2398	38 
2399	22 
2400	14 
2401	46 
2402	39 
2403	31 
2404	11 
2405	35 
2406	14 
2407	35 
2408	15 
2409	15 
2410	20 
2411	32 
2412	14 
2413	22 
2414	40 
2415	1 
2416	15 
2417	39 
2418	46 
2419	35 
2420	12 
2421	22 
2422	16 
2423	16 
2424	17 
2425	46 
2426	22 
2427	22 
2428	31 
2429	1 
2430	19 
2431	16 
2432	35 
2433	22 
2434	18 
2435	12 
2436	20 
2437	31 
2438	46 
2439	44 
2440	31 
2441	16 
2442	20 
2443	18 
2444	16 
2445	19 
2446	39 
2447	46 
2448	16 
2449	22 
2450	12 
2451	16 
2452	7 
2453	46 
2454	20 
2455	14 
2456	39 
2457	35 
2458	12 
2459	39 
2460	18 
2461	39 
2462	14 
2463	2 
2464	39 
2465	39 
2466	18 
2467	46 
2468	6 
2469	45 
2470	46 
2471	39 
2472	22 
2473	22 
2474	39 
2475	14 
2476	9 
2477	22 
2478	14 
2479	39 
2480	42 
2481	34 
2482	31 
2483	35 
2484	16 
2485	38 
2486	31 
2487	1 
2488	22 
2489	31 
2490	44 
2491	7 
2492	35 
2493	22 
2494	46 
2495	12 
2496	32 
2497	44 
2498	14 
2499	45 
2500	14 
2501	15 
2502	22 
2503	35 
2504	39 
2505	29 
2506	5 
2507	35 
2508	16 
2509	19 
2510	32 
2511	6 
2512	35 
2513	46 
2514	32 
2515	15 
2516	22 
2517	46 
2518	46 
2519	18 
2520	6 
2521	1 
2522	31 
2523	17 
2524	39 
2525	35 
2526	18 
2527	20 
2528	42 
2529	22 
2530	16 
2531	40 
2532	39 
2533	46 
2534	1 
2535	34 
2536	46 
2537	37 
2538	46 
2539	14 
2540	45 
2541	22 
2542	35 
2543	31 
2544	2 
2545	38 
2546	22 
2547	39 
2548	44 
2549	31 
2550	22 
2551	43 
2552	39 
2553	35 
2554	18 
2555	46 
2556	40 
2557	39 
2558	22 
2559	14 
2560	16 
2561	16 
2562	17 
2563	36 
2564	42 
2565	46 
2566	35 
2567	39 
2568	8 
2569	42 
2570	12 
2571	46 
2572	20 
2573	20 
2574	19 
2575	46 
2576	22 
2577	38 
2578	6 
2579	46 
2580	18 
2581	31 
2582	34 
2583	45 
2584	14 
2585	14 
2586	39 
2587	39 
2588	31 
2589	20 
2590	44 
2591	31 
2592	22 
2593	46 
2594	14 
2595	46 
2596	17 
2597	42 
2598	46 
2599	22 
2600	34 
2601	46 
2602	46 
2603	6 
2604	35 
2605	17 
2606	22 
2607	1 
2608	39 
2609	46 
2610	14 
2611	39 
2612	39 
2613	36 
2614	15 
2615	31 
2616	1 
2617	29 
2618	22 
2619	39 
2620	31 
2621	31 
2622	1 
2623	22 
2624	45 
2625	1 
2626	22 
2627	46 
2628	14 
2629	39 
2630	35 
2631	16 
2632	34 
2633	46 
2634	35 
2635	19 
2636	22 
2637	45 
2638	7 
2639	35 
2640	18 
2641	18 
2642	34 
2643	3 
2644	39 
2645	39 
2646	22 
2647	46 
2648	39 
2649	1 
2650	32 
2651	16 
2652	22 
2653	42 
2654	39 
2655	35 
2656	20 
2657	35 
2658	46 
2659	16 
2660	32 
2661	32 
2662	16 
2663	22 
2664	46 
2665	35 
2666	31 
2667	18 
2668	10 
2669	22 
2670	46 
2671	1 
2672	22 
2673	44 
2674	1 
2675	39 
2676	16 
2677	20 
2678	17 
2679	39 
2680	42 
2681	14 
2682	16 
2683	44 
2684	22 
2685	32 
2686	22 
2687	31 
2688	35 
2689	35 
2690	20 
2691	31 
2692	46 
2693	45 
2694	31 
2695	44 
2696	1 
2697	24 
2698	42 
2699	15 
2700	19 
2701	31 
2702	18 
2703	46 
2704	42 
2705	35 
2706	46 
2707	6 
2708	20 
2709	39 
2710	8 
2711	1 
2712	16 
2713	3 
2714	14 
2715	29 
2716	33 
2717	15 
2718	39 
2719	1 
2720	31 
2721	32 
2722	14 
2723	35 
2724	31 
2725	22 
2726	37 
2727	6 
2728	39 
2729	15 
2730	20 
2731	31 
2732	20 
2733	1 
2734	46 
2735	1 
2736	46 
2737	20 
2738	1 
2739	24 
2740	42 
2741	15 
2742	10 
2743	39 
2744	2 
2745	32 
2746	39 
2747	46 
2748	20 
2749	12 
2750	31 
2751	7 
2752	46 
2753	42 
2754	11 
2755	35 
2756	34 
2757	33 
2758	46 
2759	18 
2760	39 
2761	22 
2762	35 
2763	39 
2764	33 
2765	16 
2766	31 
2767	18 
2768	39 
2769	6 
2770	32 
2771	8 
2772	16 
2773	39 
2774	46 
2775	16 
2776	16 
2777	35 
2778	33 
2779	35 
2780	39 
2781	42 
2782	1 
2783	18 
2784	3 
2785	39 
2786	39 
2787	42 
2788	31 
2789	35 
2790	42 
2791	44 
2792	17 
2793	46 
2794	14 
2795	46 
2796	46 
2797	46 
2798	18 
2799	46 
2800	22 
2801	8 
2802	16 
2803	20 
2804	8 
2805	19 
2806	46 
2807	22 
2808	14 
2809	35 
2810	1 
2811	31 
2812	16 
2813	2 
2814	35 
2815	46 
2816	32 
2817	22 
2818	31 
2819	29 
2820	24 
2821	32 
2822	31 
2823	22 
2824	20 
2825	16 
2826	16 
2827	16 
2828	31 
2829	46 
2830	39 
2831	17 
2832	39 
2833	46 
2834	33 
2835	14 
2836	18 
2837	39 
2838	20 
2839	8 
2840	42 
2841	16 
2842	31 
2843	31 
2844	32 
2845	31 
2846	46 
2847	16 
2848	32 
2849	6 
2850	46 
2851	1 
2852	46 
2853	38 
2854	1 
2855	20 
2856	18 
2857	39 
2858	38 
2859	17 
2860	31 
2861	46 
2862	23 
2863	46 
2864	46 
2865	15 
2866	1 
2867	24 
2868	35 
2869	35 
2870	46 
2871	1 
2872	18 
2873	36 
2874	45 
2875	1 
2876	14 
2877	31 
2878	16 
2879	44 
2880	14 
2881	35 
2882	39 
2883	6 
2884	14 
2885	32 
2886	16 
2887	22 
2888	39 
2889	17 
2890	35 
2891	12 
2892	39 
2893	42 
2894	32 
2895	6 
2896	31 
2897	1 
2898	44 
2899	46 
2900	20 
2901	31 
2902	42 
2903	44 
2904	29 
2905	46 
2906	20 
2907	22 
2908	5 
2909	39 
2910	46 
2911	31 
2912	18 
2913	22 
2914	6 
2915	46 
2916	39 
2917	35 
2918	46 
2919	32 
2920	31 
2921	9 
2922	39 
2923	35 
2924	46 
2925	1 
2926	42 
2927	15 
2928	32 
2929	39 
2930	16 
2931	39 
2932	22 
2933	16 
2934	22 
2935	6 
2936	46 
2937	42 
2938	44 
2939	20 
2940	22 
2941	15 
2942	22 
2943	39 
2944	16 
2945	40 
2946	46 
2947	15 
2948	31 
2949	15 
2950	36 
2951	39 
2952	36 
2953	46 
2954	39 
2955	31 
2956	22 
2957	14 
2958	18 
2959	22 
2960	44 
2961	29 
2962	32 
2963	44 
2964	16 
2965	20 
2966	16 
2967	14 
2968	22 
2969	2 
2970	35 
2971	39 
2972	17 
2973	22 
2974	13 
2975	1 
2976	32 
2977	39 
2978	46 
2979	39 
2980	22 
2981	42 
2982	22 
2983	22 
2984	39 
2985	18 
2986	16 
2987	22 
2988	44 
2989	17 
2990	42 
2991	22 
2992	1 
2993	10 
2994	35 
2995	16 
2996	31 
2997	22 
2998	16 
2999	18 
3000	39 
3001	46 
3002	1 
3003	31 
3004	46 
3005	39 
3006	19 
3007	39 
3008	1 
3009	14 
3010	7 
3011	1 
3012	16 
3013	32 
3014	45 
3015	39 
3016	42 
3017	13 
3018	15 
3019	46 
3020	39 
3021	44 
3022	1 
3023	16 
3024	16 
3025	32 
3026	16 
3027	16 
3028	29 
3029	18 
3030	29 
3031	15 
3032	42 
3033	35 
3034	42 
3035	1 
3036	1 
3037	14 
3038	14 
3039	32 
3040	34 
3041	6 
3042	39 
3043	31 
3044	35 
3045	45 
3046	19 
3047	32 
3048	32 
3049	31 
3050	32 
3051	45 
3052	17 
3053	39 
3054	35 
3055	44 
3056	22 
3057	11 
3058	42 
3059	13 
3060	14 
3061	1 
3062	16 
3063	8 
3064	15 
3065	46 
3066	31 
3067	46 
3068	46 
3069	1 
3070	1 
3071	42 
3072	18 
3073	22 
3074	1 
3075	46 
3076	32 
3077	6 
3078	32 
3079	18 
3080	45 
3081	16 
3082	45 
3083	22 
3084	18 
3085	39 
3086	6 
3087	1 
3088	16 
3089	1 
3090	46 
3091	16 
3092	17 
3093	35 
3094	42 
3095	39 
3096	35 
3097	22 
3098	15 
3099	6 
3100	45 
3101	20 
3102	14 
3103	31 
3104	46 
3105	44 
3106	46 
3107	35 
3108	14 
3109	32 
3110	20 
3111	46 
3112	22 
3113	14 
3114	32 
3115	29 
3116	39 
3117	20 
3118	35 
3119	20 
3120	46 
3121	1 
3122	35 
3123	1 
3124	16 
3125	6 
3126	39 
3127	35 
3128	45 
3129	16 
3130	31 
3131	44 
3132	6 
3133	44 
3134	22 
3135	16 
3136	1 
3137	16 
3138	46 
3139	14 
3140	46 
3141	18 
3142	36 
3143	32 
3144	18 
3145	39 
3146	1 
3147	34 
3148	12 
3149	46 
3150	31 
3151	39 
3152	35 
3153	15 
3154	46 
3155	1 
3156	39 
3157	17 
3158	22 
3159	14 
3160	4 
3161	14 
3162	22 
3163	46 
3164	42 
3165	46 
3166	1 
3167	14 
3168	31 
3169	39 
3170	31 
3171	29 
3172	39 
3173	32 
3174	40 
3175	22 
3176	14 
3177	1 
3178	1 
3179	32 
3180	31 
3181	27 
3182	20 
3183	17 
3184	46 
3185	35 
3186	16 
3187	42 
3188	42 
3189	38 
3190	22 
3191	46 
3192	32 
3193	35 
3194	14 
3195	46 
3196	46 
3197	12 
3198	1 
3199	46 
3200	39 
3201	35 
3202	46 
3203	19 
3204	16 
3205	1 
3206	39 
3207	22 
3208	20 
3209	32 
3210	35 
3211	46 
3212	39 
3213	1 
3214	35 
3215	44 
3216	31 
3217	29 
3218	16 
3219	22 
3220	20 
3221	22 
3222	32 
3223	17 
3224	18 
3225	14 
3226	46 
3227	12 
3228	22 
3229	39 
3230	24 
3231	1 
3232	22 
3233	16 
3234	22 
3235	42 
3236	31 
3237	14 
3238	46 
3239	15 
3240	8 
3241	36 
3242	20 
3243	39 
3244	32 
3245	20 
3246	1 
3247	46 
3248	31 
3249	15 
3250	18 
3251	46 
3252	31 
3253	15 
3254	46 
3255	16 
3256	22 
3257	32 
3258	46 
3259	15 
3260	10 
3261	16 
3262	14 
3263	18 
3264	1 
3265	31 
3266	33 
3267	1 
3268	7 
3269	19 
3270	1 
3271	15 
3272	3 
3273	42 
3274	44 
3275	46 
3276	46 
3277	16 
3278	22 
3279	46 
3280	39 
3281	22 
3282	36 
3283	18 
3284	22 
3285	31 
3286	16 
3287	32 
3288	39 
3289	39 
3290	32 
3291	45 
3292	46 
3293	27 
3294	14 
3295	39 
3296	46 
3297	20 
3298	22 
3299	31 
3300	39 
3301	45 
3302	1 
3303	44 
3304	18 
3305	31 
3306	22 
3307	20 
3308	1 
3309	16 
3310	1 
3311	1 
3312	12 
3313	17 
3314	22 
3315	20 
3316	22 
3317	39 
3318	31 
3319	32 
3320	16 
3321	18 
3322	42 
3323	29 
3324	1 
3325	1 
3326	3 
3327	12 
3328	6 
3329	1 
3330	31 
3331	46 
3332	29 
3333	32 
3334	18 
3335	39 
3336	16 
3337	39 
3338	35 
3339	46 
3340	32 
3341	1 
3342	46 
3343	39 
3344	16 
3345	20 
3346	45 
3347	39 
3348	7 
3349	46 
3350	22 
3351	31 
3352	16 
3353	6 
3354	20 
3355	6 
3356	39 
3357	1 
3358	39 
3359	16 
3360	39 
3361	31 
3362	7 
3363	22 
3364	22 
3365	16 
3366	46 
3367	16 
3368	22 
3369	29 
3370	29 
3371	22 
3372	39 
3373	18 
3374	18 
3375	10 
3376	1 
3377	16 
3378	24 
3379	22 
3380	46 
3381	16 
3382	3 
3383	32 
3384	1 
3385	35 
3386	14 
3387	6 
3388	14 
3389	46 
3390	44 
3391	46 
3392	16 
3393	35 
3394	16 
3395	11 
3396	46 
3397	44 
3398	17 
3399	42 
3400	16 
3401	20 
3402	15 
3403	22 
3404	2 
3405	16 
3406	14 
3407	17 
3408	1 
3409	18 
3410	31 
3411	18 
3412	46 
3413	6 
3414	16 
3415	46 
3416	35 
3417	32 
3418	16 
3419	17 
3420	16 
3421	39 
3422	39 
3423	44 
3424	31 
3425	46 
3426	33 
3427	8 
3428	42 
3429	22 
3430	46 
3431	22 
3432	39 
3433	31 
3434	46 
3435	35 
3436	31 
3437	16 
3438	1 
3439	15 
3440	20 
3441	34 
3442	1 
3443	16 
3444	32 
3445	31 
3446	1 
3447	16 
3448	46 
3449	46 
3450	14 
3451	29 
3452	22 
3453	35 
3454	32 
3455	16 
3456	14 
3457	5 
3458	31 
3459	46 
3460	33 
3461	42 
3462	22 
3463	35 
3464	32 
3465	16 
3466	35 
3467	44 
3468	44 
3469	14 
3470	20 
3471	22 
3472	15 
3473	39 
3474	39 
3475	39 
3476	32 
3477	22 
3478	35 
3479	31 
3480	44 
3481	16 
3482	39 
3483	10 
3484	3 
3485	16 
3486	39 
3487	20 
3488	22 
3489	16 
3490	3 
3491	46 
3492	10 
3493	39 
3494	18 
3495	34 
3496	39 
3497	20 
3498	46 
3499	1 
3500	31 
3501	16 
3502	1 
3503	20 
3504	46 
3505	8 
3506	17 
3507	39 
3508	4 
3509	16 
3510	15 
3511	39 
3512	39 
3513	16 
3514	16 
3515	1 
3516	11 
3517	31 
3518	22 
3519	42 
3520	42 
3521	16 
3522	16 
3523	12 
3524	12 
3525	39 
3526	4 
3527	16 
3528	17 
3529	22 
3530	46 
3531	46 
3532	39 
3533	20 
3534	39 
3535	31 
3536	31 
3537	31 
3538	46 
3539	46 
3540	35 
3541	22 
3542	44 
3543	12 
3544	22 
3545	39 
3546	32 
3547	46 
3548	42 
3549	29 
3550	16 
3551	5 
3552	1 
3553	32 
3554	22 
3555	31 
3556	31 
3557	42 
3558	46 
3559	20 
3560	42 
3561	6 
3562	42 
3563	3 
3564	14 
3565	7 
3566	11 
3567	18 
3568	14 
3569	39 
3570	22 
3571	46 
3572	12 
3573	16 
3574	31 
3575	46 
3576	16 
3577	31 
3578	42 
3579	35 
3580	32 
3581	16 
3582	1 
3583	3 
3584	39 
3585	19 
3586	16 
3587	16 
3588	15 
3589	42 
3590	39 
3591	32 
3592	14 
3593	46 
3594	14 
3595	8 
3596	22 
3597	14 
3598	22 
3599	16 
3600	39 
3601	46 
3602	33 
3603	46 
3604	12 
3605	31 
3606	31 
3607	22 
3608	17 
3609	6 
3610	1 
3611	18 
3612	46 
3613	39 
3614	20 
3615	32 
3616	44 
3617	1 
3618	34 
3619	46 
3620	22 
3621	42 
3622	14 
3623	39 
3624	22 
3625	39 
3626	39 
3627	16 
3628	1 
3629	46 
3630	15 
3631	3 
3632	20 
3633	16 
3634	35 
3635	1 
3636	39 
3637	1 
3638	42 
3639	17 
3640	46 
3641	19 
3642	8 
3643	11 
3644	35 
3645	1 
3646	1 
3647	42 
3648	32 
3649	32 
3650	32 
3651	12 
3652	16 
3653	1 
3654	12 
3655	18 
3656	46 
3657	14 
3658	15 
3659	31 
3660	35 
3661	39 
3662	39 
3663	22 
3664	22 
3665	32 
3666	22 
3667	1 
3668	1 
3669	31 
3670	1 
3671	22 
3672	44 
3673	42 
3674	1 
3675	18 
3676	46 
3677	35 
3678	14 
3679	46 
3680	46 
3681	22 
3682	44 
3683	22 
3684	31 
3685	35 
3686	16 
3687	1 
3688	14 
3689	34 
3690	31 
3691	31 
3692	22 
3693	1 
3694	35 
3695	44 
3696	46 
3697	46 
3698	39 
3699	16 
3700	20 
3701	16 
3702	22 
3703	32 
3704	1 
3705	32 
3706	16 
3707	39 
3708	3 
3709	46 
3710	33 
3711	44 
3712	7 
3713	46 
3714	39 
3715	39 
3716	14 
3717	17 
3718	6 
3719	39 
3720	39 
3721	12 
3722	22 
3723	20 
3724	12 
3725	16 
3726	42 
3727	22 
3728	7 
3729	14 
3730	1 
3731	14 
3732	32 
3733	22 
3734	33 
3735	16 
3736	39 
3737	6 
3738	7 
3739	39 
3740	17 
3741	14 
3742	15 
3743	46 
3744	39 
3745	42 
3746	35 
3747	20 
3748	39 
3749	15 
3750	16 
3751	1 
3752	7 
3753	42 
3754	39 
3755	22 
3756	32 
3757	46 
3758	33 
3759	42 
3760	6 
3761	14 
3762	46 
3763	31 
3764	31 
3765	42 
3766	39 
3767	35 
3768	20 
3769	20 
3770	16 
3771	32 
3772	39 
3773	46 
3774	46 
3775	8 
3776	39 
3777	14 
3778	46 
3779	46 
3780	16 
3781	18 
3782	31 
3783	14 
3784	32 
3785	22 
3786	14 
3787	39 
3788	17 
3789	15 
3790	29 
3791	22 
3792	34 
3793	16 
3794	3 
3795	32 
3796	46 
3797	35 
3798	20 
3799	42 
3800	6 
3801	39 
3802	4 
3803	46 
3804	42 
3805	19 
3806	1 
3807	46 
3808	6 
3809	39 
3810	8 
3811	34 
3812	31 
3813	20 
3814	39 
3815	35 
3816	31 
3817	45 
3818	16 
3819	31 
3820	39 
3821	14 
3822	32 
3823	1 
3824	16 
3825	6 
3826	7 
3827	1 
3828	22 
3829	22 
3830	22 
3831	12 
3832	31 
3833	40 
3834	39 
3835	45 
3836	31 
3837	46 
3838	3 
3839	15 
3840	40 
3841	15 
3842	6 
3843	29 
3844	14 
3845	20 
3846	22 
3847	22 
3848	35 
3849	46 
3850	32 
3851	46 
3852	22 
3853	16 
3854	39 
3855	22 
3856	46 
3857	44 
3858	15 
3859	17 
3860	42 
3861	16 
3862	39 
3863	44 
3864	22 
3865	35 
3866	22 
3867	46 
3868	8 
3869	35 
3870	46 
3871	46 
3872	14 
3873	17 
3874	1 
3875	1 
3876	16 
3877	31 
3878	32 
3879	1 
3880	29 
3881	42 
3882	20 
3883	46 
3884	31 
3885	14 
3886	39 
3887	5 
3888	29 
3889	31 
3890	39 
3891	32 
3892	22 
3893	46 
3894	46 
3895	22 
3896	45 
3897	16 
3898	1 
3899	35 
3900	46 
3901	16 
3902	39 
3903	6 
3904	35 
3905	35 
3906	16 
3907	44 
3908	31 
3909	35 
3910	9 
3911	18 
3912	22 
3913	39 
3914	39 
3915	14 
3916	40 
3917	33 
3918	6 
3919	42 
3920	16 
3921	29 
3922	17 
3923	33 
3924	1 
3925	17 
3926	17 
3927	7 
3928	44 
3929	1 
3930	22 
3931	42 
3932	16 
3933	44 
3934	22 
3935	39 
3936	14 
3937	46 
3938	20 
3939	18 
3940	15 
3941	1 
3942	20 
3943	15 
3944	39 
3945	32 
3946	39 
3947	4 
3948	32 
3949	20 
3950	1 
3951	16 
3952	18 
3953	39 
3954	39 
3955	35 
3956	14 
3957	31 
3958	46 
3959	22 
3960	32 
3961	35 
3962	16 
3963	36 
3964	36 
3965	6 
3966	44 
3967	15 
3968	6 
3969	8 
3970	18 
3971	42 
3972	32 
3973	20 
3974	20 
3975	20 
3976	35 
3977	17 
3978	31 
3979	36 
3980	31 
3981	18 
3982	6 
3983	45 
3984	33 
3985	35 
3986	22 
3987	20 
3988	22 
3989	46 
3990	17 
3991	31 
3992	20 
3993	12 
3994	35 
3995	31 
3996	31 
3997	44 
3998	15 
3999	39 
4000	46 
4001	39 
4002	32 
4003	1 
4004	35 
4005	18 
4006	1 
4007	22 
4008	12 
4009	46 
4010	1 
4011	14 
4012	29 
4013	1 
4014	17 
4015	35 
4016	18 
4017	32 
4018	36 
4019	39 
4020	22 
4021	44 
4022	16 
4023	4 
4024	17 
4025	20 
4026	1 
4027	39 
4028	14 
4029	35 
4030	14 
4031	35 
4032	36 
4033	46 
4034	22 
4035	14 
4036	32 
4037	10 
4038	16 
4039	16 
4040	35 
4041	33 
4042	1 
4043	16 
4044	46 
4045	46 
4046	33 
4047	42 
4048	31 
4049	39 
4050	46 
4051	31 
4052	22 
4053	1 
4054	22 
4055	22 
4056	39 
4057	31 
4058	6 
4059	20 
4060	31 
4061	45 
4062	20 
4063	1 
4064	32 
4065	31 
4066	29 
4067	20 
4068	34 
4069	42 
4070	18 
4071	5 
4072	15 
4073	31 
4074	16 
4075	39 
4076	1 
4077	34 
4078	35 
4079	32 
4080	1 
4081	16 
4082	39 
4083	46 
4084	22 
4085	39 
4086	32 
4087	39 
4088	14 
4089	16 
4090	16 
4091	39 
4092	32 
4093	22 
4094	16 
4095	40 
4096	14 
4097	46 
4098	38 
4099	4 
4100	39 
4101	31 
4102	22 
4103	6 
4104	20 
4105	35 
4106	32 
4107	6 
4108	32 
4109	39 
4110	32 
4111	46 
4112	46 
4113	46 
4114	46 
4115	15 
4116	42 
4117	1 
4118	46 
4119	16 
4120	17 
4121	1 
4122	16 
4123	39 
4124	46 
4125	46 
4126	20 
4127	38 
4128	1 
4129	32 
4130	46 
4131	15 
4132	46 
4133	39 
4134	16 
4135	22 
4136	16 
4137	1 
4138	22 
4139	39 
4140	31 
4141	39 
4142	32 
4143	44 
4144	33 
4145	22 
4146	16 
4147	36 
4148	1 
4149	22 
4150	12 
4151	15 
4152	32 
4153	15 
4154	22 
4155	16 
4156	31 
4157	20 
4158	16 
4159	12 
4160	22 
4161	22 
4162	18 
4163	39 
4164	22 
4165	32 
4166	29 
4167	35 
4168	46 
4169	7 
4170	42 
4171	14 
4172	42 
4173	22 
4174	32 
4175	20 
4176	16 
4177	9 
4178	39 
4179	31 
4180	39 
4181	44 
4182	44 
4183	16 
4184	39 
4185	42 
4186	35 
4187	1 
4188	46 
4189	22 
4190	32 
4191	34 
4192	20 
4193	15 
4194	12 
4195	31 
4196	1 
4197	20 
4198	16 
4199	29 
4200	9 
4201	22 
4202	34 
4203	22 
4204	14 
4205	5 
4206	3 
4207	14 
4208	1 
4209	17 
4210	32 
4211	22 
4212	35 
4213	32 
4214	22 
4215	15 
4216	15 
4217	31 
4218	32 
4219	31 
4220	31 
4221	39 
4222	31 
4223	6 
4224	45 
4225	6 
4226	22 
4227	3 
4228	31 
4229	16 
4230	9 
4231	22 
4232	39 
4233	22 
4234	15 
4235	31 
4236	39 
4237	32 
4238	29 
4239	1 
4240	35 
4241	44 
4242	22 
4243	31 
4244	22 
4245	20 
4246	20 
4247	16 
4248	31 
4249	1 
4250	1 
4251	22 
4252	12 
4253	32 
4254	44 
4255	42 
4256	32 
4257	39 
4258	46 
4259	1 
4260	35 
4261	16 
4262	1 
4263	17 
4264	39 
4265	19 
4266	22 
4267	22 
4268	22 
4269	31 
4270	42 
4271	31 
4272	14 
4273	20 
4274	22 
4275	8 
4276	6 
4277	6 
4278	32 
4279	35 
4280	35 
4281	15 
4282	22 
4283	46 
4284	31 
4285	22 
4286	36 
4287	15 
4288	46 
4289	6 
4290	31 
4291	44 
4292	46 
4293	42 
4294	35 
4295	16 
4296	20 
4297	34 
4298	16 
4299	20 
4300	3 
4301	44 
4302	42 
4303	31 
4304	33 
4305	18 
4306	32 
4307	16 
4308	16 
4309	22 
4310	46 
4311	15 
4312	42 
4313	6 
4314	39 
4315	20 
4316	31 
4317	1 
4318	45 
4319	10 
4320	22 
4321	35 
4322	35 
4323	16 
4324	39 
4325	20 
4326	46 
4327	18 
4328	20 
4329	15 
4330	39 
4331	46 
4332	1 
4333	31 
4334	1 
4335	1 
4336	20 
4337	32 
4338	32 
4339	22 
4340	32 
4341	17 
4342	9 
4343	22 
4344	35 
4345	46 
4346	16 
4347	22 
4348	20 
4349	18 
4350	4 
4351	44 
4352	44 
4353	20 
4354	39 
4355	32 
4356	42 
4357	32 
4358	15 
4359	35 
4360	31 
4361	35 
4362	14 
4363	35 
4364	32 
4365	6 
4366	44 
4367	46 
4368	33 
4369	17 
4370	35 
4371	3 
4372	46 
4373	45 
4374	16 
4375	39 
4376	16 
4377	31 
4378	1 
4379	32 
4380	42 
4381	20 
4382	19 
4383	22 
4384	14 
4385	45 
4386	46 
4387	31 
4388	22 
4389	20 
4390	22 
4391	32 
4392	16 
4393	31 
4394	1 
4395	16 
4396	16 
4397	39 
4398	31 
4399	46 
4400	42 
4401	45 
4402	35 
4403	1 
4404	18 
4405	16 
4406	1 
4407	31 
4408	17 
4409	14 
4410	39 
4411	20 
4412	15 
4413	31 
4414	18 
4415	33 
4416	16 
4417	46 
4418	22 
4419	20 
4420	15 
4421	31 
4422	6 
4423	20 
4424	20 
4425	31 
4426	1 
4427	6 
4428	14 
4429	16 
4430	39 
4431	12 
4432	31 
4433	1 
4434	31 
4435	46 
4436	46 
4437	22 
4438	35 
4439	44 
4440	16 
4441	46 
4442	39 
4443	32 
4444	22 
4445	22 
4446	18 
4447	1 
4448	12 
4449	1 
4450	16 
4451	18 
4452	8 
4453	22 
4454	22 
4455	9 
4456	35 
4457	16 
4458	39 
4459	39 
4460	22 
4461	32 
4462	18 
4463	36 
4464	20 
4465	44 
4466	14 
4467	22 
4468	46 
4469	39 
4470	18 
4471	44 
4472	46 
4473	16 
4474	17 
4475	39 
4476	42 
4477	22 
4478	35 
4479	42 
4480	15 
4481	18 
4482	46 
4483	31 
4484	44 
4485	36 
4486	16 
4487	20 
4488	20 
4489	31 
4490	15 
4491	18 
4492	31 
4493	36 
4494	16 
4495	46 
4496	3 
4497	39 
4498	22 
4499	45 
4500	6 
4501	19 
4502	14 
4503	16 
4504	31 
4505	19 
4506	9 
4507	31 
4508	14 
4509	1 
4510	39 
4511	32 
4512	39 
4513	20 
4514	16 
4515	15 
4516	20 
4517	42 
4518	39 
4519	17 
4520	6 
4521	18 
4522	32 
4523	16 
4524	35 
4525	6 
4526	42 
4527	20 
4528	18 
4529	20 
4530	32 
4531	16 
4532	44 
4533	20 
4534	22 
4535	15 
4536	20 
4537	8 
4538	46 
4539	39 
4540	22 
4541	20 
4542	3 
4543	32 
4544	31 
4545	15 
4546	46 
4547	44 
4548	39 
4549	14 
4550	22 
4551	31 
4552	31 
4553	15 
4554	15 
4555	22 
4556	3 
4557	39 
4558	34 
4559	31 
4560	31 
4561	31 
4562	15 
4563	32 
4564	14 
4565	35 
4566	39 
4567	12 
4568	44 
4569	22 
4570	22 
4571	20 
4572	19 
4573	16 
4574	46 
4575	18 
4576	16 
4577	44 
4578	17 
4579	20 
4580	6 
4581	16 
4582	1 
4583	39 
4584	22 
4585	16 
4586	1 
4587	20 
4588	31 
4589	39 
4590	46 
4591	46 
4592	22 
4593	1 
4594	20 
4595	1 
4596	6 
4597	6 
4598	1 
4599	20 
4600	15 
4601	45 
4602	18 
4603	39 
4604	32 
4605	32 
4606	46 
4607	31 
4608	6 
4609	35 
4610	14 
4611	17 
4612	15 
4613	22 
4614	45 
4615	39 
4616	22 
4617	34 
4618	46 
4619	14 
4620	1 
4621	22 
4622	46 
4623	6 
4624	32 
4625	32 
4626	16 
4627	20 
4628	18 
4629	8 
4630	31 
4631	16 
4632	46 
4633	31 
4634	22 
4635	46 
4636	22 
4637	14 
4638	44 
4639	46 
4640	22 
4641	46 
4642	16 
4643	39 
4644	7 
4645	46 
4646	22 
4647	46 
4648	36 
4649	16 
4650	1 
4651	22 
4652	22 
4653	44 
4654	35 
4655	1 
4656	46 
4657	44 
4658	42 
4659	20 
4660	39 
4661	45 
4662	15 
4663	22 
4664	46 
4665	42 
4666	6 
4667	46 
4668	39 
4669	46 
4670	39 
4671	17 
4672	1 
4673	39 
4674	18 
4675	39 
4676	16 
4677	22 
4678	8 
4679	1 
4680	18 
4681	42 
4682	22 
4683	22 
4684	39 
4685	14 
4686	14 
4687	1 
4688	16 
4689	1 
4690	20 
4691	22 
4692	1 
4693	14 
4694	12 
4695	31 
4696	22 
4697	46 
4698	1 
4699	29 
4700	46 
4701	46 
4702	7 
4703	14 
4704	3 
4705	1 
4706	1 
4707	33 
4708	14 
4709	22 
4710	46 
4711	16 
4712	6 
4713	42 
4714	45 
4715	14 
4716	18 
4717	20 
4718	1 
4719	20 
4720	16 
4721	1 
4722	31 
4723	22 
4724	35 
4725	20 
4726	16 
4727	14 
4728	35 
4729	22 
4730	32 
4731	16 
4732	19 
4733	46 
4734	46 
4735	15 
4736	17 
4737	20 
4738	46 
4739	35 
4740	39 
4741	6 
4742	16 
4743	22 
4744	46 
4745	39 
4746	46 
4747	15 
4748	22 
4749	39 
4750	42 
4751	31 
4752	16 
4753	46 
4754	39 
4755	31 
4756	1 
4757	1 
4758	17 
4759	39 
4760	15 
4761	45 
4762	22 
4763	39 
4764	20 
4765	20 
4766	31 
4767	1 
4768	15 
4769	6 
4770	46 
4771	42 
4772	14 
4773	14 
4774	1 
4775	29 
4776	1 
4777	6 
4778	46 
4779	46 
4780	16 
4781	17 
4782	16 
4783	39 
4784	20 
4785	14 
4786	1 
4787	22 
4788	1 
4789	16 
4790	16 
4791	16 
4792	1 
4793	46 
4794	22 
4795	14 
4796	31 
4797	20 
4798	6 
4799	20 
4800	22 
4801	6 
4802	15 
4803	35 
4804	35 
4805	1 
4806	6 
4807	6 
4808	32 
4809	46 
4810	31 
4811	42 
4812	46 
4813	1 
4814	22 
4815	46 
4816	39 
4817	35 
4818	14 
4819	35 
4820	31 
4821	39 
4822	12 
4823	18 
4824	15 
4825	16 
4826	46 
4827	46 
4828	6 
4829	22 
4830	16 
4831	42 
4832	39 
4833	39 
4834	18 
4835	1 
4836	17 
4837	16 
4838	35 
4839	31 
4840	1 
4841	17 
4842	31 
4843	20 
4844	22 
4845	6 
4846	14 
4847	22 
4848	16 
4849	31 
4850	31 
4851	46 
4852	18 
4853	16 
4854	39 
4855	46 
4856	1 
4857	22 
4858	1 
4859	18 
4860	14 
4861	15 
4862	32 
4863	16 
4864	35 
4865	17 
4866	31 
4867	31 
4868	18 
4869	20 
4870	46 
4871	16 
4872	31 
4873	16 
4874	22 
4875	16 
4876	35 
4877	17 
4878	1 
4879	17 
4880	32 
4881	39 
4882	20 
4883	32 
4884	1 
4885	18 
4886	39 
4887	22 
4888	17 
4889	46 
4890	14 
4891	17 
4892	46 
4893	39 
4894	46 
4895	14 
4896	35 
4897	46 
4898	15 
4899	31 
4900	15 
4901	20 
4902	32 
4903	14 
4904	42 
4905	46 
4906	31 
4907	46 
4908	14 
4909	18 
4910	16 
4911	18 
4912	16 
4913	39 
4914	35 
4915	18 
4916	20 
4917	20 
4918	18 
4919	42 
4920	22 
4921	1 
4922	35 
4923	31 
4924	22 
4925	17 
4926	22 
4927	20 
4928	16 
4929	31 
4930	20 
4931	31 
4932	39 
4933	6 
4934	15 
4935	46 
4936	42 
4937	31 
4938	42 
4939	20 
4940	46 
4941	31 
4942	16 
4943	31 
4944	14 
4945	39 
4946	15 
4947	14 
4948	31 
4949	22 
4950	22 
4951	14 
4952	22 
4953	22 
4954	22 
4955	46 
4956	31 
4957	6 
4958	20 
4959	42 
4960	31 
4961	16 
4962	32 
4963	22 
4964	46 
4965	22 
4966	31 
4967	20 
4968	22 
4969	1 
4970	22 
4971	42 
4972	31 
4973	14 
4974	22 
4975	32 
4976	32 
4977	46 
4978	1 
4979	39 
4980	35 
4981	31 
4982	35 
4983	32 
4984	22 
4985	14 
4986	16 
4987	16 
4988	16 
4989	35 
4990	46 
4991	39 
4992	20 
4993	1 
4994	46 
4995	1 
4996	39 
4997	31 
4998	31 
4999	16 
5000	39 
