1	57 
2	39 
3	48 
4	18 
5	45 
6	82 
7	56 
8	85 
9	36 
10	18 
11	18 
12	39 
13	7 
14	50 
15	69 
16	37 
17	10 
18	62 
19	81 
20	85 
21	66 
22	50 
23	21 
24	70 
25	64 
26	88 
27	59 
28	25 
29	7 
30	69 
31	26 
32	7 
33	81 
34	20 
35	19 
36	89 
37	8 
38	74 
39	53 
40	63 
41	34 
42	17 
43	18 
44	13 
45	43 
46	46 
47	96 
48	21 
49	27 
50	69 
51	85 
52	73 
53	9 
54	5 
55	98 
56	91 
57	53 
58	10 
59	75 
60	12 
61	45 
62	6 
63	84 
64	34 
65	87 
66	34 
67	81 
68	45 
69	19 
70	56 
71	72 
72	84 
73	31 
74	73 
75	39 
76	86 
77	72 
78	91 
79	11 
80	44 
81	98 
82	47 
83	88 
84	12 
85	83 
86	97 
87	57 
88	48 
89	5 
90	68 
91	82 
92	95 
93	34 
94	20 
95	62 
96	68 
97	54 
98	2 
99	37 
100	60 
101	90 
102	15 
103	95 
104	79 
105	49 
106	96 
107	50 
108	85 
109	28 
110	54 
111	52 
112	2 
113	40 
114	54 
115	29 
116	63 
117	46 
118	48 
119	19 
120	73 
121	68 
122	87 
123	96 
124	75 
125	76 
126	74 
127	40 
128	36 
129	35 
130	39 
131	8 
132	7 
133	69 
134	29 
135	2 
136	95 
137	40 
138	24 
139	39 
140	33 
141	45 
142	26 
143	56 
144	95 
145	40 
146	7 
147	71 
148	44 
149	88 
150	33 
151	41 
152	60 
153	79 
154	39 
155	8 
156	39 
157	1 
158	11 
159	60 
160	77 
161	29 
162	11 
163	14 
164	60 
165	14 
166	18 
167	50 
168	54 
169	11 
170	79 
171	29 
172	65 
173	64 
174	22 
175	43 
176	84 
177	73 
178	49 
179	87 
180	38 
181	6 
182	49 
183	53 
184	77 
185	76 
186	30 
187	45 
188	89 
189	70 
190	43 
191	66 
192	82 
193	63 
194	32 
195	17 
196	5 
197	41 
198	13 
199	74 
200	12 
201	87 
202	92 
203	74 
204	93 
205	42 
206	36 
207	39 
208	42 
209	24 
210	73 
211	46 
212	41 
213	11 
214	26 
215	88 
216	68 
217	29 
218	35 
219	41 
220	1 
221	29 
222	100 
223	65 
224	99 
225	49 
226	95 
227	15 
228	78 
229	18 
230	26 
231	2 
232	4 
233	22 
234	82 
235	54 
236	90 
237	97 
238	83 
239	50 
240	25 
241	35 
242	14 
243	45 
244	49 
245	67 
246	40 
247	50 
248	14 
249	22 
250	2 
251	92 
252	73 
253	10 
254	52 
255	91 
256	41 
257	1 
258	8 
259	8 
260	35 
261	21 
262	18 
263	61 
264	47 
265	68 
266	27 
267	70 
268	41 
269	39 
270	74 
271	79 
272	29 
273	46 
274	99 
275	4 
276	8 
277	73 
278	46 
279	38 
280	17 
281	38 
282	79 
283	60 
284	59 
285	61 
286	11 
287	70 
288	62 
289	20 
290	37 
291	6 
292	58 
293	12 
294	85 
295	24 
296	58 
297	79 
298	87 
299	6 
300	35 
301	15 
302	62 
303	60 
304	74 
305	95 
306	84 
307	44 
308	23 
309	10 
310	47 
311	46 
312	95 
313	46 
314	21 
315	85 
316	39 
317	29 
318	35 
319	20 
320	3 
321	61 
322	10 
323	43 
324	31 
325	88 
326	62 
327	74 
328	5 
329	61 
330	46 
331	80 
332	17 
333	11 
334	2 
335	55 
336	1 
337	61 
338	54 
339	6 
340	59 
341	31 
342	41 
343	40 
344	21 
345	58 
346	57 
347	98 
348	90 
349	92 
350	10 
351	88 
352	50 
353	78 
354	63 
355	5 
356	13 
357	95 
358	89 
359	94 
360	2 
361	95 
362	60 
363	90 
364	15 
365	91 
366	14 
367	17 
368	90 
369	98 
370	80 
371	39 
372	54 
373	34 
374	20 
375	26 
376	59 
377	83 
378	57 
379	51 
380	65 
381	38 
382	81 
383	3 
384	2 
385	69 
386	91 
387	84 
388	83 
389	75 
390	30 
391	48 
392	91 
393	91 
394	99 
395	29 
396	5 
397	98 
398	54 
399	47 
400	82 
401	19 
402	24 
403	10 
404	58 
405	14 
406	53 
407	35 
408	10 
409	71 
410	67 
411	15 
412	46 
413	59 
414	54 
415	65 
416	45 
417	7 
418	24 
419	43 
420	20 
421	57 
422	45 
423	79 
424	44 
425	70 
426	44 
427	101 
428	61 
429	75 
430	18 
431	80 
432	74 
433	94 
434	98 
435	73 
436	20 
437	72 
438	80 
439	15 
440	70 
441	79 
442	50 
443	28 
444	38 
445	22 
446	22 
447	57 
448	41 
449	86 
450	45 
451	77 
452	90 
453	58 
454	49 
455	89 
456	7 
457	57 
458	99 
459	33 
460	78 
461	9 
462	7 
463	48 
464	11 
465	10 
466	5 
467	59 
468	63 
469	21 
470	29 
471	77 
472	65 
473	77 
474	53 
475	43 
476	75 
477	22 
478	88 
479	69 
480	11 
481	8 
482	32 
483	41 
484	80 
485	25 
486	65 
487	78 
488	33 
489	18 
490	93 
491	91 
492	13 
493	57 
494	51 
495	43 
496	39 
497	4 
498	80 
499	40 
500	51 
501	24 
502	47 
503	9 
504	44 
505	51 
506	88 
507	21 
508	35 
509	78 
510	50 
511	46 
512	32 
513	6 
514	47 
515	48 
516	96 
517	40 
518	87 
519	101 
520	54 
521	47 
522	87 
523	41 
524	100 
525	2 
526	66 
527	56 
528	13 
529	55 
530	12 
531	12 
532	100 
533	71 
534	34 
535	27 
536	13 
537	91 
538	87 
539	100 
540	77 
541	58 
542	22 
543	46 
544	5 
545	5 
546	93 
547	46 
548	64 
549	65 
550	73 
551	94 
552	101 
553	34 
554	52 
555	29 
556	31 
557	44 
558	86 
559	3 
560	89 
561	44 
562	60 
563	41 
564	74 
565	96 
566	43 
567	43 
568	59 
569	9 
570	64 
571	10 
572	44 
573	99 
574	96 
575	28 
576	2 
577	40 
578	46 
579	10 
580	88 
581	87 
582	18 
583	14 
584	18 
585	35 
586	100 
587	60 
588	6 
589	10 
590	7 
591	85 
592	22 
593	45 
594	27 
595	53 
596	99 
597	48 
598	52 
599	21 
600	74 
601	101 
602	57 
603	44 
604	22 
605	85 
606	47 
607	44 
608	34 
609	99 
610	48 
611	2 
612	4 
613	18 
614	43 
615	63 
616	37 
617	101 
618	42 
619	39 
620	29 
621	44 
622	22 
623	86 
624	39 
625	65 
626	53 
627	10 
628	62 
629	29 
630	46 
631	20 
632	60 
633	28 
634	45 
635	100 
636	51 
637	44 
638	67 
639	11 
640	19 
641	8 
642	86 
643	48 
644	76 
645	56 
646	66 
647	75 
648	66 
649	101 
650	86 
651	27 
652	71 
653	73 
654	58 
655	77 
656	10 
657	18 
658	70 
659	90 
660	17 
661	66 
662	91 
663	22 
664	57 
665	89 
666	65 
667	13 
668	12 
669	91 
670	65 
671	53 
672	63 
673	4 
674	22 
675	85 
676	50 
677	41 
678	40 
679	60 
680	73 
681	60 
682	32 
683	22 
684	67 
685	43 
686	9 
687	60 
688	75 
689	84 
690	91 
691	18 
692	54 
693	100 
694	42 
695	46 
696	62 
697	69 
698	8 
699	2 
700	70 
701	24 
702	73 
703	13 
704	53 
705	34 
706	99 
707	9 
708	34 
709	33 
710	2 
711	69 
712	65 
713	12 
714	83 
715	64 
716	72 
717	91 
718	41 
719	94 
720	78 
721	80 
722	9 
723	46 
724	9 
725	54 
726	38 
727	3 
728	99 
729	70 
730	55 
731	47 
732	93 
733	75 
734	50 
735	55 
736	35 
737	8 
738	46 
739	28 
740	41 
741	65 
742	3 
743	32 
744	42 
745	89 
746	10 
747	91 
748	28 
749	92 
750	13 
751	84 
752	21 
753	10 
754	93 
755	27 
756	53 
757	45 
758	78 
759	43 
760	94 
761	36 
762	89 
763	85 
764	63 
765	37 
766	38 
767	55 
768	68 
769	16 
770	33 
771	60 
772	86 
773	39 
774	58 
775	91 
776	63 
777	77 
778	23 
779	61 
780	3 
781	69 
782	58 
783	63 
784	30 
785	41 
786	57 
787	38 
788	84 
789	34 
790	24 
791	6 
792	79 
793	81 
794	22 
795	38 
796	88 
797	60 
798	48 
799	4 
800	89 
801	31 
802	63 
803	3 
804	88 
805	96 
806	64 
807	86 
808	24 
809	85 
810	33 
811	101 
812	77 
813	10 
814	65 
815	54 
816	48 
817	42 
818	35 
819	22 
820	33 
821	55 
822	4 
823	93 
824	85 
825	42 
826	72 
827	81 
828	20 
829	35 
830	24 
831	91 
832	37 
833	39 
834	59 
835	39 
836	1 
837	86 
838	49 
839	46 
840	85 
841	41 
842	28 
843	49 
844	44 
845	62 
846	50 
847	32 
848	33 
849	44 
850	43 
851	96 
852	41 
853	95 
854	85 
855	10 
856	88 
857	39 
858	10 
859	24 
860	13 
861	30 
862	41 
863	58 
864	28 
865	46 
866	73 
867	47 
868	78 
869	90 
870	49 
871	44 
872	100 
873	61 
874	65 
875	33 
876	43 
877	54 
878	30 
879	90 
880	91 
881	46 
882	33 
883	30 
884	74 
885	91 
886	29 
887	62 
888	62 
889	22 
890	88 
891	7 
892	19 
893	72 
894	63 
895	7 
896	34 
897	2 
898	16 
899	35 
900	49 
901	63 
902	8 
903	90 
904	86 
905	86 
906	53 
907	31 
908	10 
909	20 
910	48 
911	48 
912	101 
913	87 
914	43 
915	21 
916	98 
917	3 
918	90 
919	74 
920	36 
921	69 
922	99 
923	8 
924	101 
925	95 
926	21 
927	95 
928	92 
929	33 
930	7 
931	41 
932	4 
933	52 
934	75 
935	20 
936	53 
937	12 
938	83 
939	45 
940	13 
941	56 
942	1 
943	91 
944	96 
945	83 
946	42 
947	44 
948	93 
949	23 
950	45 
951	86 
952	41 
953	72 
954	90 
955	71 
956	11 
957	56 
958	76 
959	7 
960	16 
961	59 
962	34 
963	7 
964	67 
965	29 
966	78 
967	22 
968	39 
969	67 
970	33 
971	16 
972	3 
973	28 
974	65 
975	19 
976	2 
977	17 
978	62 
979	55 
980	34 
981	93 
982	79 
983	76 
984	13 
985	31 
986	11 
987	19 
988	96 
989	86 
990	69 
991	87 
992	34 
993	48 
994	69 
995	76 
996	50 
997	100 
998	18 
999	80 
1000	49 
1001	22 
1002	80 
1003	65 
1004	89 
1005	52 
1006	73 
1007	45 
1008	21 
1009	65 
1010	96 
1011	29 
1012	68 
1013	45 
1014	21 
1015	55 
1016	79 
1017	22 
1018	47 
1019	13 
1020	86 
1021	28 
1022	38 
1023	39 
1024	26 
1025	65 
1026	62 
1027	27 
1028	55 
1029	48 
1030	100 
1031	28 
1032	36 
1033	66 
1034	88 
1035	10 
1036	34 
1037	73 
1038	39 
1039	29 
1040	79 
1041	87 
1042	58 
1043	70 
1044	71 
1045	13 
1046	38 
1047	41 
1048	15 
1049	91 
1050	88 
1051	51 
1052	60 
1053	57 
1054	25 
1055	67 
1056	48 
1057	71 
1058	88 
1059	60 
1060	5 
1061	32 
1062	88 
1063	76 
1064	60 
1065	91 
1066	13 
1067	35 
1068	50 
1069	21 
1070	33 
1071	31 
1072	37 
1073	5 
1074	52 
1075	46 
1076	75 
1077	21 
1078	17 
1079	34 
1080	93 
1081	34 
1082	78 
1083	93 
1084	45 
1085	48 
1086	2 
1087	80 
1088	58 
1089	95 
1090	22 
1091	74 
1092	91 
1093	41 
1094	4 
1095	12 
1096	94 
1097	65 
1098	68 
1099	70 
1100	16 
1101	91 
1102	89 
1103	16 
1104	5 
1105	97 
1106	94 
1107	99 
1108	12 
1109	95 
1110	75 
1111	60 
1112	6 
1113	84 
1114	21 
1115	48 
1116	1 
1117	4 
1118	74 
1119	43 
1120	87 
1121	86 
1122	27 
1123	97 
1124	14 
1125	53 
1126	14 
1127	90 
1128	29 
1129	90 
1130	11 
1131	63 
1132	68 
1133	49 
1134	39 
1135	85 
1136	52 
1137	57 
1138	50 
1139	97 
1140	36 
1141	59 
1142	34 
1143	46 
1144	70 
1145	29 
1146	34 
1147	39 
1148	47 
1149	82 
1150	16 
1151	19 
1152	35 
1153	89 
1154	91 
1155	66 
1156	17 
1157	34 
1158	6 
1159	9 
1160	11 
1161	76 
1162	79 
1163	78 
1164	10 
1165	64 
1166	66 
1167	7 
1168	21 
1169	42 
1170	95 
1171	3 
1172	62 
1173	75 
1174	59 
1175	65 
1176	74 
1177	49 
1178	56 
1179	32 
1180	80 
1181	60 
1182	43 
1183	58 
1184	35 
1185	98 
1186	91 
1187	21 
1188	42 
1189	97 
1190	92 
1191	20 
1192	74 
1193	18 
1194	11 
1195	86 
1196	3 
1197	100 
1198	58 
1199	48 
1200	44 
1201	6 
1202	50 
1203	82 
1204	27 
1205	97 
1206	46 
1207	19 
1208	74 
1209	47 
1210	5 
1211	90 
1212	83 
1213	11 
1214	15 
1215	95 
1216	73 
1217	29 
1218	75 
1219	18 
1220	63 
1221	74 
1222	60 
1223	11 
1224	37 
1225	101 
1226	90 
1227	97 
1228	24 
1229	15 
1230	60 
1231	18 
1232	63 
1233	98 
1234	85 
1235	76 
1236	41 
1237	21 
1238	76 
1239	54 
1240	72 
1241	7 
1242	60 
1243	5 
1244	89 
1245	14 
1246	21 
1247	18 
1248	9 
1249	31 
1250	95 
1251	79 
1252	54 
1253	91 
1254	61 
1255	56 
1256	16 
1257	55 
1258	53 
1259	11 
1260	61 
1261	15 
1262	68 
1263	5 
1264	46 
1265	76 
1266	42 
1267	46 
1268	58 
1269	92 
1270	41 
1271	7 
1272	21 
1273	34 
1274	43 
1275	83 
1276	91 
1277	70 
1278	54 
1279	90 
1280	42 
1281	39 
1282	84 
1283	22 
1284	37 
1285	75 
1286	96 
1287	9 
1288	54 
1289	4 
1290	27 
1291	88 
1292	73 
1293	60 
1294	58 
1295	84 
1296	60 
1297	14 
1298	4 
1299	73 
1300	91 
1301	43 
1302	54 
1303	71 
1304	73 
1305	16 
1306	10 
1307	44 
1308	73 
1309	44 
1310	14 
1311	50 
1312	34 
1313	32 
1314	71 
1315	22 
1316	4 
1317	46 
1318	73 
1319	40 
1320	17 
1321	65 
1322	39 
1323	96 
1324	66 
1325	84 
1326	58 
1327	77 
1328	2 
1329	20 
1330	21 
1331	70 
1332	43 
1333	29 
1334	18 
1335	99 
1336	67 
1337	77 
1338	76 
1339	65 
1340	17 
1341	58 
1342	10 
1343	61 
1344	41 
1345	70 
1346	30 
1347	59 
1348	67 
1349	66 
1350	11 
1351	20 
1352	9 
1353	10 
1354	88 
1355	18 
1356	23 
1357	58 
1358	48 
1359	41 
1360	5 
1361	87 
1362	41 
1363	73 
1364	2 
1365	16 
1366	46 
1367	22 
1368	22 
1369	72 
1370	14 
1371	7 
1372	65 
1373	5 
1374	97 
1375	3 
1376	86 
1377	81 
1378	2 
1379	20 
1380	85 
1381	6 
1382	79 
1383	35 
1384	98 
1385	100 
1386	21 
1387	93 
1388	88 
1389	14 
1390	44 
1391	30 
1392	40 
1393	39 
1394	89 
1395	27 
1396	75 
1397	67 
1398	29 
1399	68 
1400	44 
1401	22 
1402	100 
1403	20 
1404	20 
1405	17 
1406	67 
1407	94 
1408	75 
1409	7 
1410	14 
1411	89 
1412	61 
1413	10 
1414	11 
1415	60 
1416	4 
1417	46 
1418	67 
1419	97 
1420	47 
1421	77 
1422	66 
1423	17 
1424	8 
1425	23 
1426	46 
1427	58 
1428	56 
1429	56 
1430	10 
1431	9 
1432	55 
1433	97 
1434	16 
1435	69 
1436	98 
1437	58 
1438	70 
1439	54 
1440	72 
1441	98 
1442	25 
1443	100 
1444	29 
1445	93 
1446	44 
1447	5 
1448	59 
1449	61 
1450	54 
1451	54 
1452	2 
1453	88 
1454	35 
1455	9 
1456	63 
1457	87 
1458	50 
1459	29 
1460	8 
1461	22 
1462	45 
1463	60 
1464	52 
1465	91 
1466	48 
1467	66 
1468	10 
1469	52 
1470	16 
1471	67 
1472	11 
1473	78 
1474	63 
1475	41 
1476	80 
1477	54 
1478	45 
1479	15 
1480	16 
1481	29 
1482	6 
1483	97 
1484	23 
1485	4 
1486	33 
1487	17 
1488	12 
1489	21 
1490	53 
1491	73 
1492	95 
1493	70 
1494	5 
1495	68 
1496	29 
1497	44 
1498	62 
1499	29 
1500	60 
1501	29 
1502	1 
1503	37 
1504	54 
1505	16 
1506	72 
1507	55 
1508	60 
1509	10 
1510	51 
1511	51 
1512	79 
1513	14 
1514	99 
1515	91 
1516	21 
1517	1 
1518	2 
1519	90 
1520	44 
1521	18 
1522	14 
1523	32 
1524	71 
1525	60 
1526	58 
1527	76 
1528	1 
1529	85 
1530	5 
1531	87 
1532	91 
1533	50 
1534	45 
1535	60 
1536	35 
1537	19 
1538	16 
1539	45 
1540	31 
1541	14 
1542	2 
1543	42 
1544	4 
1545	3 
1546	69 
1547	11 
1548	53 
1549	3 
1550	19 
1551	75 
1552	38 
1553	51 
1554	99 
1555	31 
1556	47 
1557	53 
1558	65 
1559	23 
1560	16 
1561	5 
1562	8 
1563	58 
1564	74 
1565	18 
1566	43 
1567	53 
1568	46 
1569	77 
1570	74 
1571	45 
1572	2 
1573	45 
1574	82 
1575	75 
1576	95 
1577	26 
1578	43 
1579	49 
1580	65 
1581	25 
1582	81 
1583	44 
1584	22 
1585	10 
1586	99 
1587	41 
1588	101 
1589	97 
1590	57 
1591	76 
1592	46 
1593	78 
1594	38 
1595	74 
1596	101 
1597	57 
1598	22 
1599	42 
1600	10 
1601	88 
1602	50 
1603	73 
1604	38 
1605	66 
1606	57 
1607	93 
1608	19 
1609	7 
1610	73 
1611	6 
1612	42 
1613	85 
1614	58 
1615	43 
1616	56 
1617	14 
1618	24 
1619	56 
1620	23 
1621	37 
1622	56 
1623	96 
1624	41 
1625	68 
1626	70 
1627	100 
1628	29 
1629	3 
1630	34 
1631	89 
1632	50 
1633	77 
1634	45 
1635	46 
1636	88 
1637	57 
1638	63 
1639	19 
1640	35 
1641	98 
1642	90 
1643	90 
1644	7 
1645	81 
1646	17 
1647	77 
1648	86 
1649	56 
1650	46 
1651	39 
1652	54 
1653	1 
1654	56 
1655	16 
1656	79 
1657	99 
1658	75 
1659	45 
1660	48 
1661	55 
1662	20 
1663	36 
1664	56 
1665	69 
1666	21 
1667	11 
1668	21 
1669	90 
1670	26 
1671	55 
1672	25 
1673	73 
1674	35 
1675	56 
1676	27 
1677	7 
1678	70 
1679	95 
1680	95 
1681	72 
1682	84 
1683	19 
1684	34 
1685	2 
1686	8 
1687	21 
1688	49 
1689	58 
1690	39 
1691	74 
1692	50 
1693	62 
1694	59 
1695	10 
1696	15 
1697	58 
1698	50 
1699	43 
1700	12 
1701	3 
1702	76 
1703	42 
1704	4 
1705	7 
1706	15 
1707	13 
1708	15 
1709	80 
1710	101 
1711	73 
1712	46 
1713	2 
1714	30 
1715	86 
1716	52 
1717	6 
1718	23 
1719	89 
1720	101 
1721	51 
1722	71 
1723	53 
1724	38 
1725	70 
1726	56 
1727	70 
1728	73 
1729	80 
1730	69 
1731	42 
1732	72 
1733	100 
1734	72 
1735	83 
1736	72 
1737	29 
1738	49 
1739	9 
1740	70 
1741	41 
1742	15 
1743	100 
1744	39 
1745	70 
1746	16 
1747	51 
1748	55 
1749	99 
1750	52 
1751	29 
1752	43 
1753	44 
1754	49 
1755	79 
1756	38 
1757	7 
1758	31 
1759	88 
1760	46 
1761	93 
1762	5 
1763	63 
1764	1 
1765	42 
1766	11 
1767	43 
1768	11 
1769	27 
1770	101 
1771	60 
1772	32 
1773	7 
1774	94 
1775	25 
1776	10 
1777	56 
1778	100 
1779	79 
1780	38 
1781	36 
1782	31 
1783	88 
1784	13 
1785	93 
1786	90 
1787	7 
1788	33 
1789	7 
1790	2 
1791	58 
1792	82 
1793	43 
1794	91 
1795	91 
1796	101 
1797	35 
1798	91 
1799	67 
1800	84 
1801	54 
1802	94 
1803	27 
1804	13 
1805	72 
1806	16 
1807	65 
1808	52 
1809	77 
1810	36 
1811	37 
1812	26 
1813	12 
1814	7 
1815	75 
1816	19 
1817	44 
1818	37 
1819	90 
1820	50 
1821	49 
1822	86 
1823	26 
1824	74 
1825	36 
1826	26 
1827	19 
1828	8 
1829	97 
1830	16 
1831	79 
1832	46 
1833	67 
1834	87 
1835	87 
1836	51 
1837	65 
1838	81 
1839	30 
1840	11 
1841	7 
1842	24 
1843	56 
1844	25 
1845	81 
1846	41 
1847	81 
1848	35 
1849	44 
1850	64 
1851	52 
1852	35 
1853	101 
1854	25 
1855	90 
1856	50 
1857	4 
1858	99 
1859	62 
1860	12 
1861	23 
1862	81 
1863	48 
1864	25 
1865	12 
1866	3 
1867	60 
1868	3 
1869	47 
1870	58 
1871	7 
1872	25 
1873	39 
1874	39 
1875	15 
1876	21 
1877	31 
1878	74 
1879	30 
1880	39 
1881	87 
1882	87 
1883	59 
1884	43 
1885	32 
1886	70 
1887	50 
1888	62 
1889	64 
1890	10 
1891	72 
1892	60 
1893	7 
1894	99 
1895	74 
1896	47 
1897	39 
1898	34 
1899	96 
1900	47 
1901	12 
1902	56 
1903	86 
1904	2 
1905	83 
1906	7 
1907	57 
1908	27 
1909	10 
1910	58 
1911	88 
1912	94 
1913	3 
1914	33 
1915	98 
1916	38 
1917	50 
1918	88 
1919	15 
1920	44 
1921	3 
1922	2 
1923	77 
1924	86 
1925	96 
1926	36 
1927	82 
1928	19 
1929	59 
1930	39 
1931	87 
1932	78 
1933	75 
1934	29 
1935	58 
1936	33 
1937	72 
1938	70 
1939	58 
1940	54 
1941	95 
1942	98 
1943	35 
1944	4 
1945	95 
1946	7 
1947	5 
1948	42 
1949	14 
1950	16 
1951	70 
1952	15 
1953	24 
1954	14 
1955	74 
1956	95 
1957	64 
1958	92 
1959	14 
1960	44 
1961	50 
1962	58 
1963	60 
1964	59 
1965	28 
1966	13 
1967	44 
1968	51 
1969	2 
1970	33 
1971	10 
1972	95 
1973	90 
1974	50 
1975	89 
1976	51 
1977	2 
1978	51 
1979	40 
1980	10 
1981	33 
1982	64 
1983	81 
1984	41 
1985	21 
1986	39 
1987	9 
1988	9 
1989	74 
1990	71 
1991	46 
1992	73 
1993	100 
1994	26 
1995	6 
1996	36 
1997	84 
1998	83 
1999	50 
2000	54 
2001	54 
2002	34 
2003	55 
2004	14 
2005	96 
2006	77 
2007	77 
2008	11 
2009	47 
2010	72 
2011	57 
2012	55 
2013	1 
2014	1 
2015	1 
2016	2 
2017	28 
2018	21 
2019	5 
2020	79 
2021	4 
2022	20 
2023	61 
2024	30 
2025	96 
2026	99 
2027	49 
2028	44 
2029	3 
2030	78 
2031	20 
2032	95 
2033	79 
2034	91 
2035	8 
2036	10 
2037	93 
2038	19 
2039	50 
2040	86 
2041	32 
2042	62 
2043	90 
2044	15 
2045	16 
2046	61 
2047	2 
2048	88 
2049	21 
2050	60 
2051	38 
2052	82 
2053	5 
2054	59 
2055	75 
2056	56 
2057	81 
2058	64 
2059	68 
2060	11 
2061	53 
2062	46 
2063	22 
2064	16 
2065	75 
2066	96 
2067	3 
2068	65 
2069	28 
2070	25 
2071	93 
2072	88 
2073	56 
2074	70 
2075	1 
2076	54 
2077	61 
2078	98 
2079	31 
2080	100 
2081	42 
2082	92 
2083	53 
2084	40 
2085	19 
2086	13 
2087	45 
2088	64 
2089	1 
2090	41 
2091	8 
2092	91 
2093	90 
2094	48 
2095	44 
2096	86 
2097	88 
2098	89 
2099	65 
2100	65 
2101	53 
2102	7 
2103	72 
2104	80 
2105	7 
2106	7 
2107	20 
2108	94 
2109	3 
2110	100 
2111	88 
2112	93 
2113	87 
2114	98 
2115	42 
2116	91 
2117	29 
2118	45 
2119	77 
2120	99 
2121	91 
2122	12 
2123	34 
2124	2 
2125	2 
2126	67 
2127	53 
2128	56 
2129	2 
2130	76 
2131	67 
2132	50 
2133	57 
2134	86 
2135	54 
2136	27 
2137	46 
2138	60 
2139	2 
2140	37 
2141	7 
2142	30 
2143	21 
2144	74 
2145	56 
2146	90 
2147	97 
2148	82 
2149	57 
2150	66 
2151	31 
2152	68 
2153	48 
2154	57 
2155	5 
2156	28 
2157	64 
2158	21 
2159	29 
2160	58 
2161	31 
2162	91 
2163	78 
2164	68 
2165	82 
2166	62 
2167	87 
2168	39 
2169	27 
2170	24 
2171	31 
2172	30 
2173	58 
2174	14 
2175	7 
2176	3 
2177	21 
2178	1 
2179	97 
2180	91 
2181	34 
2182	2 
2183	85 
2184	84 
2185	16 
2186	48 
2187	23 
2188	13 
2189	9 
2190	89 
2191	7 
2192	65 
2193	23 
2194	35 
2195	74 
2196	70 
2197	74 
2198	76 
2199	53 
2200	10 
2201	91 
2202	46 
2203	23 
2204	78 
2205	31 
2206	30 
2207	70 
2208	83 
2209	66 
2210	22 
2211	7 
2212	9 
2213	94 
2214	39 
2215	43 
2216	11 
2217	91 
2218	33 
2219	71 
2220	28 
2221	77 
2222	29 
2223	66 
2224	47 
2225	73 
2226	94 
2227	10 
2228	39 
2229	95 
2230	1 
2231	62 
2232	96 
2233	2 
2234	26 
2235	100 
2236	58 
2237	83 
2238	99 
2239	22 
2240	50 
2241	36 
2242	7 
2243	26 
2244	73 
2245	48 
2246	90 
2247	94 
2248	59 
2249	11 
2250	70 
2251	92 
2252	12 
2253	33 
2254	65 
2255	88 
2256	53 
2257	40 
2258	2 
2259	79 
2260	26 
2261	9 
2262	60 
2263	88 
2264	34 
2265	26 
2266	51 
2267	20 
2268	35 
2269	63 
2270	43 
2271	85 
2272	57 
2273	25 
2274	58 
2275	38 
2276	86 
2277	60 
2278	60 
2279	84 
2280	14 
2281	23 
2282	37 
2283	67 
2284	95 
2285	68 
2286	55 
2287	51 
2288	58 
2289	49 
2290	32 
2291	82 
2292	15 
2293	76 
2294	7 
2295	76 
2296	54 
2297	53 
2298	43 
2299	41 
2300	91 
2301	10 
2302	81 
2303	43 
2304	23 
2305	31 
2306	56 
2307	73 
2308	65 
2309	56 
2310	6 
2311	89 
2312	66 
2313	75 
2314	73 
2315	35 
2316	73 
2317	5 
2318	93 
2319	58 
2320	59 
2321	16 
2322	52 
2323	91 
2324	66 
2325	63 
2326	48 
2327	55 
2328	70 
2329	46 
2330	64 
2331	14 
2332	37 
2333	6 
2334	7 
2335	36 
2336	16 
2337	31 
2338	30 
2339	60 
2340	45 
2341	66 
2342	41 
2343	1 
2344	30 
2345	49 
2346	5 
2347	62 
2348	60 
2349	73 
2350	48 
2351	29 
2352	88 
2353	100 
2354	27 
2355	88 
2356	48 
2357	60 
2358	27 
2359	61 
2360	51 
2361	77 
2362	11 
2363	35 
2364	97 
2365	15 
2366	32 
2367	8 
2368	59 
2369	7 
2370	11 
2371	22 
2372	43 
2373	48 
2374	35 
2375	21 
2376	31 
2377	83 
2378	29 
2379	49 
2380	98 
2381	7 
2382	80 
2383	28 
2384	43 
2385	87 
2386	99 
2387	37 
2388	4 
2389	5 
2390	50 
2391	74 
2392	76 
2393	4 
2394	61 
2395	95 
2396	72 
2397	46 
2398	84 
2399	100 
2400	51 
2401	34 
2402	75 
2403	92 
2404	72 
2405	94 
2406	41 
2407	66 
2408	42 
2409	24 
2410	76 
2411	46 
2412	12 
2413	61 
2414	75 
2415	69 
2416	100 
2417	60 
2418	37 
2419	1 
2420	65 
2421	49 
2422	46 
2423	49 
2424	44 
2425	49 
2426	4 
2427	71 
2428	90 
2429	49 
2430	61 
2431	73 
2432	73 
2433	27 
2434	61 
2435	42 
2436	20 
2437	21 
2438	33 
2439	54 
2440	91 
2441	50 
2442	99 
2443	73 
2444	15 
2445	43 
2446	57 
2447	65 
2448	22 
2449	34 
2450	23 
2451	70 
2452	38 
2453	87 
2454	54 
2455	54 
2456	59 
2457	101 
2458	7 
2459	50 
2460	54 
2461	74 
2462	56 
2463	46 
2464	53 
2465	101 
2466	48 
2467	8 
2468	55 
2469	21 
2470	12 
2471	42 
2472	16 
2473	92 
2474	7 
2475	75 
2476	26 
2477	12 
2478	41 
2479	29 
2480	80 
2481	45 
2482	101 
2483	35 
2484	68 
2485	62 
2486	50 
2487	31 
2488	74 
2489	25 
2490	61 
2491	66 
2492	56 
2493	2 
2494	19 
2495	60 
2496	37 
2497	100 
2498	86 
2499	47 
2500	39 
2501	37 
2502	22 
2503	6 
2504	47 
2505	32 
2506	75 
2507	7 
2508	15 
2509	71 
2510	52 
2511	89 
2512	4 
2513	86 
2514	43 
2515	63 
2516	60 
2517	45 
2518	10 
2519	71 
2520	8 
2521	60 
2522	43 
2523	99 
2524	25 
2525	41 
2526	90 
2527	40 
2528	69 
2529	7 
2530	56 
2531	95 
2532	38 
2533	87 
2534	60 
2535	57 
2536	25 
2537	56 
2538	40 
2539	96 
2540	90 
2541	60 
2542	9 
2543	60 
2544	64 
2545	54 
2546	54 
2547	97 
2548	4 
2549	95 
2550	62 
2551	49 
2552	71 
2553	20 
2554	88 
2555	100 
2556	15 
2557	56 
2558	49 
2559	50 
2560	74 
2561	7 
2562	40 
2563	80 
2564	15 
2565	5 
2566	12 
2567	75 
2568	91 
2569	45 
2570	20 
2571	9 
2572	7 
2573	98 
2574	94 
2575	3 
2576	52 
2577	46 
2578	50 
2579	68 
2580	96 
2581	6 
2582	81 
2583	41 
2584	56 
2585	55 
2586	29 
2587	6 
2588	6 
2589	72 
2590	35 
2591	12 
2592	81 
2593	49 
2594	82 
2595	86 
2596	34 
2597	18 
2598	1 
2599	86 
2600	40 
2601	96 
2602	50 
2603	3 
2604	37 
2605	7 
2606	44 
2607	16 
2608	81 
2609	32 
2610	34 
2611	74 
2612	65 
2613	13 
2614	97 
2615	72 
2616	28 
2617	5 
2618	95 
2619	22 
2620	35 
2621	90 
2622	11 
2623	94 
2624	57 
2625	53 
2626	50 
2627	41 
2628	29 
2629	10 
2630	8 
2631	91 
2632	13 
2633	99 
2634	75 
2635	15 
2636	19 
2637	48 
2638	50 
2639	99 
2640	76 
2641	92 
2642	48 
2643	63 
2644	60 
2645	95 
2646	5 
2647	31 
2648	97 
2649	66 
2650	54 
2651	56 
2652	97 
2653	18 
2654	2 
2655	41 
2656	31 
2657	74 
2658	53 
2659	22 
2660	1 
2661	49 
2662	51 
2663	41 
2664	22 
2665	38 
2666	43 
2667	9 
2668	37 
2669	76 
2670	56 
2671	22 
2672	12 
2673	60 
2674	39 
2675	1 
2676	59 
2677	45 
2678	47 
2679	70 
2680	87 
2681	100 
2682	2 
2683	83 
2684	45 
2685	53 
2686	101 
2687	50 
2688	50 
2689	92 
2690	7 
2691	60 
2692	79 
2693	96 
2694	21 
2695	39 
2696	27 
2697	10 
2698	79 
2699	99 
2700	41 
2701	75 
2702	49 
2703	75 
2704	10 
2705	46 
2706	31 
2707	20 
2708	43 
2709	68 
2710	65 
2711	19 
2712	4 
2713	4 
2714	28 
2715	5 
2716	58 
2717	85 
2718	52 
2719	57 
2720	86 
2721	76 
2722	34 
2723	58 
2724	9 
2725	34 
2726	7 
2727	55 
2728	34 
2729	75 
2730	35 
2731	25 
2732	10 
2733	99 
2734	43 
2735	60 
2736	10 
2737	42 
2738	83 
2739	43 
2740	98 
2741	22 
2742	35 
2743	70 
2744	42 
2745	56 
2746	43 
2747	89 
2748	33 
2749	56 
2750	7 
2751	44 
2752	34 
2753	54 
2754	30 
2755	76 
2756	1 
2757	42 
2758	29 
2759	53 
2760	34 
2761	4 
2762	28 
2763	59 
2764	5 
2765	28 
2766	53 
2767	59 
2768	65 
2769	78 
2770	20 
2771	39 
2772	47 
2773	7 
2774	1 
2775	44 
2776	93 
2777	92 
2778	29 
2779	93 
2780	72 
2781	14 
2782	37 
2783	10 
2784	101 
2785	35 
2786	39 
2787	43 
2788	61 
2789	73 
2790	64 
2791	85 
2792	42 
2793	57 
2794	83 
2795	48 
2796	87 
2797	49 
2798	95 
2799	46 
2800	50 
2801	59 
2802	16 
2803	37 
2804	74 
2805	22 
2806	61 
2807	39 
2808	56 
2809	43 
2810	31 
2811	14 
2812	4 
2813	53 
2814	23 
2815	52 
2816	46 
2817	36 
2818	87 
2819	11 
2820	100 
2821	34 
2822	17 
2823	86 
2824	87 
2825	95 
2826	91 
2827	91 
2828	55 
2829	14 
2830	56 
2831	67 
2832	81 
2833	80 
2834	68 
2835	68 
2836	90 
2837	65 
2838	66 
2839	38 
2840	46 
2841	63 
2842	22 
2843	12 
2844	40 
2845	46 
2846	19 
2847	44 
2848	49 
2849	41 
2850	4 
2851	46 
2852	93 
2853	79 
2854	30 
2855	89 
2856	51 
2857	23 
2858	87 
2859	50 
2860	89 
2861	50 
2862	45 
2863	50 
2864	28 
2865	92 
2866	93 
2867	68 
2868	53 
2869	80 
2870	10 
2871	91 
2872	70 
2873	54 
2874	92 
2875	82 
2876	19 
2877	35 
2878	13 
2879	42 
2880	29 
2881	15 
2882	56 
2883	88 
2884	7 
2885	57 
2886	44 
2887	36 
2888	50 
2889	7 
2890	85 
2891	35 
2892	51 
2893	40 
2894	7 
2895	58 
2896	11 
2897	36 
2898	78 
2899	27 
2900	100 
2901	47 
2902	58 
2903	20 
2904	18 
2905	83 
2906	78 
2907	2 
2908	74 
2909	81 
2910	9 
2911	46 
2912	93 
2913	10 
2914	69 
2915	4 
2916	97 
2917	73 
2918	43 
2919	56 
2920	55 
2921	82 
2922	27 
2923	54 
2924	95 
2925	57 
2926	60 
2927	35 
2928	7 
2929	59 
2930	2 
2931	11 
2932	64 
2933	80 
2934	70 
2935	73 
2936	34 
2937	1 
2938	73 
2939	68 
2940	83 
2941	95 
2942	53 
2943	74 
2944	27 
2945	56 
2946	33 
2947	85 
2948	10 
2949	70 
2950	55 
2951	99 
2952	81 
2953	43 
2954	22 
2955	63 
2956	54 
2957	70 
2958	67 
2959	18 
2960	7 
2961	28 
2962	46 
2963	66 
2964	85 
2965	58 
2966	21 
2967	16 
2968	12 
2969	42 
2970	72 
2971	31 
2972	42 
2973	63 
2974	85 
2975	69 
2976	32 
2977	16 
2978	30 
2979	30 
2980	29 
2981	12 
2982	71 
2983	39 
2984	43 
2985	92 
2986	7 
2987	58 
2988	34 
2989	95 
2990	41 
2991	67 
2992	29 
2993	87 
2994	57 
2995	37 
2996	3 
2997	59 
2998	34 
2999	60 
3000	87 
3001	56 
3002	51 
3003	78 
3004	58 
3005	50 
3006	76 
3007	2 
3008	55 
3009	88 
3010	76 
3011	31 
3012	2 
3013	2 
3014	78 
3015	69 
3016	97 
3017	5 
3018	22 
3019	22 
3020	58 
3021	81 
3022	97 
3023	99 
3024	39 
3025	60 
3026	15 
3027	21 
3028	90 
3029	35 
3030	38 
3031	32 
3032	10 
3033	16 
3034	63 
3035	13 
3036	41 
3037	8 
3038	47 
3039	75 
3040	7 
3041	20 
3042	26 
3043	99 
3044	67 
3045	38 
3046	46 
3047	27 
3048	99 
3049	2 
3050	12 
3051	54 
3052	88 
3053	79 
3054	70 
3055	96 
3056	94 
3057	50 
3058	35 
3059	19 
3060	18 
3061	58 
3062	18 
3063	39 
3064	46 
3065	70 
3066	29 
3067	66 
3068	21 
3069	10 
3070	1 
3071	54 
3072	96 
3073	17 
3074	12 
3075	42 
3076	76 
3077	9 
3078	75 
3079	43 
3080	29 
3081	35 
3082	60 
3083	30 
3084	75 
3085	5 
3086	54 
3087	1 
3088	88 
3089	69 
3090	39 
3091	45 
3092	66 
3093	42 
3094	46 
3095	25 
3096	34 
3097	43 
3098	34 
3099	35 
3100	12 
3101	21 
3102	89 
3103	21 
3104	43 
3105	90 
3106	66 
3107	57 
3108	97 
3109	6 
3110	11 
3111	90 
3112	37 
3113	25 
3114	66 
3115	83 
3116	66 
3117	31 
3118	75 
3119	58 
3120	17 
3121	50 
3122	88 
3123	66 
3124	4 
3125	74 
3126	70 
3127	67 
3128	91 
3129	88 
3130	50 
3131	80 
3132	46 
3133	35 
3134	61 
3135	34 
3136	69 
3137	73 
3138	58 
3139	17 
3140	57 
3141	45 
3142	34 
3143	9 
3144	23 
3145	11 
3146	84 
3147	6 
3148	99 
3149	90 
3150	23 
3151	11 
3152	60 
3153	62 
3154	30 
3155	43 
3156	24 
3157	32 
3158	11 
3159	99 
3160	39 
3161	21 
3162	17 
3163	3 
3164	56 
3165	68 
3166	91 
3167	58 
3168	32 
3169	62 
3170	15 
3171	14 
3172	39 
3173	24 
3174	35 
3175	41 
3176	82 
3177	52 
3178	20 
3179	37 
3180	86 
3181	15 
3182	36 
3183	16 
3184	27 
3185	22 
3186	74 
3187	43 
3188	48 
3189	94 
3190	89 
3191	1 
3192	57 
3193	50 
3194	48 
3195	89 
3196	71 
3197	33 
3198	2 
3199	30 
3200	54 
3201	95 
3202	43 
3203	80 
3204	49 
3205	14 
3206	71 
3207	58 
3208	68 
3209	44 
3210	38 
3211	68 
3212	90 
3213	26 
3214	22 
3215	66 
3216	25 
3217	48 
3218	47 
3219	10 
3220	12 
3221	89 
3222	44 
3223	46 
3224	77 
3225	72 
3226	64 
3227	10 
3228	57 
3229	58 
3230	51 
3231	58 
3232	45 
3233	25 
3234	64 
3235	9 
3236	91 
3237	21 
3238	86 
3239	49 
3240	15 
3241	40 
3242	42 
3243	88 
3244	14 
3245	31 
3246	61 
3247	73 
3248	36 
3249	92 
3250	18 
3251	57 
3252	76 
3253	58 
3254	12 
3255	94 
3256	26 
3257	72 
3258	56 
3259	36 
3260	86 
3261	49 
3262	63 
3263	77 
3264	16 
3265	92 
3266	41 
3267	3 
3268	73 
3269	8 
3270	48 
3271	86 
3272	46 
3273	94 
3274	40 
3275	86 
3276	76 
3277	37 
3278	90 
3279	95 
3280	34 
3281	33 
3282	94 
3283	85 
3284	93 
3285	2 
3286	72 
3287	90 
3288	80 
3289	12 
3290	9 
3291	20 
3292	33 
3293	29 
3294	67 
3295	14 
3296	100 
3297	70 
3298	94 
3299	62 
3300	49 
3301	19 
3302	95 
3303	98 
3304	38 
3305	12 
3306	43 
3307	89 
3308	21 
3309	44 
3310	79 
3311	65 
3312	87 
3313	57 
3314	71 
3315	7 
3316	13 
3317	47 
3318	55 
3319	66 
3320	7 
3321	80 
3322	57 
3323	54 
3324	2 
3325	41 
3326	22 
3327	65 
3328	35 
3329	20 
3330	77 
3331	36 
3332	81 
3333	83 
3334	63 
3335	35 
3336	21 
3337	2 
3338	15 
3339	65 
3340	6 
3341	1 
3342	99 
3343	58 
3344	44 
3345	49 
3346	39 
3347	51 
3348	13 
3349	98 
3350	69 
3351	85 
3352	82 
3353	87 
3354	93 
3355	46 
3356	65 
3357	63 
3358	10 
3359	13 
3360	84 
3361	82 
3362	90 
3363	16 
3364	38 
3365	24 
3366	76 
3367	67 
3368	41 
3369	79 
3370	79 
3371	20 
3372	96 
3373	35 
3374	20 
3375	95 
3376	13 
3377	44 
3378	27 
3379	39 
3380	101 
3381	91 
3382	21 
3383	94 
3384	43 
3385	83 
3386	35 
3387	43 
3388	60 
3389	47 
3390	99 
3391	97 
3392	75 
3393	25 
3394	74 
3395	82 
3396	73 
3397	4 
3398	53 
3399	50 
3400	31 
3401	15 
3402	13 
3403	79 
3404	98 
3405	88 
3406	16 
3407	37 
3408	10 
3409	100 
3410	35 
3411	44 
3412	17 
3413	76 
3414	101 
3415	58 
3416	90 
3417	54 
3418	21 
3419	4 
3420	22 
3421	78 
3422	22 
3423	90 
3424	85 
3425	34 
3426	96 
3427	35 
3428	51 
3429	1 
3430	44 
3431	91 
3432	74 
3433	18 
3434	10 
3435	54 
3436	13 
3437	78 
3438	17 
3439	43 
3440	57 
3441	73 
3442	55 
3443	93 
3444	97 
3445	13 
3446	85 
3447	101 
3448	42 
3449	39 
3450	9 
3451	72 
3452	75 
3453	57 
3454	57 
3455	98 
3456	74 
3457	50 
3458	28 
3459	75 
3460	2 
3461	48 
3462	41 
3463	11 
3464	55 
3465	87 
3466	29 
3467	6 
3468	7 
3469	43 
3470	49 
3471	86 
3472	29 
3473	4 
3474	90 
3475	13 
3476	15 
3477	17 
3478	78 
3479	73 
3480	7 
3481	21 
3482	82 
3483	55 
3484	43 
3485	69 
3486	67 
3487	74 
3488	68 
3489	68 
3490	56 
3491	44 
3492	43 
3493	77 
3494	44 
3495	62 
3496	51 
3497	10 
3498	73 
3499	21 
3500	73 
3501	62 
3502	11 
3503	59 
3504	13 
3505	95 
3506	13 
3507	39 
3508	81 
3509	39 
3510	98 
3511	19 
3512	89 
3513	62 
3514	15 
3515	67 
3516	68 
3517	28 
3518	29 
3519	69 
3520	39 
3521	98 
3522	27 
3523	18 
3524	73 
3525	57 
3526	59 
3527	58 
3528	43 
3529	34 
3530	61 
3531	91 
3532	41 
3533	70 
3534	35 
3535	20 
3536	56 
3537	10 
3538	81 
3539	34 
3540	50 
3541	76 
3542	9 
3543	22 
3544	16 
3545	89 
3546	22 
3547	98 
3548	96 
3549	34 
3550	2 
3551	33 
3552	81 
3553	56 
3554	13 
3555	58 
3556	59 
3557	82 
3558	16 
3559	2 
3560	50 
3561	65 
3562	72 
3563	93 
3564	72 
3565	11 
3566	55 
3567	43 
3568	81 
3569	58 
3570	93 
3571	12 
3572	54 
3573	100 
3574	80 
3575	17 
3576	13 
3577	87 
3578	1 
3579	22 
3580	54 
3581	79 
3582	12 
3583	10 
3584	39 
3585	41 
3586	41 
3587	70 
3588	29 
3589	6 
3590	85 
3591	15 
3592	73 
3593	35 
3594	53 
3595	66 
3596	20 
3597	17 
3598	54 
3599	53 
3600	95 
3601	50 
3602	28 
3603	16 
3604	54 
3605	34 
3606	59 
3607	58 
3608	93 
3609	46 
3610	33 
3611	67 
3612	31 
3613	17 
3614	46 
3615	2 
3616	2 
3617	95 
3618	34 
3619	11 
3620	33 
3621	44 
3622	5 
3623	6 
3624	46 
3625	39 
3626	11 
3627	1 
3628	33 
3629	15 
3630	56 
3631	47 
3632	13 
3633	60 
3634	12 
3635	86 
3636	43 
3637	47 
3638	4 
3639	50 
3640	62 
3641	54 
3642	75 
3643	44 
3644	73 
3645	58 
3646	67 
3647	75 
3648	76 
3649	7 
3650	40 
3651	21 
3652	41 
3653	70 
3654	39 
3655	86 
3656	27 
3657	53 
3658	39 
3659	72 
3660	18 
3661	90 
3662	20 
3663	11 
3664	18 
3665	58 
3666	13 
3667	4 
3668	73 
3669	82 
3670	95 
3671	2 
3672	56 
3673	60 
3674	73 
3675	51 
3676	3 
3677	79 
3678	42 
3679	12 
3680	95 
3681	7 
3682	93 
3683	73 
3684	66 
3685	29 
3686	38 
3687	12 
3688	60 
3689	44 
3690	33 
3691	53 
3692	65 
3693	93 
3694	48 
3695	62 
3696	49 
3697	20 
3698	16 
3699	68 
3700	44 
3701	88 
3702	53 
3703	70 
3704	54 
3705	90 
3706	54 
3707	77 
3708	65 
3709	75 
3710	6 
3711	14 
3712	87 
3713	43 
3714	69 
3715	43 
3716	83 
3717	22 
3718	97 
3719	41 
3720	97 
3721	50 
3722	29 
3723	10 
3724	38 
3725	44 
3726	24 
3727	37 
3728	82 
3729	67 
3730	35 
3731	99 
3732	17 
3733	53 
3734	25 
3735	97 
3736	66 
3737	42 
3738	86 
3739	39 
3740	96 
3741	87 
3742	96 
3743	50 
3744	13 
3745	82 
3746	87 
3747	85 
3748	25 
3749	19 
3750	62 
3751	66 
3752	28 
3753	41 
3754	24 
3755	24 
3756	74 
3757	90 
3758	19 
3759	37 
3760	39 
3761	60 
3762	60 
3763	97 
3764	63 
3765	24 
3766	78 
3767	33 
3768	63 
3769	15 
3770	24 
3771	18 
3772	81 
3773	10 
3774	72 
3775	14 
3776	44 
3777	4 
3778	20 
3779	50 
3780	69 
3781	43 
3782	58 
3783	87 
3784	7 
3785	88 
3786	5 
3787	62 
3788	11 
3789	39 
3790	58 
3791	68 
3792	90 
3793	12 
3794	58 
3795	7 
3796	37 
3797	57 
3798	14 
3799	31 
3800	77 
3801	55 
3802	18 
3803	19 
3804	5 
3805	81 
3806	69 
3807	83 
3808	75 
3809	97 
3810	57 
3811	43 
3812	37 
3813	54 
3814	16 
3815	63 
3816	34 
3817	3 
3818	66 
3819	89 
3820	101 
3821	70 
3822	35 
3823	93 
3824	57 
3825	17 
3826	78 
3827	72 
3828	70 
3829	16 
3830	44 
3831	95 
3832	66 
3833	37 
3834	56 
3835	22 
3836	37 
3837	60 
3838	73 
3839	41 
3840	9 
3841	10 
3842	88 
3843	57 
3844	70 
3845	4 
3846	53 
3847	79 
3848	44 
3849	81 
3850	56 
3851	7 
3852	9 
3853	34 
3854	86 
3855	68 
3856	24 
3857	82 
3858	46 
3859	46 
3860	46 
3861	93 
3862	43 
3863	76 
3864	100 
3865	85 
3866	27 
3867	10 
3868	9 
3869	73 
3870	42 
3871	97 
3872	5 
3873	95 
3874	5 
3875	6 
3876	28 
3877	72 
3878	57 
3879	10 
3880	79 
3881	4 
3882	73 
3883	41 
3884	70 
3885	25 
3886	72 
3887	33 
3888	6 
3889	94 
3890	67 
3891	47 
3892	91 
3893	75 
3894	50 
3895	11 
3896	58 
3897	73 
3898	4 
3899	7 
3900	66 
3901	60 
3902	9 
3903	11 
3904	93 
3905	4 
3906	56 
3907	73 
3908	4 
3909	5 
3910	20 
3911	82 
3912	9 
3913	19 
3914	39 
3915	22 
3916	5 
3917	29 
3918	76 
3919	43 
3920	41 
3921	9 
3922	37 
3923	11 
3924	91 
3925	39 
3926	79 
3927	10 
3928	7 
3929	33 
3930	45 
3931	91 
3932	76 
3933	68 
3934	46 
3935	65 
3936	46 
3937	54 
3938	21 
3939	2 
3940	60 
3941	15 
3942	94 
3943	67 
3944	35 
3945	88 
3946	75 
3947	16 
3948	7 
3949	37 
3950	87 
3951	16 
3952	95 
3953	74 
3954	53 
3955	77 
3956	72 
3957	72 
3958	85 
3959	91 
3960	34 
3961	67 
3962	51 
3963	54 
3964	14 
3965	31 
3966	7 
3967	58 
3968	88 
3969	86 
3970	54 
3971	77 
3972	19 
3973	58 
3974	14 
3975	85 
3976	56 
3977	39 
3978	95 
3979	2 
3980	47 
3981	21 
3982	10 
3983	15 
3984	21 
3985	49 
3986	74 
3987	38 
3988	5 
3989	91 
3990	100 
3991	37 
3992	1 
3993	20 
3994	58 
3995	69 
3996	14 
3997	21 
3998	97 
3999	99 
4000	17 
4001	68 
4002	93 
4003	75 
4004	3 
4005	60 
4006	34 
4007	73 
4008	34 
4009	12 
4010	41 
4011	41 
4012	43 
4013	6 
4014	98 
4015	21 
4016	15 
4017	81 
4018	41 
4019	1 
4020	35 
4021	98 
4022	79 
4023	91 
4024	48 
4025	39 
4026	54 
4027	20 
4028	41 
4029	21 
4030	43 
4031	49 
4032	73 
4033	17 
4034	57 
4035	38 
4036	41 
4037	81 
4038	49 
4039	6 
4040	68 
4041	91 
4042	96 
4043	43 
4044	21 
4045	57 
4046	16 
4047	57 
4048	27 
4049	55 
4050	35 
4051	49 
4052	42 
4053	72 
4054	50 
4055	18 
4056	3 
4057	13 
4058	17 
4059	41 
4060	67 
4061	93 
4062	41 
4063	1 
4064	41 
4065	43 
4066	90 
4067	1 
4068	42 
4069	86 
4070	45 
4071	88 
4072	22 
4073	50 
4074	85 
4075	56 
4076	66 
4077	4 
4078	53 
4079	13 
4080	45 
4081	10 
4082	56 
4083	5 
4084	39 
4085	29 
4086	11 
4087	69 
4088	20 
4089	44 
4090	93 
4091	67 
4092	51 
4093	18 
4094	62 
4095	33 
4096	21 
4097	3 
4098	2 
4099	38 
4100	1 
4101	96 
4102	97 
4103	88 
4104	57 
4105	13 
4106	43 
4107	56 
4108	43 
4109	15 
4110	34 
4111	74 
4112	76 
4113	75 
4114	16 
4115	43 
4116	47 
4117	6 
4118	41 
4119	4 
4120	87 
4121	91 
4122	90 
4123	89 
4124	10 
4125	4 
4126	87 
4127	70 
4128	74 
4129	56 
4130	91 
4131	54 
4132	35 
4133	27 
4134	5 
4135	37 
4136	76 
4137	73 
4138	60 
4139	68 
4140	77 
4141	88 
4142	88 
4143	87 
4144	3 
4145	100 
4146	68 
4147	65 
4148	73 
4149	60 
4150	85 
4151	3 
4152	6 
4153	77 
4154	46 
4155	97 
4156	12 
4157	66 
4158	43 
4159	63 
4160	93 
4161	43 
4162	29 
4163	86 
4164	5 
4165	96 
4166	47 
4167	35 
4168	10 
4169	49 
4170	74 
4171	46 
4172	75 
4173	35 
4174	97 
4175	54 
4176	76 
4177	2 
4178	6 
4179	46 
4180	45 
4181	63 
4182	43 
4183	60 
4184	16 
4185	7 
4186	59 
4187	35 
4188	57 
4189	43 
4190	47 
4191	74 
4192	2 
4193	75 
4194	85 
4195	7 
4196	75 
4197	90 
4198	86 
4199	4 
4200	22 
4201	45 
4202	29 
4203	46 
4204	7 
4205	59 
4206	85 
4207	87 
4208	2 
4209	75 
4210	91 
4211	15 
4212	46 
4213	14 
4214	16 
4215	100 
4216	74 
4217	68 
4218	6 
4219	67 
4220	46 
4221	49 
4222	10 
4223	11 
4224	2 
4225	20 
4226	13 
4227	21 
4228	57 
4229	56 
4230	91 
4231	76 
4232	87 
4233	76 
4234	90 
4235	47 
4236	39 
4237	57 
4238	66 
4239	31 
4240	100 
4241	57 
4242	47 
4243	54 
4244	35 
4245	43 
4246	75 
4247	34 
4248	63 
4249	55 
4250	86 
4251	48 
4252	46 
4253	4 
4254	57 
4255	4 
4256	55 
4257	58 
4258	74 
4259	16 
4260	60 
4261	87 
4262	86 
4263	99 
4264	7 
4265	70 
4266	4 
4267	44 
4268	1 
4269	90 
4270	10 
4271	74 
4272	76 
4273	35 
4274	46 
4275	54 
4276	20 
4277	56 
4278	10 
4279	70 
4280	3 
4281	54 
4282	7 
4283	10 
4284	18 
4285	41 
4286	50 
4287	75 
4288	88 
4289	20 
4290	9 
4291	18 
4292	12 
4293	33 
4294	42 
4295	57 
4296	10 
4297	99 
4298	7 
4299	85 
4300	88 
4301	5 
4302	91 
4303	76 
4304	48 
4305	58 
4306	15 
4307	35 
4308	42 
4309	10 
4310	3 
4311	31 
4312	93 
4313	74 
4314	91 
4315	53 
4316	53 
4317	11 
4318	79 
4319	43 
4320	63 
4321	74 
4322	54 
4323	65 
4324	47 
4325	18 
4326	95 
4327	54 
4328	48 
4329	13 
4330	74 
4331	16 
4332	33 
4333	66 
4334	22 
4335	79 
4336	60 
4337	73 
4338	43 
4339	91 
4340	75 
4341	20 
4342	18 
4343	76 
4344	63 
4345	12 
4346	13 
4347	100 
4348	68 
4349	99 
4350	73 
4351	75 
4352	57 
4353	67 
4354	53 
4355	2 
4356	70 
4357	50 
4358	11 
4359	10 
4360	46 
4361	2 
4362	2 
4363	65 
4364	9 
4365	90 
4366	86 
4367	4 
4368	76 
4369	74 
4370	63 
4371	93 
4372	73 
4373	33 
4374	39 
4375	63 
4376	86 
4377	2 
4378	21 
4379	9 
4380	56 
4381	49 
4382	66 
4383	93 
4384	29 
4385	48 
4386	58 
4387	6 
4388	68 
4389	6 
4390	9 
4391	14 
4392	67 
4393	57 
4394	14 
4395	85 
4396	29 
4397	2 
4398	29 
4399	91 
4400	88 
4401	90 
4402	10 
4403	2 
4404	21 
4405	60 
4406	21 
4407	6 
4408	22 
4409	79 
4410	11 
4411	60 
4412	86 
4413	63 
4414	91 
4415	22 
4416	43 
4417	46 
4418	53 
4419	54 
4420	45 
4421	87 
4422	88 
4423	14 
4424	45 
4425	75 
4426	54 
4427	75 
4428	88 
4429	63 
4430	99 
4431	75 
4432	73 
4433	33 
4434	73 
4435	88 
4436	90 
4437	54 
4438	41 
4439	86 
4440	57 
4441	90 
4442	87 
4443	5 
4444	66 
4445	56 
4446	21 
4447	50 
4448	41 
4449	85 
4450	9 
4451	13 
4452	1 
4453	4 
4454	65 
4455	50 
4456	48 
4457	29 
4458	34 
4459	20 
4460	88 
4461	87 
4462	10 
4463	48 
4464	12 
4465	73 
4466	41 
4467	68 
4468	75 
4469	45 
4470	74 
4471	50 
4472	12 
4473	56 
4474	5 
4475	14 
4476	2 
4477	86 
4478	11 
4479	95 
4480	58 
4481	99 
4482	58 
4483	91 
4484	34 
4485	88 
4486	49 
4487	46 
4488	73 
4489	34 
4490	60 
4491	70 
4492	43 
4493	65 
4494	95 
4495	2 
4496	9 
4497	7 
4498	60 
4499	48 
4500	22 
4501	88 
4502	22 
4503	87 
4504	57 
4505	29 
4506	76 
4507	34 
4508	5 
4509	11 
4510	74 
4511	15 
4512	79 
4513	11 
4514	88 
4515	46 
4516	42 
4517	76 
4518	79 
4519	9 
4520	10 
4521	86 
4522	5 
4523	90 
4524	11 
4525	9 
4526	95 
4527	66 
4528	86 
4529	60 
4530	11 
4531	53 
4532	66 
4533	90 
4534	34 
4535	53 
4536	90 
4537	76 
4538	39 
4539	45 
4540	73 
4541	60 
4542	41 
4543	29 
4544	13 
4545	41 
4546	79 
4547	11 
4548	90 
4549	9 
4550	75 
4551	66 
4552	74 
4553	29 
4554	12 
4555	63 
4556	76 
4557	20 
4558	2 
4559	74 
4560	50 
4561	41 
4562	65 
4563	63 
4564	11 
4565	29 
4566	7 
4567	79 
4568	79 
4569	54 
4570	73 
4571	91 
4572	54 
4573	56 
4574	87 
4575	16 
4576	75 
4577	87 
4578	48 
4579	90 
4580	91 
4581	22 
4582	4 
4583	41 
4584	60 
4585	44 
4586	79 
4587	50 
4588	73 
4589	73 
4590	88 
4591	2 
4592	58 
4593	87 
4594	39 
4595	88 
4596	7 
4597	7 
4598	79 
4599	53 
4600	44 
4601	20 
4602	16 
4603	4 
4604	73 
4605	39 
4606	54 
4607	22 
4608	48 
4609	35 
4610	56 
4611	5 
4612	4 
4613	45 
4614	88 
4615	45 
4616	65 
4617	90 
4618	88 
4619	65 
4620	35 
4621	41 
4622	39 
4623	90 
4624	41 
4625	90 
4626	4 
4627	41 
4628	35 
4629	43 
4630	11 
4631	16 
4632	16 
4633	58 
4634	88 
4635	49 
4636	10 
4637	2 
4638	4 
4639	46 
4640	90 
4641	46 
4642	75 
4643	10 
4644	53 
4645	46 
4646	29 
4647	46 
4648	57 
4649	16 
4650	91 
4651	88 
4652	48 
4653	95 
4654	56 
4655	91 
4656	60 
4657	90 
4658	54 
4659	43 
4660	21 
4661	44 
4662	87 
4663	54 
4664	35 
4665	10 
4666	43 
4667	2 
4668	29 
4669	48 
4670	35 
4671	60 
4672	56 
4673	21 
4674	60 
4675	49 
4676	35 
4677	65 
4678	2 
4679	65 
4680	90 
4681	16 
4682	4 
4683	58 
4684	73 
4685	2 
4686	54 
4687	2 
4688	56 
4689	90 
4690	43 
4691	54 
4692	35 
4693	11 
4694	60 
4695	49 
4696	21 
4697	49 
4698	29 
4699	54 
4700	54 
4701	53 
4702	73 
4703	41 
4704	4 
4705	29 
4706	70 
4707	90 
4708	56 
4709	95 
4710	70 
4711	54 
4712	88 
4713	10 
4714	74 
4715	87 
4716	22 
4717	87 
4718	21 
4719	74 
4720	88 
4721	90 
4722	88 
4723	41 
4724	29 
4725	56 
4726	4 
4727	74 
4728	53 
4729	22 
4730	44 
4731	60 
4732	2 
4733	39 
4734	73 
4735	22 
4736	95 
4737	10 
4738	7 
4739	50 
4740	54 
4741	91 
4742	29 
4743	16 
4744	54 
4745	86 
4746	50 
4747	74 
4748	58 
4749	10 
4750	29 
4751	50 
4752	53 
4753	73 
4754	58 
4755	74 
4756	58 
4757	91 
4758	60 
4759	53 
4760	73 
4761	57 
4762	43 
4763	53 
4764	16 
4765	35 
4766	86 
4767	54 
4768	39 
4769	41 
4770	21 
4771	29 
4772	57 
4773	88 
4774	86 
4775	75 
4776	60 
4777	74 
4778	65 
4779	2 
4780	2 
4781	50 
4782	34 
4783	56 
4784	90 
4785	10 
4786	50 
4787	35 
4788	95 
4789	60 
4790	90 
4791	74 
4792	90 
4793	35 
4794	73 
4795	46 
4796	86 
4797	43 
4798	75 
4799	88 
4800	21 
4801	73 
4802	70 
4803	53 
4804	43 
4805	22 
4806	58 
4807	54 
4808	74 
4809	74 
4810	74 
4811	11 
4812	29 
4813	11 
4814	90 
4815	88 
4816	35 
4817	53 
4818	34 
4819	75 
4820	56 
4821	53 
4822	88 
4823	2 
4824	60 
4825	7 
4826	74 
4827	21 
4828	35 
4829	22 
4830	75 
4831	22 
4832	60 
4833	91 
4834	91 
4835	22 
4836	22 
4837	41 
4838	41 
4839	29 
4840	60 
4841	53 
4842	75 
4843	57 
4844	35 
4845	21 
4846	43 
4847	53 
4848	29 
4849	74 
4850	91 
4851	73 
4852	34 
4853	7 
4854	2 
4855	50 
4856	29 
4857	29 
4858	56 
4859	74 
4860	56 
4861	73 
4862	58 
4863	35 
4864	57 
4865	88 
4866	41 
4867	58 
4868	10 
4869	75 
4870	10 
4871	35 
4872	22 
4873	10 
4874	7 
4875	46 
4876	88 
4877	90 
4878	22 
4879	41 
4880	57 
4881	35 
4882	73 
4883	39 
4884	58 
4885	39 
4886	88 
4887	34 
4888	75 
4889	34 
4890	60 
4891	88 
4892	34 
4893	50 
4894	29 
4895	54 
4896	22 
4897	60 
4898	58 
4899	29 
4900	90 
4901	22 
4902	7 
4903	91 
4904	7 
4905	75 
4906	41 
4907	50 
4908	2 
4909	91 
4910	35 
4911	46 
4912	73 
4913	41 
4914	50 
4915	39 
4916	21 
4917	7 
4918	60 
4919	43 
4920	50 
4921	88 
4922	39 
4923	39 
4924	75 
4925	21 
4926	43 
4927	75 
4928	75 
4929	74 
4930	54 
4931	2 
4932	73 
4933	75 
4934	7 
4935	10 
4936	75 
4937	50 
4938	73 
4939	88 
4940	22 
4941	73 
4942	50 
4943	22 
4944	91 
4945	46 
4946	91 
4947	73 
4948	74 
4949	43 
4950	60 
4951	58 
4952	35 
4953	10 
4954	41 
4955	91 
4956	74 
4957	2 
4958	74 
4959	91 
4960	43 
4961	46 
4962	10 
4963	43 
4964	29 
4965	41 
4966	35 
4967	73 
4968	7 
4969	88 
4970	46 
4971	58 
4972	2 
4973	91 
4974	10 
4975	10 
4976	29 
4977	29 
4978	46 
4979	10 
4980	10 
4981	35 
4982	29 
4983	54 
4984	88 
4985	46 
4986	50 
4987	91 
4988	74 
4989	54 
4990	2 
4991	39 
4992	58 
4993	58 
4994	10 
4995	88 
4996	41 
4997	50 
4998	7 
4999	39 
5000	74 
