1	5 
2	18 
3	1 
4	20 
5	20 
6	26 
7	23 
8	30 
9	8 
10	24 
11	12 
12	27 
13	10 
14	26 
15	8 
16	20 
17	5 
18	24 
19	11 
20	9 
21	28 
22	11 
23	7 
24	25 
25	17 
26	28 
27	11 
28	7 
29	25 
30	8 
31	31 
32	21 
33	18 
34	18 
35	18 
36	18 
37	20 
38	5 
39	8 
40	29 
41	11 
42	5 
43	15 
44	25 
45	23 
46	17 
47	22 
48	6 
49	8 
50	4 
51	12 
52	21 
53	19 
54	27 
55	23 
56	14 
57	13 
58	6 
59	18 
60	4 
61	2 
62	3 
63	11 
64	9 
65	9 
66	19 
67	26 
68	18 
69	31 
70	9 
71	2 
72	24 
73	20 
74	18 
75	14 
76	2 
77	5 
78	23 
79	27 
80	9 
81	10 
82	27 
83	16 
84	1 
85	3 
86	14 
87	8 
88	9 
89	5 
90	18 
91	5 
92	6 
93	2 
94	28 
95	24 
96	30 
97	1 
98	18 
99	8 
100	15 
101	13 
102	4 
103	12 
104	6 
105	2 
106	19 
107	14 
108	13 
109	5 
110	16 
111	14 
112	24 
113	15 
114	26 
115	7 
116	7 
117	28 
118	6 
119	10 
120	19 
121	26 
122	22 
123	26 
124	19 
125	29 
126	4 
127	28 
128	25 
129	31 
130	10 
131	31 
132	18 
133	16 
134	16 
135	31 
136	12 
137	27 
138	2 
139	22 
140	11 
141	25 
142	17 
143	6 
144	29 
145	22 
146	6 
147	30 
148	15 
149	7 
150	9 
151	5 
152	29 
153	1 
154	7 
155	3 
156	25 
157	28 
158	28 
159	18 
160	31 
161	29 
162	15 
163	18 
164	29 
165	3 
166	16 
167	19 
168	1 
169	14 
170	10 
171	31 
172	17 
173	29 
174	7 
175	8 
176	13 
177	9 
178	19 
179	20 
180	13 
181	4 
182	24 
183	23 
184	2 
185	1 
186	11 
187	3 
188	20 
189	28 
190	20 
191	12 
192	13 
193	2 
194	19 
195	8 
196	30 
197	5 
198	3 
199	13 
200	24 
201	6 
202	21 
203	10 
204	25 
205	28 
206	2 
207	12 
208	28 
209	28 
210	27 
211	5 
212	3 
213	11 
214	12 
215	18 
216	25 
217	3 
218	17 
219	24 
220	28 
221	25 
222	5 
223	24 
224	31 
225	5 
226	31 
227	27 
228	24 
229	28 
230	19 
231	23 
232	28 
233	4 
234	5 
235	19 
236	18 
237	18 
238	29 
239	3 
240	23 
241	28 
242	1 
243	19 
244	5 
245	26 
246	30 
247	26 
248	9 
249	12 
250	19 
251	6 
252	8 
253	23 
254	13 
255	5 
256	4 
257	9 
258	6 
259	7 
260	20 
261	19 
262	21 
263	31 
264	21 
265	14 
266	24 
267	16 
268	9 
269	22 
270	14 
271	7 
272	16 
273	19 
274	4 
275	28 
276	3 
277	20 
278	3 
279	25 
280	8 
281	29 
282	31 
283	30 
284	12 
285	5 
286	8 
287	28 
288	22 
289	7 
290	16 
291	22 
292	8 
293	16 
294	8 
295	21 
296	14 
297	5 
298	5 
299	2 
300	12 
301	1 
302	7 
303	29 
304	27 
305	8 
306	13 
307	27 
308	6 
309	4 
310	12 
311	1 
312	28 
313	1 
314	11 
315	3 
316	21 
317	17 
318	17 
319	9 
320	15 
321	15 
322	1 
323	10 
324	29 
325	16 
326	8 
327	23 
328	7 
329	26 
330	15 
331	28 
332	3 
333	4 
334	17 
335	6 
336	21 
337	12 
338	21 
339	13 
340	27 
341	3 
342	11 
343	30 
344	13 
345	18 
346	9 
347	1 
348	7 
349	31 
350	26 
351	25 
352	5 
353	4 
354	7 
355	12 
356	18 
357	23 
358	2 
359	30 
360	12 
361	22 
362	7 
363	14 
364	15 
365	30 
366	8 
367	9 
368	15 
369	17 
370	7 
371	15 
372	14 
373	9 
374	30 
375	6 
376	2 
377	5 
378	1 
379	26 
380	30 
381	18 
382	4 
383	24 
384	14 
385	4 
386	3 
387	25 
388	25 
389	23 
390	10 
391	23 
392	24 
393	4 
394	4 
395	3 
396	27 
397	30 
398	21 
399	28 
400	21 
401	23 
402	4 
403	4 
404	7 
405	17 
406	31 
407	10 
408	10 
409	16 
410	17 
411	2 
412	15 
413	11 
414	21 
415	15 
416	9 
417	14 
418	14 
419	5 
420	1 
421	15 
422	31 
423	23 
424	4 
425	31 
426	9 
427	29 
428	21 
429	27 
430	16 
431	1 
432	13 
433	25 
434	28 
435	19 
436	30 
437	15 
438	5 
439	12 
440	27 
441	3 
442	31 
443	7 
444	15 
445	15 
446	4 
447	3 
448	25 
449	21 
450	29 
451	4 
452	17 
453	10 
454	1 
455	4 
456	6 
457	16 
458	1 
459	30 
460	2 
461	19 
462	16 
463	19 
464	17 
465	29 
466	9 
467	11 
468	29 
469	27 
470	27 
471	3 
472	11 
473	11 
474	25 
475	21 
476	14 
477	4 
478	25 
479	14 
480	30 
481	17 
482	11 
483	14 
484	16 
485	6 
486	25 
487	18 
488	1 
489	30 
490	12 
491	10 
492	12 
493	21 
494	13 
495	6 
496	31 
497	2 
498	31 
499	10 
500	18 
501	28 
502	6 
503	29 
504	20 
505	9 
506	31 
507	10 
508	30 
509	30 
510	3 
511	12 
512	22 
513	28 
514	16 
515	10 
516	17 
517	31 
518	29 
519	10 
520	20 
521	12 
522	29 
523	9 
524	7 
525	11 
526	2 
527	31 
528	5 
529	29 
530	11 
531	19 
532	9 
533	8 
534	26 
535	5 
536	26 
537	17 
538	21 
539	10 
540	21 
541	29 
542	27 
543	31 
544	17 
545	29 
546	23 
547	15 
548	10 
549	8 
550	4 
551	22 
552	16 
553	1 
554	15 
555	18 
556	19 
557	2 
558	9 
559	2 
560	8 
561	18 
562	21 
563	26 
564	9 
565	1 
566	11 
567	8 
568	28 
569	29 
570	15 
571	2 
572	18 
573	9 
574	10 
575	4 
576	6 
577	26 
578	31 
579	16 
580	28 
581	1 
582	11 
583	26 
584	2 
585	29 
586	25 
587	8 
588	8 
589	18 
590	12 
591	27 
592	21 
593	23 
594	3 
595	18 
596	18 
597	17 
598	22 
599	16 
600	14 
601	8 
602	8 
603	13 
604	27 
605	10 
606	16 
607	23 
608	7 
609	30 
610	29 
611	13 
612	10 
613	22 
614	5 
615	28 
616	14 
617	18 
618	27 
619	5 
620	2 
621	17 
622	21 
623	24 
624	2 
625	2 
626	11 
627	22 
628	2 
629	3 
630	31 
631	26 
632	29 
633	15 
634	31 
635	30 
636	5 
637	23 
638	23 
639	30 
640	6 
641	18 
642	28 
643	24 
644	4 
645	10 
646	30 
647	1 
648	22 
649	4 
650	24 
651	17 
652	13 
653	8 
654	5 
655	4 
656	6 
657	9 
658	31 
659	28 
660	1 
661	29 
662	21 
663	21 
664	27 
665	31 
666	14 
667	22 
668	9 
669	29 
670	27 
671	11 
672	3 
673	19 
674	3 
675	15 
676	9 
677	26 
678	10 
679	12 
680	9 
681	29 
682	27 
683	5 
684	3 
685	28 
686	30 
687	10 
688	8 
689	26 
690	21 
691	5 
692	15 
693	5 
694	26 
695	30 
696	29 
697	9 
698	26 
699	5 
700	25 
701	25 
702	24 
703	29 
704	7 
705	31 
706	9 
707	1 
708	13 
709	24 
710	31 
711	5 
712	26 
713	15 
714	11 
715	15 
716	5 
717	16 
718	28 
719	23 
720	15 
721	13 
722	17 
723	21 
724	13 
725	31 
726	6 
727	23 
728	17 
729	29 
730	10 
731	23 
732	20 
733	3 
734	28 
735	25 
736	31 
737	30 
738	17 
739	19 
740	25 
741	29 
742	30 
743	20 
744	27 
745	1 
746	19 
747	18 
748	18 
749	4 
750	6 
751	22 
752	25 
753	19 
754	23 
755	4 
756	13 
757	4 
758	31 
759	13 
760	7 
761	7 
762	19 
763	2 
764	6 
765	13 
766	11 
767	4 
768	29 
769	29 
770	31 
771	25 
772	20 
773	14 
774	30 
775	22 
776	26 
777	27 
778	18 
779	27 
780	5 
781	2 
782	21 
783	4 
784	14 
785	9 
786	25 
787	17 
788	3 
789	25 
790	29 
791	15 
792	24 
793	30 
794	19 
795	31 
796	20 
797	17 
798	27 
799	13 
800	8 
801	16 
802	19 
803	28 
804	18 
805	13 
806	26 
807	1 
808	23 
809	25 
810	20 
811	17 
812	2 
813	29 
814	28 
815	13 
816	23 
817	27 
818	14 
819	5 
820	21 
821	3 
822	16 
823	4 
824	23 
825	7 
826	3 
827	19 
828	11 
829	13 
830	7 
831	3 
832	2 
833	31 
834	23 
835	17 
836	4 
837	2 
838	30 
839	9 
840	15 
841	21 
842	27 
843	31 
844	9 
845	22 
846	30 
847	3 
848	12 
849	2 
850	10 
851	2 
852	9 
853	13 
854	22 
855	14 
856	25 
857	1 
858	31 
859	19 
860	6 
861	22 
862	16 
863	4 
864	8 
865	10 
866	17 
867	29 
868	18 
869	20 
870	11 
871	18 
872	29 
873	21 
874	9 
875	23 
876	29 
877	20 
878	2 
879	27 
880	8 
881	22 
882	8 
883	12 
884	19 
885	13 
886	25 
887	11 
888	31 
889	24 
890	13 
891	5 
892	15 
893	2 
894	6 
895	15 
896	14 
897	29 
898	15 
899	21 
900	7 
901	23 
902	21 
903	24 
904	21 
905	13 
906	17 
907	8 
908	2 
909	29 
910	28 
911	14 
912	24 
913	22 
914	11 
915	1 
916	7 
917	30 
918	23 
919	24 
920	29 
921	25 
922	14 
923	3 
924	22 
925	26 
926	4 
927	1 
928	15 
929	30 
930	14 
931	10 
932	8 
933	2 
934	16 
935	5 
936	2 
937	14 
938	14 
939	3 
940	12 
941	6 
942	29 
943	9 
944	19 
945	26 
946	9 
947	10 
948	17 
949	22 
950	22 
951	25 
952	25 
953	30 
954	7 
955	31 
956	31 
957	10 
958	8 
959	13 
960	8 
961	6 
962	14 
963	25 
964	1 
965	24 
966	17 
967	21 
968	24 
969	21 
970	5 
971	8 
972	3 
973	1 
974	18 
975	2 
976	24 
977	23 
978	8 
979	21 
980	13 
981	20 
982	8 
983	27 
984	26 
985	1 
986	29 
987	29 
988	19 
989	21 
990	20 
991	14 
992	4 
993	2 
994	7 
995	20 
996	8 
997	25 
998	11 
999	13 
1000	4 
1001	30 
1002	1 
1003	19 
1004	18 
1005	22 
1006	2 
1007	11 
1008	4 
1009	29 
1010	3 
1011	24 
1012	21 
1013	20 
1014	31 
1015	31 
1016	25 
1017	23 
1018	21 
1019	24 
1020	3 
1021	30 
1022	1 
1023	21 
1024	24 
1025	11 
1026	12 
1027	2 
1028	13 
1029	10 
1030	31 
1031	4 
1032	20 
1033	22 
1034	19 
1035	7 
1036	28 
1037	30 
1038	27 
1039	6 
1040	1 
1041	7 
1042	30 
1043	19 
1044	18 
1045	30 
1046	7 
1047	30 
1048	13 
1049	11 
1050	15 
1051	30 
1052	17 
1053	16 
1054	2 
1055	1 
1056	1 
1057	8 
1058	13 
1059	12 
1060	28 
1061	19 
1062	6 
1063	30 
1064	9 
1065	17 
1066	25 
1067	27 
1068	17 
1069	31 
1070	1 
1071	11 
1072	19 
1073	10 
1074	2 
1075	17 
1076	18 
1077	27 
1078	13 
1079	29 
1080	22 
1081	18 
1082	20 
1083	13 
1084	8 
1085	29 
1086	29 
1087	7 
1088	20 
1089	31 
1090	11 
1091	24 
1092	29 
1093	24 
1094	17 
1095	29 
1096	27 
1097	10 
1098	12 
1099	14 
1100	28 
1101	5 
1102	4 
1103	26 
1104	18 
1105	11 
1106	22 
1107	22 
1108	6 
1109	29 
1110	11 
1111	17 
1112	30 
1113	18 
1114	26 
1115	23 
1116	3 
1117	21 
1118	6 
1119	6 
1120	15 
1121	31 
1122	7 
1123	24 
1124	22 
1125	17 
1126	11 
1127	8 
1128	8 
1129	1 
1130	29 
1131	4 
1132	9 
1133	3 
1134	22 
1135	15 
1136	7 
1137	2 
1138	11 
1139	31 
1140	3 
1141	24 
1142	20 
1143	30 
1144	8 
1145	25 
1146	27 
1147	23 
1148	15 
1149	17 
1150	1 
1151	14 
1152	8 
1153	26 
1154	20 
1155	9 
1156	24 
1157	21 
1158	16 
1159	23 
1160	6 
1161	17 
1162	20 
1163	27 
1164	13 
1165	3 
1166	4 
1167	22 
1168	11 
1169	19 
1170	24 
1171	4 
1172	29 
1173	30 
1174	10 
1175	17 
1176	25 
1177	11 
1178	12 
1179	15 
1180	10 
1181	9 
1182	7 
1183	3 
1184	24 
1185	2 
1186	4 
1187	29 
1188	5 
1189	28 
1190	25 
1191	2 
1192	2 
1193	21 
1194	24 
1195	20 
1196	7 
1197	18 
1198	30 
1199	2 
1200	29 
1201	15 
1202	28 
1203	9 
1204	1 
1205	24 
1206	14 
1207	19 
1208	9 
1209	26 
1210	18 
1211	26 
1212	8 
1213	17 
1214	25 
1215	10 
1216	20 
1217	14 
1218	7 
1219	22 
1220	17 
1221	6 
1222	8 
1223	5 
1224	20 
1225	31 
1226	26 
1227	25 
1228	2 
1229	18 
1230	26 
1231	8 
1232	24 
1233	15 
1234	28 
1235	30 
1236	19 
1237	1 
1238	28 
1239	22 
1240	19 
1241	3 
1242	19 
1243	2 
1244	5 
1245	15 
1246	23 
1247	9 
1248	25 
1249	29 
1250	28 
1251	24 
1252	8 
1253	22 
1254	8 
1255	15 
1256	1 
1257	7 
1258	5 
1259	23 
1260	23 
1261	27 
1262	13 
1263	28 
1264	16 
1265	5 
1266	7 
1267	15 
1268	7 
1269	1 
1270	28 
1271	2 
1272	14 
1273	4 
1274	29 
1275	12 
1276	27 
1277	21 
1278	21 
1279	5 
1280	24 
1281	14 
1282	3 
1283	19 
1284	7 
1285	10 
1286	17 
1287	30 
1288	26 
1289	2 
1290	29 
1291	5 
1292	22 
1293	8 
1294	19 
1295	6 
1296	18 
1297	27 
1298	8 
1299	31 
1300	14 
1301	31 
1302	14 
1303	9 
1304	7 
1305	30 
1306	24 
1307	19 
1308	26 
1309	27 
1310	13 
1311	3 
1312	18 
1313	25 
1314	19 
1315	10 
1316	9 
1317	25 
1318	27 
1319	3 
1320	29 
1321	4 
1322	1 
1323	8 
1324	11 
1325	17 
1326	6 
1327	9 
1328	31 
1329	12 
1330	5 
1331	18 
1332	26 
1333	11 
1334	27 
1335	11 
1336	5 
1337	26 
1338	19 
1339	29 
1340	25 
1341	6 
1342	9 
1343	15 
1344	3 
1345	10 
1346	13 
1347	4 
1348	13 
1349	21 
1350	29 
1351	24 
1352	15 
1353	31 
1354	31 
1355	24 
1356	9 
1357	20 
1358	24 
1359	9 
1360	2 
1361	25 
1362	31 
1363	19 
1364	17 
1365	20 
1366	21 
1367	25 
1368	22 
1369	23 
1370	12 
1371	17 
1372	19 
1373	8 
1374	5 
1375	8 
1376	29 
1377	15 
1378	11 
1379	28 
1380	13 
1381	24 
1382	1 
1383	3 
1384	9 
1385	24 
1386	1 
1387	14 
1388	27 
1389	9 
1390	8 
1391	8 
1392	4 
1393	17 
1394	7 
1395	4 
1396	7 
1397	17 
1398	18 
1399	24 
1400	2 
1401	13 
1402	30 
1403	8 
1404	14 
1405	24 
1406	12 
1407	8 
1408	22 
1409	27 
1410	22 
1411	27 
1412	5 
1413	11 
1414	28 
1415	24 
1416	29 
1417	9 
1418	12 
1419	12 
1420	25 
1421	2 
1422	12 
1423	30 
1424	1 
1425	10 
1426	18 
1427	26 
1428	2 
1429	30 
1430	9 
1431	31 
1432	7 
1433	6 
1434	15 
1435	9 
1436	14 
1437	20 
1438	3 
1439	17 
1440	3 
1441	2 
1442	15 
1443	18 
1444	15 
1445	6 
1446	31 
1447	30 
1448	29 
1449	9 
1450	15 
1451	4 
1452	13 
1453	22 
1454	30 
1455	9 
1456	20 
1457	18 
1458	31 
1459	16 
1460	3 
1461	15 
1462	3 
1463	26 
1464	3 
1465	22 
1466	25 
1467	4 
1468	18 
1469	16 
1470	3 
1471	8 
1472	5 
1473	19 
1474	18 
1475	28 
1476	1 
1477	25 
1478	17 
1479	22 
1480	8 
1481	11 
1482	25 
1483	26 
1484	31 
1485	18 
1486	2 
1487	10 
1488	8 
1489	20 
1490	30 
1491	12 
1492	24 
1493	4 
1494	29 
1495	2 
1496	15 
1497	20 
1498	3 
1499	17 
1500	18 
1501	20 
1502	25 
1503	24 
1504	1 
1505	10 
1506	2 
1507	27 
1508	7 
1509	4 
1510	25 
1511	18 
1512	8 
1513	4 
1514	29 
1515	31 
1516	9 
1517	5 
1518	2 
1519	26 
1520	19 
1521	28 
1522	17 
1523	31 
1524	26 
1525	19 
1526	6 
1527	30 
1528	18 
1529	18 
1530	13 
1531	5 
1532	9 
1533	19 
1534	11 
1535	17 
1536	27 
1537	1 
1538	3 
1539	7 
1540	24 
1541	7 
1542	20 
1543	15 
1544	3 
1545	10 
1546	31 
1547	16 
1548	14 
1549	9 
1550	25 
1551	21 
1552	15 
1553	6 
1554	8 
1555	24 
1556	15 
1557	9 
1558	18 
1559	14 
1560	7 
1561	15 
1562	31 
1563	1 
1564	16 
1565	21 
1566	7 
1567	14 
1568	23 
1569	29 
1570	7 
1571	21 
1572	15 
1573	31 
1574	19 
1575	13 
1576	22 
1577	30 
1578	29 
1579	29 
1580	24 
1581	28 
1582	1 
1583	28 
1584	18 
1585	29 
1586	22 
1587	16 
1588	23 
1589	22 
1590	16 
1591	17 
1592	17 
1593	29 
1594	11 
1595	17 
1596	20 
1597	18 
1598	5 
1599	15 
1600	16 
1601	27 
1602	23 
1603	24 
1604	2 
1605	7 
1606	25 
1607	10 
1608	14 
1609	11 
1610	31 
1611	1 
1612	1 
1613	3 
1614	20 
1615	18 
1616	17 
1617	8 
1618	14 
1619	13 
1620	22 
1621	1 
1622	7 
1623	8 
1624	23 
1625	6 
1626	20 
1627	4 
1628	18 
1629	1 
1630	19 
1631	12 
1632	19 
1633	18 
1634	14 
1635	23 
1636	17 
1637	7 
1638	18 
1639	30 
1640	9 
1641	14 
1642	19 
1643	1 
1644	19 
1645	5 
1646	12 
1647	12 
1648	30 
1649	30 
1650	20 
1651	11 
1652	17 
1653	14 
1654	21 
1655	31 
1656	27 
1657	3 
1658	15 
1659	2 
1660	11 
1661	5 
1662	23 
1663	2 
1664	24 
1665	4 
1666	9 
1667	15 
1668	6 
1669	10 
1670	29 
1671	30 
1672	1 
1673	28 
1674	8 
1675	30 
1676	21 
1677	9 
1678	18 
1679	15 
1680	15 
1681	14 
1682	26 
1683	20 
1684	25 
1685	25 
1686	13 
1687	3 
1688	22 
1689	28 
1690	21 
1691	3 
1692	27 
1693	31 
1694	30 
1695	18 
1696	23 
1697	15 
1698	22 
1699	14 
1700	8 
1701	24 
1702	10 
1703	8 
1704	18 
1705	5 
1706	18 
1707	26 
1708	26 
1709	20 
1710	23 
1711	25 
1712	15 
1713	20 
1714	15 
1715	28 
1716	28 
1717	24 
1718	17 
1719	21 
1720	13 
1721	26 
1722	30 
1723	24 
1724	14 
1725	25 
1726	16 
1727	19 
1728	29 
1729	23 
1730	4 
1731	17 
1732	13 
1733	6 
1734	26 
1735	30 
1736	24 
1737	26 
1738	29 
1739	11 
1740	12 
1741	28 
1742	26 
1743	14 
1744	1 
1745	16 
1746	24 
1747	18 
1748	26 
1749	10 
1750	2 
1751	28 
1752	4 
1753	16 
1754	5 
1755	8 
1756	1 
1757	6 
1758	3 
1759	9 
1760	15 
1761	9 
1762	9 
1763	5 
1764	20 
1765	25 
1766	9 
1767	6 
1768	3 
1769	29 
1770	4 
1771	14 
1772	9 
1773	16 
1774	11 
1775	23 
1776	7 
1777	29 
1778	30 
1779	1 
1780	29 
1781	22 
1782	1 
1783	29 
1784	21 
1785	20 
1786	28 
1787	10 
1788	24 
1789	8 
1790	16 
1791	2 
1792	15 
1793	10 
1794	23 
1795	11 
1796	24 
1797	15 
1798	22 
1799	1 
1800	4 
1801	13 
1802	21 
1803	18 
1804	7 
1805	2 
1806	6 
1807	3 
1808	25 
1809	4 
1810	24 
1811	2 
1812	1 
1813	5 
1814	17 
1815	19 
1816	29 
1817	1 
1818	16 
1819	3 
1820	26 
1821	25 
1822	26 
1823	27 
1824	1 
1825	28 
1826	4 
1827	19 
1828	31 
1829	21 
1830	15 
1831	11 
1832	6 
1833	17 
1834	29 
1835	9 
1836	7 
1837	6 
1838	24 
1839	3 
1840	23 
1841	22 
1842	31 
1843	22 
1844	29 
1845	25 
1846	18 
1847	17 
1848	22 
1849	23 
1850	6 
1851	14 
1852	21 
1853	30 
1854	1 
1855	17 
1856	28 
1857	22 
1858	17 
1859	17 
1860	29 
1861	1 
1862	5 
1863	13 
1864	22 
1865	21 
1866	12 
1867	23 
1868	27 
1869	18 
1870	17 
1871	2 
1872	9 
1873	6 
1874	9 
1875	7 
1876	28 
1877	2 
1878	3 
1879	5 
1880	18 
1881	3 
1882	30 
1883	15 
1884	17 
1885	13 
1886	4 
1887	14 
1888	28 
1889	13 
1890	28 
1891	10 
1892	20 
1893	13 
1894	8 
1895	31 
1896	24 
1897	6 
1898	25 
1899	20 
1900	24 
1901	4 
1902	17 
1903	29 
1904	4 
1905	3 
1906	6 
1907	9 
1908	1 
1909	8 
1910	15 
1911	25 
1912	14 
1913	31 
1914	4 
1915	13 
1916	13 
1917	3 
1918	24 
1919	7 
1920	27 
1921	13 
1922	8 
1923	1 
1924	7 
1925	13 
1926	2 
1927	3 
1928	14 
1929	8 
1930	14 
1931	26 
1932	23 
1933	3 
1934	13 
1935	30 
1936	19 
1937	25 
1938	8 
1939	2 
1940	16 
1941	11 
1942	16 
1943	23 
1944	20 
1945	15 
1946	30 
1947	9 
1948	2 
1949	18 
1950	5 
1951	29 
1952	3 
1953	7 
1954	17 
1955	29 
1956	30 
1957	5 
1958	15 
1959	17 
1960	27 
1961	28 
1962	10 
1963	31 
1964	21 
1965	13 
1966	6 
1967	7 
1968	19 
1969	24 
1970	13 
1971	31 
1972	15 
1973	3 
1974	7 
1975	3 
1976	7 
1977	5 
1978	3 
1979	19 
1980	6 
1981	8 
1982	24 
1983	4 
1984	9 
1985	27 
1986	2 
1987	15 
1988	6 
1989	28 
1990	26 
1991	15 
1992	7 
1993	17 
1994	10 
1995	2 
1996	14 
1997	21 
1998	3 
1999	30 
2000	28 
2001	28 
2002	21 
2003	1 
2004	1 
2005	25 
2006	13 
2007	28 
2008	4 
2009	7 
2010	8 
2011	29 
2012	29 
2013	31 
2014	29 
2015	21 
2016	15 
2017	25 
2018	2 
2019	5 
2020	14 
2021	28 
2022	9 
2023	11 
2024	12 
2025	28 
2026	28 
2027	8 
2028	17 
2029	20 
2030	12 
2031	25 
2032	17 
2033	27 
2034	22 
2035	26 
2036	26 
2037	5 
2038	31 
2039	18 
2040	10 
2041	8 
2042	1 
2043	2 
2044	27 
2045	9 
2046	31 
2047	31 
2048	31 
2049	26 
2050	24 
2051	5 
2052	3 
2053	31 
2054	21 
2055	30 
2056	2 
2057	27 
2058	17 
2059	2 
2060	23 
2061	9 
2062	28 
2063	15 
2064	14 
2065	10 
2066	16 
2067	29 
2068	13 
2069	29 
2070	25 
2071	28 
2072	12 
2073	28 
2074	10 
2075	28 
2076	29 
2077	19 
2078	26 
2079	28 
2080	22 
2081	2 
2082	14 
2083	13 
2084	10 
2085	15 
2086	2 
2087	15 
2088	28 
2089	9 
2090	29 
2091	11 
2092	3 
2093	7 
2094	18 
2095	29 
2096	3 
2097	24 
2098	28 
2099	24 
2100	26 
2101	15 
2102	24 
2103	14 
2104	13 
2105	8 
2106	7 
2107	16 
2108	17 
2109	31 
2110	16 
2111	3 
2112	29 
2113	2 
2114	21 
2115	4 
2116	22 
2117	7 
2118	28 
2119	25 
2120	21 
2121	29 
2122	22 
2123	16 
2124	30 
2125	14 
2126	5 
2127	19 
2128	15 
2129	21 
2130	18 
2131	12 
2132	15 
2133	17 
2134	5 
2135	23 
2136	19 
2137	2 
2138	21 
2139	15 
2140	14 
2141	31 
2142	10 
2143	21 
2144	2 
2145	30 
2146	8 
2147	21 
2148	11 
2149	17 
2150	11 
2151	30 
2152	24 
2153	19 
2154	19 
2155	30 
2156	1 
2157	4 
2158	13 
2159	17 
2160	17 
2161	24 
2162	13 
2163	1 
2164	4 
2165	4 
2166	3 
2167	28 
2168	28 
2169	14 
2170	25 
2171	11 
2172	30 
2173	3 
2174	13 
2175	4 
2176	27 
2177	21 
2178	21 
2179	23 
2180	28 
2181	30 
2182	11 
2183	19 
2184	30 
2185	14 
2186	5 
2187	25 
2188	27 
2189	25 
2190	30 
2191	20 
2192	20 
2193	3 
2194	6 
2195	11 
2196	29 
2197	14 
2198	7 
2199	18 
2200	16 
2201	17 
2202	4 
2203	12 
2204	21 
2205	11 
2206	8 
2207	29 
2208	15 
2209	25 
2210	29 
2211	24 
2212	1 
2213	4 
2214	31 
2215	10 
2216	11 
2217	14 
2218	29 
2219	17 
2220	18 
2221	9 
2222	20 
2223	28 
2224	14 
2225	24 
2226	15 
2227	8 
2228	13 
2229	28 
2230	28 
2231	20 
2232	9 
2233	14 
2234	10 
2235	25 
2236	15 
2237	6 
2238	18 
2239	6 
2240	3 
2241	14 
2242	29 
2243	3 
2244	1 
2245	16 
2246	25 
2247	19 
2248	15 
2249	24 
2250	24 
2251	28 
2252	12 
2253	5 
2254	16 
2255	30 
2256	24 
2257	14 
2258	28 
2259	10 
2260	29 
2261	17 
2262	8 
2263	25 
2264	28 
2265	11 
2266	27 
2267	8 
2268	19 
2269	26 
2270	17 
2271	17 
2272	7 
2273	2 
2274	5 
2275	30 
2276	7 
2277	11 
2278	10 
2279	3 
2280	15 
2281	23 
2282	26 
2283	18 
2284	2 
2285	21 
2286	17 
2287	3 
2288	16 
2289	19 
2290	3 
2291	29 
2292	13 
2293	3 
2294	5 
2295	24 
2296	12 
2297	20 
2298	18 
2299	6 
2300	27 
2301	13 
2302	21 
2303	2 
2304	16 
2305	1 
2306	14 
2307	7 
2308	17 
2309	19 
2310	20 
2311	3 
2312	7 
2313	29 
2314	29 
2315	24 
2316	26 
2317	9 
2318	23 
2319	2 
2320	9 
2321	6 
2322	17 
2323	20 
2324	5 
2325	29 
2326	5 
2327	19 
2328	21 
2329	7 
2330	11 
2331	25 
2332	5 
2333	21 
2334	21 
2335	16 
2336	21 
2337	6 
2338	13 
2339	5 
2340	5 
2341	4 
2342	27 
2343	26 
2344	26 
2345	5 
2346	3 
2347	21 
2348	4 
2349	21 
2350	19 
2351	15 
2352	16 
2353	24 
2354	26 
2355	26 
2356	29 
2357	11 
2358	20 
2359	12 
2360	20 
2361	5 
2362	5 
2363	17 
2364	17 
2365	8 
2366	14 
2367	20 
2368	29 
2369	19 
2370	3 
2371	1 
2372	7 
2373	8 
2374	28 
2375	23 
2376	15 
2377	25 
2378	31 
2379	17 
2380	5 
2381	19 
2382	26 
2383	1 
2384	1 
2385	10 
2386	28 
2387	23 
2388	11 
2389	17 
2390	29 
2391	3 
2392	5 
2393	30 
2394	17 
2395	5 
2396	29 
2397	16 
2398	16 
2399	14 
2400	31 
2401	30 
2402	20 
2403	1 
2404	8 
2405	3 
2406	28 
2407	28 
2408	24 
2409	24 
2410	28 
2411	31 
2412	12 
2413	3 
2414	1 
2415	3 
2416	28 
2417	19 
2418	14 
2419	25 
2420	12 
2421	1 
2422	14 
2423	8 
2424	8 
2425	4 
2426	27 
2427	25 
2428	27 
2429	4 
2430	27 
2431	16 
2432	29 
2433	19 
2434	5 
2435	6 
2436	23 
2437	15 
2438	5 
2439	10 
2440	26 
2441	7 
2442	31 
2443	14 
2444	11 
2445	7 
2446	16 
2447	31 
2448	28 
2449	1 
2450	2 
2451	30 
2452	28 
2453	8 
2454	28 
2455	8 
2456	11 
2457	12 
2458	7 
2459	30 
2460	25 
2461	29 
2462	10 
2463	27 
2464	29 
2465	1 
2466	25 
2467	17 
2468	30 
2469	19 
2470	12 
2471	9 
2472	29 
2473	26 
2474	31 
2475	12 
2476	15 
2477	13 
2478	20 
2479	22 
2480	12 
2481	26 
2482	12 
2483	7 
2484	15 
2485	13 
2486	26 
2487	5 
2488	27 
2489	2 
2490	14 
2491	9 
2492	21 
2493	4 
2494	4 
2495	28 
2496	10 
2497	30 
2498	25 
2499	2 
2500	25 
2501	8 
2502	10 
2503	13 
2504	4 
2505	15 
2506	18 
2507	19 
2508	11 
2509	11 
2510	8 
2511	7 
2512	13 
2513	28 
2514	7 
2515	31 
2516	20 
2517	28 
2518	7 
2519	28 
2520	29 
2521	20 
2522	21 
2523	29 
2524	30 
2525	1 
2526	28 
2527	12 
2528	17 
2529	10 
2530	19 
2531	6 
2532	3 
2533	25 
2534	29 
2535	25 
2536	7 
2537	25 
2538	17 
2539	8 
2540	22 
2541	3 
2542	7 
2543	20 
2544	28 
2545	21 
2546	14 
2547	10 
2548	7 
2549	17 
2550	14 
2551	18 
2552	13 
2553	6 
2554	16 
2555	5 
2556	27 
2557	17 
2558	25 
2559	4 
2560	28 
2561	24 
2562	21 
2563	20 
2564	24 
2565	16 
2566	10 
2567	1 
2568	1 
2569	4 
2570	2 
2571	3 
2572	17 
2573	16 
2574	18 
2575	11 
2576	31 
2577	1 
2578	7 
2579	30 
2580	8 
2581	16 
2582	31 
2583	20 
2584	31 
2585	22 
2586	3 
2587	31 
2588	13 
2589	24 
2590	7 
2591	17 
2592	18 
2593	6 
2594	25 
2595	19 
2596	1 
2597	14 
2598	6 
2599	14 
2600	13 
2601	6 
2602	17 
2603	31 
2604	28 
2605	22 
2606	9 
2607	26 
2608	21 
2609	29 
2610	11 
2611	7 
2612	29 
2613	21 
2614	23 
2615	20 
2616	13 
2617	31 
2618	16 
2619	17 
2620	4 
2621	13 
2622	17 
2623	30 
2624	28 
2625	28 
2626	6 
2627	3 
2628	18 
2629	8 
2630	1 
2631	3 
2632	4 
2633	25 
2634	23 
2635	27 
2636	18 
2637	22 
2638	17 
2639	1 
2640	11 
2641	7 
2642	28 
2643	5 
2644	17 
2645	27 
2646	31 
2647	29 
2648	14 
2649	23 
2650	11 
2651	23 
2652	20 
2653	22 
2654	28 
2655	10 
2656	6 
2657	2 
2658	13 
2659	26 
2660	31 
2661	31 
2662	6 
2663	3 
2664	18 
2665	15 
2666	7 
2667	23 
2668	7 
2669	7 
2670	24 
2671	7 
2672	21 
2673	29 
2674	15 
2675	20 
2676	20 
2677	10 
2678	4 
2679	9 
2680	25 
2681	13 
2682	29 
2683	25 
2684	27 
2685	27 
2686	11 
2687	27 
2688	18 
2689	24 
2690	22 
2691	23 
2692	18 
2693	5 
2694	1 
2695	5 
2696	23 
2697	9 
2698	17 
2699	29 
2700	29 
2701	30 
2702	13 
2703	2 
2704	21 
2705	22 
2706	6 
2707	28 
2708	22 
2709	30 
2710	25 
2711	12 
2712	17 
2713	12 
2714	28 
2715	17 
2716	11 
2717	6 
2718	16 
2719	5 
2720	4 
2721	20 
2722	7 
2723	26 
2724	10 
2725	22 
2726	15 
2727	28 
2728	19 
2729	6 
2730	9 
2731	24 
2732	8 
2733	14 
2734	5 
2735	10 
2736	29 
2737	18 
2738	30 
2739	10 
2740	17 
2741	2 
2742	14 
2743	11 
2744	6 
2745	8 
2746	15 
2747	6 
2748	4 
2749	9 
2750	16 
2751	10 
2752	15 
2753	4 
2754	23 
2755	7 
2756	20 
2757	25 
2758	13 
2759	10 
2760	6 
2761	5 
2762	20 
2763	9 
2764	20 
2765	3 
2766	2 
2767	20 
2768	21 
2769	15 
2770	10 
2771	15 
2772	20 
2773	28 
2774	4 
2775	5 
2776	28 
2777	18 
2778	18 
2779	31 
2780	8 
2781	4 
2782	10 
2783	18 
2784	24 
2785	1 
2786	15 
2787	28 
2788	26 
2789	12 
2790	11 
2791	13 
2792	12 
2793	18 
2794	14 
2795	19 
2796	19 
2797	12 
2798	12 
2799	28 
2800	10 
2801	14 
2802	17 
2803	10 
2804	1 
2805	24 
2806	29 
2807	13 
2808	3 
2809	30 
2810	31 
2811	13 
2812	18 
2813	23 
2814	29 
2815	27 
2816	22 
2817	17 
2818	12 
2819	11 
2820	31 
2821	15 
2822	7 
2823	27 
2824	3 
2825	19 
2826	11 
2827	8 
2828	25 
2829	14 
2830	31 
2831	19 
2832	3 
2833	28 
2834	29 
2835	16 
2836	15 
2837	14 
2838	5 
2839	30 
2840	12 
2841	7 
2842	11 
2843	19 
2844	11 
2845	17 
2846	31 
2847	25 
2848	1 
2849	7 
2850	3 
2851	31 
2852	30 
2853	26 
2854	17 
2855	30 
2856	30 
2857	3 
2858	18 
2859	30 
2860	2 
2861	1 
2862	22 
2863	4 
2864	3 
2865	20 
2866	7 
2867	20 
2868	4 
2869	19 
2870	31 
2871	3 
2872	1 
2873	9 
2874	24 
2875	7 
2876	30 
2877	26 
2878	30 
2879	29 
2880	11 
2881	8 
2882	15 
2883	22 
2884	25 
2885	9 
2886	23 
2887	19 
2888	25 
2889	31 
2890	1 
2891	30 
2892	30 
2893	11 
2894	31 
2895	23 
2896	5 
2897	21 
2898	25 
2899	27 
2900	14 
2901	2 
2902	5 
2903	31 
2904	31 
2905	19 
2906	24 
2907	1 
2908	10 
2909	12 
2910	4 
2911	25 
2912	4 
2913	11 
2914	6 
2915	1 
2916	11 
2917	18 
2918	19 
2919	24 
2920	17 
2921	8 
2922	2 
2923	21 
2924	6 
2925	28 
2926	4 
2927	30 
2928	7 
2929	15 
2930	24 
2931	21 
2932	22 
2933	21 
2934	8 
2935	3 
2936	31 
2937	27 
2938	19 
2939	27 
2940	20 
2941	5 
2942	14 
2943	13 
2944	12 
2945	22 
2946	20 
2947	29 
2948	17 
2949	2 
2950	12 
2951	22 
2952	4 
2953	3 
2954	14 
2955	29 
2956	19 
2957	17 
2958	31 
2959	2 
2960	12 
2961	31 
2962	17 
2963	22 
2964	12 
2965	7 
2966	14 
2967	7 
2968	1 
2969	11 
2970	20 
2971	17 
2972	1 
2973	29 
2974	12 
2975	8 
2976	15 
2977	14 
2978	25 
2979	18 
2980	30 
2981	28 
2982	12 
2983	18 
2984	2 
2985	28 
2986	26 
2987	21 
2988	3 
2989	8 
2990	23 
2991	4 
2992	23 
2993	28 
2994	29 
2995	7 
2996	17 
2997	24 
2998	15 
2999	28 
3000	15 
3001	9 
3002	8 
3003	17 
3004	31 
3005	12 
3006	25 
3007	15 
3008	5 
3009	1 
3010	11 
3011	30 
3012	14 
3013	26 
3014	28 
3015	18 
3016	24 
3017	13 
3018	30 
3019	11 
3020	1 
3021	28 
3022	12 
3023	13 
3024	19 
3025	26 
3026	18 
3027	1 
3028	24 
3029	7 
3030	25 
3031	5 
3032	27 
3033	11 
3034	24 
3035	6 
3036	11 
3037	23 
3038	1 
3039	24 
3040	13 
3041	24 
3042	28 
3043	14 
3044	16 
3045	20 
3046	8 
3047	11 
3048	12 
3049	16 
3050	14 
3051	21 
3052	27 
3053	26 
3054	5 
3055	17 
3056	17 
3057	12 
3058	6 
3059	24 
3060	19 
3061	6 
3062	20 
3063	26 
3064	21 
3065	18 
3066	24 
3067	7 
3068	19 
3069	4 
3070	4 
3071	25 
3072	8 
3073	25 
3074	20 
3075	20 
3076	5 
3077	28 
3078	23 
3079	4 
3080	21 
3081	7 
3082	18 
3083	21 
3084	9 
3085	3 
3086	19 
3087	28 
3088	29 
3089	8 
3090	13 
3091	21 
3092	14 
3093	18 
3094	3 
3095	2 
3096	14 
3097	24 
3098	8 
3099	13 
3100	10 
3101	29 
3102	15 
3103	4 
3104	4 
3105	6 
3106	17 
3107	3 
3108	20 
3109	27 
3110	2 
3111	10 
3112	5 
3113	20 
3114	17 
3115	11 
3116	21 
3117	12 
3118	23 
3119	24 
3120	25 
3121	20 
3122	20 
3123	20 
3124	16 
3125	21 
3126	4 
3127	30 
3128	16 
3129	7 
3130	7 
3131	28 
3132	15 
3133	3 
3134	29 
3135	24 
3136	1 
3137	10 
3138	24 
3139	19 
3140	6 
3141	20 
3142	31 
3143	9 
3144	22 
3145	9 
3146	20 
3147	17 
3148	7 
3149	14 
3150	24 
3151	7 
3152	25 
3153	17 
3154	1 
3155	18 
3156	22 
3157	30 
3158	11 
3159	18 
3160	23 
3161	16 
3162	29 
3163	30 
3164	28 
3165	13 
3166	2 
3167	1 
3168	29 
3169	3 
3170	16 
3171	30 
3172	6 
3173	4 
3174	27 
3175	4 
3176	30 
3177	5 
3178	30 
3179	10 
3180	8 
3181	13 
3182	3 
3183	31 
3184	31 
3185	9 
3186	29 
3187	25 
3188	7 
3189	21 
3190	9 
3191	6 
3192	24 
3193	1 
3194	18 
3195	1 
3196	29 
3197	18 
3198	8 
3199	3 
3200	16 
3201	4 
3202	20 
3203	7 
3204	1 
3205	8 
3206	28 
3207	26 
3208	8 
3209	4 
3210	29 
3211	12 
3212	23 
3213	20 
3214	31 
3215	19 
3216	1 
3217	8 
3218	30 
3219	6 
3220	16 
3221	27 
3222	15 
3223	27 
3224	17 
3225	9 
3226	18 
3227	30 
3228	19 
3229	12 
3230	9 
3231	19 
3232	28 
3233	12 
3234	25 
3235	25 
3236	14 
3237	17 
3238	28 
3239	30 
3240	28 
3241	29 
3242	7 
3243	1 
3244	4 
3245	18 
3246	19 
3247	14 
3248	31 
3249	1 
3250	15 
3251	9 
3252	8 
3253	14 
3254	28 
3255	14 
3256	30 
3257	30 
3258	10 
3259	21 
3260	16 
3261	15 
3262	24 
3263	14 
3264	10 
3265	26 
3266	12 
3267	19 
3268	15 
3269	20 
3270	24 
3271	27 
3272	16 
3273	11 
3274	20 
3275	6 
3276	30 
3277	30 
3278	29 
3279	15 
3280	7 
3281	9 
3282	28 
3283	17 
3284	8 
3285	12 
3286	3 
3287	3 
3288	7 
3289	12 
3290	28 
3291	14 
3292	21 
3293	6 
3294	4 
3295	11 
3296	6 
3297	15 
3298	11 
3299	30 
3300	23 
3301	26 
3302	17 
3303	20 
3304	26 
3305	11 
3306	9 
3307	25 
3308	4 
3309	13 
3310	5 
3311	27 
3312	11 
3313	4 
3314	5 
3315	19 
3316	7 
3317	12 
3318	3 
3319	21 
3320	13 
3321	7 
3322	31 
3323	21 
3324	21 
3325	17 
3326	15 
3327	10 
3328	13 
3329	11 
3330	16 
3331	26 
3332	25 
3333	15 
3334	12 
3335	8 
3336	16 
3337	7 
3338	10 
3339	1 
3340	26 
3341	24 
3342	30 
3343	25 
3344	1 
3345	20 
3346	1 
3347	18 
3348	24 
3349	20 
3350	31 
3351	21 
3352	25 
3353	8 
3354	7 
3355	28 
3356	1 
3357	2 
3358	13 
3359	15 
3360	24 
3361	14 
3362	24 
3363	23 
3364	19 
3365	11 
3366	22 
3367	22 
3368	19 
3369	5 
3370	9 
3371	12 
3372	13 
3373	24 
3374	31 
3375	1 
3376	1 
3377	25 
3378	24 
3379	30 
3380	29 
3381	4 
3382	15 
3383	15 
3384	3 
3385	28 
3386	9 
3387	28 
3388	17 
3389	19 
3390	7 
3391	29 
3392	5 
3393	17 
3394	21 
3395	9 
3396	24 
3397	15 
3398	20 
3399	17 
3400	31 
3401	13 
3402	12 
3403	26 
3404	15 
3405	3 
3406	7 
3407	13 
3408	9 
3409	9 
3410	14 
3411	1 
3412	22 
3413	13 
3414	25 
3415	2 
3416	9 
3417	25 
3418	20 
3419	20 
3420	29 
3421	16 
3422	10 
3423	9 
3424	3 
3425	14 
3426	28 
3427	6 
3428	2 
3429	25 
3430	20 
3431	30 
3432	4 
3433	29 
3434	23 
3435	8 
3436	15 
3437	7 
3438	2 
3439	9 
3440	11 
3441	9 
3442	8 
3443	15 
3444	24 
3445	21 
3446	17 
3447	3 
3448	27 
3449	18 
3450	4 
3451	10 
3452	15 
3453	24 
3454	19 
3455	25 
3456	25 
3457	31 
3458	30 
3459	22 
3460	6 
3461	12 
3462	20 
3463	29 
3464	4 
3465	29 
3466	12 
3467	18 
3468	15 
3469	8 
3470	27 
3471	2 
3472	27 
3473	7 
3474	2 
3475	19 
3476	3 
3477	17 
3478	29 
3479	15 
3480	6 
3481	10 
3482	24 
3483	26 
3484	23 
3485	24 
3486	4 
3487	1 
3488	13 
3489	6 
3490	14 
3491	18 
3492	17 
3493	1 
3494	3 
3495	9 
3496	30 
3497	25 
3498	28 
3499	13 
3500	30 
3501	28 
3502	7 
3503	3 
3504	8 
3505	15 
3506	2 
3507	5 
3508	21 
3509	11 
3510	2 
3511	1 
3512	20 
3513	13 
3514	6 
3515	26 
3516	3 
3517	19 
3518	4 
3519	12 
3520	8 
3521	12 
3522	3 
3523	31 
3524	21 
3525	12 
3526	3 
3527	4 
3528	12 
3529	5 
3530	4 
3531	13 
3532	14 
3533	12 
3534	20 
3535	2 
3536	25 
3537	29 
3538	13 
3539	12 
3540	17 
3541	17 
3542	5 
3543	26 
3544	25 
3545	23 
3546	5 
3547	14 
3548	30 
3549	11 
3550	30 
3551	10 
3552	24 
3553	31 
3554	31 
3555	26 
3556	16 
3557	22 
3558	26 
3559	3 
3560	29 
3561	9 
3562	6 
3563	25 
3564	17 
3565	7 
3566	15 
3567	24 
3568	15 
3569	24 
3570	29 
3571	5 
3572	19 
3573	3 
3574	1 
3575	17 
3576	11 
3577	1 
3578	8 
3579	15 
3580	2 
3581	24 
3582	14 
3583	4 
3584	5 
3585	27 
3586	5 
3587	3 
3588	3 
3589	15 
3590	29 
3591	18 
3592	31 
3593	6 
3594	14 
3595	12 
3596	9 
3597	1 
3598	15 
3599	6 
3600	15 
3601	20 
3602	29 
3603	11 
3604	26 
3605	16 
3606	2 
3607	7 
3608	14 
3609	15 
3610	30 
3611	6 
3612	22 
3613	3 
3614	28 
3615	3 
3616	21 
3617	18 
3618	15 
3619	9 
3620	5 
3621	22 
3622	27 
3623	5 
3624	30 
3625	20 
3626	5 
3627	14 
3628	26 
3629	20 
3630	19 
3631	25 
3632	12 
3633	24 
3634	29 
3635	10 
3636	2 
3637	7 
3638	16 
3639	4 
3640	20 
3641	24 
3642	11 
3643	30 
3644	28 
3645	17 
3646	24 
3647	8 
3648	29 
3649	30 
3650	12 
3651	20 
3652	21 
3653	25 
3654	20 
3655	13 
3656	2 
3657	17 
3658	26 
3659	28 
3660	9 
3661	30 
3662	9 
3663	6 
3664	28 
3665	20 
3666	17 
3667	28 
3668	6 
3669	31 
3670	15 
3671	5 
3672	12 
3673	24 
3674	30 
3675	16 
3676	6 
3677	2 
3678	10 
3679	4 
3680	30 
3681	20 
3682	28 
3683	16 
3684	15 
3685	13 
3686	11 
3687	31 
3688	29 
3689	2 
3690	17 
3691	23 
3692	27 
3693	14 
3694	19 
3695	2 
3696	31 
3697	28 
3698	28 
3699	30 
3700	15 
3701	9 
3702	8 
3703	26 
3704	17 
3705	17 
3706	7 
3707	31 
3708	25 
3709	4 
3710	17 
3711	8 
3712	2 
3713	1 
3714	4 
3715	14 
3716	25 
3717	3 
3718	2 
3719	19 
3720	1 
3721	20 
3722	3 
3723	1 
3724	2 
3725	27 
3726	5 
3727	8 
3728	3 
3729	17 
3730	5 
3731	16 
3732	24 
3733	24 
3734	10 
3735	3 
3736	4 
3737	21 
3738	17 
3739	5 
3740	26 
3741	8 
3742	14 
3743	2 
3744	17 
3745	12 
3746	3 
3747	8 
3748	12 
3749	8 
3750	17 
3751	24 
3752	19 
3753	15 
3754	6 
3755	27 
3756	6 
3757	14 
3758	30 
3759	27 
3760	9 
3761	29 
3762	5 
3763	11 
3764	30 
3765	12 
3766	21 
3767	9 
3768	19 
3769	12 
3770	25 
3771	3 
3772	4 
3773	14 
3774	2 
3775	19 
3776	15 
3777	29 
3778	20 
3779	17 
3780	24 
3781	22 
3782	8 
3783	29 
3784	17 
3785	12 
3786	23 
3787	29 
3788	5 
3789	20 
3790	2 
3791	15 
3792	11 
3793	17 
3794	16 
3795	25 
3796	19 
3797	1 
3798	21 
3799	7 
3800	31 
3801	29 
3802	4 
3803	4 
3804	24 
3805	3 
3806	20 
3807	2 
3808	11 
3809	17 
3810	30 
3811	19 
3812	30 
3813	1 
3814	17 
3815	12 
3816	22 
3817	27 
3818	27 
3819	21 
3820	14 
3821	24 
3822	27 
3823	9 
3824	1 
3825	4 
3826	31 
3827	29 
3828	21 
3829	25 
3830	17 
3831	29 
3832	13 
3833	28 
3834	30 
3835	30 
3836	28 
3837	28 
3838	31 
3839	29 
3840	16 
3841	13 
3842	16 
3843	5 
3844	29 
3845	5 
3846	7 
3847	29 
3848	6 
3849	14 
3850	6 
3851	5 
3852	12 
3853	3 
3854	14 
3855	8 
3856	5 
3857	29 
3858	2 
3859	15 
3860	12 
3861	8 
3862	3 
3863	30 
3864	30 
3865	8 
3866	29 
3867	3 
3868	31 
3869	15 
3870	4 
3871	25 
3872	26 
3873	26 
3874	3 
3875	5 
3876	10 
3877	31 
3878	15 
3879	19 
3880	11 
3881	22 
3882	21 
3883	14 
3884	13 
3885	1 
3886	16 
3887	9 
3888	30 
3889	12 
3890	8 
3891	29 
3892	18 
3893	4 
3894	29 
3895	2 
3896	1 
3897	14 
3898	14 
3899	29 
3900	24 
3901	20 
3902	5 
3903	31 
3904	23 
3905	4 
3906	20 
3907	9 
3908	24 
3909	14 
3910	13 
3911	24 
3912	31 
3913	24 
3914	17 
3915	16 
3916	18 
3917	9 
3918	22 
3919	16 
3920	7 
3921	8 
3922	9 
3923	11 
3924	21 
3925	31 
3926	14 
3927	1 
3928	20 
3929	27 
3930	1 
3931	10 
3932	30 
3933	13 
3934	9 
3935	11 
3936	21 
3937	7 
3938	25 
3939	20 
3940	31 
3941	15 
3942	25 
3943	7 
3944	6 
3945	20 
3946	19 
3947	25 
3948	19 
3949	16 
3950	30 
3951	9 
3952	31 
3953	13 
3954	25 
3955	25 
3956	14 
3957	8 
3958	19 
3959	29 
3960	3 
3961	7 
3962	20 
3963	7 
3964	27 
3965	28 
3966	6 
3967	14 
3968	18 
3969	6 
3970	6 
3971	28 
3972	3 
3973	26 
3974	15 
3975	27 
3976	5 
3977	7 
3978	3 
3979	12 
3980	26 
3981	18 
3982	8 
3983	15 
3984	17 
3985	2 
3986	16 
3987	14 
3988	23 
3989	5 
3990	2 
3991	12 
3992	7 
3993	3 
3994	19 
3995	17 
3996	5 
3997	28 
3998	1 
3999	3 
4000	31 
4001	8 
4002	25 
4003	28 
4004	6 
4005	16 
4006	15 
4007	28 
4008	9 
4009	18 
4010	27 
4011	18 
4012	7 
4013	19 
4014	24 
4015	26 
4016	31 
4017	14 
4018	29 
4019	12 
4020	24 
4021	18 
4022	8 
4023	28 
4024	23 
4025	4 
4026	4 
4027	6 
4028	15 
4029	4 
4030	4 
4031	11 
4032	26 
4033	26 
4034	17 
4035	8 
4036	14 
4037	28 
4038	29 
4039	18 
4040	15 
4041	29 
4042	16 
4043	15 
4044	6 
4045	7 
4046	29 
4047	29 
4048	5 
4049	5 
4050	8 
4051	13 
4052	7 
4053	29 
4054	31 
4055	13 
4056	1 
4057	14 
4058	18 
4059	17 
4060	8 
4061	31 
4062	28 
4063	6 
4064	19 
4065	27 
4066	5 
4067	1 
4068	4 
4069	29 
4070	5 
4071	4 
4072	26 
4073	11 
4074	30 
4075	17 
4076	31 
4077	2 
4078	7 
4079	16 
4080	26 
4081	25 
4082	7 
4083	23 
4084	7 
4085	25 
4086	7 
4087	12 
4088	18 
4089	31 
4090	28 
4091	18 
4092	6 
4093	31 
4094	28 
4095	14 
4096	19 
4097	4 
4098	30 
4099	29 
4100	20 
4101	22 
4102	22 
4103	29 
4104	14 
4105	27 
4106	1 
4107	17 
4108	19 
4109	15 
4110	5 
4111	2 
4112	27 
4113	4 
4114	19 
4115	8 
4116	30 
4117	7 
4118	4 
4119	7 
4120	24 
4121	13 
4122	27 
4123	4 
4124	30 
4125	4 
4126	24 
4127	19 
4128	30 
4129	25 
4130	18 
4131	24 
4132	9 
4133	28 
4134	3 
4135	26 
4136	13 
4137	16 
4138	1 
4139	14 
4140	9 
4141	17 
4142	19 
4143	3 
4144	27 
4145	6 
4146	16 
4147	11 
4148	3 
4149	10 
4150	14 
4151	16 
4152	4 
4153	24 
4154	21 
4155	8 
4156	14 
4157	10 
4158	17 
4159	20 
4160	28 
4161	1 
4162	19 
4163	28 
4164	2 
4165	2 
4166	23 
4167	18 
4168	27 
4169	21 
4170	21 
4171	2 
4172	10 
4173	25 
4174	10 
4175	29 
4176	21 
4177	22 
4178	6 
4179	11 
4180	25 
4181	22 
4182	30 
4183	28 
4184	3 
4185	8 
4186	8 
4187	10 
4188	24 
4189	17 
4190	21 
4191	2 
4192	27 
4193	22 
4194	31 
4195	22 
4196	31 
4197	24 
4198	8 
4199	12 
4200	23 
4201	11 
4202	19 
4203	14 
4204	15 
4205	21 
4206	30 
4207	21 
4208	26 
4209	30 
4210	30 
4211	22 
4212	8 
4213	7 
4214	12 
4215	28 
4216	7 
4217	8 
4218	10 
4219	25 
4220	16 
4221	26 
4222	26 
4223	31 
4224	25 
4225	28 
4226	19 
4227	14 
4228	1 
4229	28 
4230	8 
4231	2 
4232	24 
4233	24 
4234	13 
4235	21 
4236	16 
4237	19 
4238	23 
4239	20 
4240	31 
4241	5 
4242	22 
4243	13 
4244	8 
4245	7 
4246	15 
4247	24 
4248	28 
4249	28 
4250	19 
4251	3 
4252	15 
4253	2 
4254	17 
4255	21 
4256	15 
4257	7 
4258	4 
4259	31 
4260	5 
4261	15 
4262	11 
4263	25 
4264	21 
4265	29 
4266	17 
4267	29 
4268	18 
4269	14 
4270	4 
4271	8 
4272	16 
4273	21 
4274	17 
4275	28 
4276	15 
4277	17 
4278	12 
4279	13 
4280	25 
4281	14 
4282	21 
4283	6 
4284	26 
4285	2 
4286	30 
4287	18 
4288	30 
4289	27 
4290	15 
4291	5 
4292	3 
4293	9 
4294	6 
4295	7 
4296	30 
4297	21 
4298	25 
4299	8 
4300	15 
4301	5 
4302	6 
4303	13 
4304	8 
4305	5 
4306	13 
4307	23 
4308	26 
4309	2 
4310	4 
4311	9 
4312	11 
4313	24 
4314	16 
4315	16 
4316	29 
4317	8 
4318	19 
4319	16 
4320	27 
4321	13 
4322	9 
4323	8 
4324	12 
4325	29 
4326	1 
4327	29 
4328	25 
4329	5 
4330	15 
4331	5 
4332	19 
4333	2 
4334	31 
4335	22 
4336	2 
4337	18 
4338	2 
4339	25 
4340	7 
4341	4 
4342	15 
4343	14 
4344	9 
4345	29 
4346	15 
4347	27 
4348	29 
4349	12 
4350	28 
4351	25 
4352	29 
4353	28 
4354	22 
4355	7 
4356	31 
4357	1 
4358	24 
4359	26 
4360	20 
4361	1 
4362	3 
4363	28 
4364	11 
4365	12 
4366	28 
4367	24 
4368	25 
4369	3 
4370	27 
4371	15 
4372	8 
4373	11 
4374	14 
4375	19 
4376	3 
4377	19 
4378	29 
4379	17 
4380	29 
4381	8 
4382	18 
4383	6 
4384	15 
4385	9 
4386	3 
4387	22 
4388	13 
4389	16 
4390	30 
4391	1 
4392	17 
4393	4 
4394	17 
4395	29 
4396	14 
4397	19 
4398	31 
4399	21 
4400	17 
4401	5 
4402	19 
4403	4 
4404	21 
4405	28 
4406	25 
4407	16 
4408	31 
4409	11 
4410	5 
4411	9 
4412	3 
4413	7 
4414	26 
4415	26 
4416	5 
4417	19 
4418	6 
4419	8 
4420	17 
4421	19 
4422	21 
4423	6 
4424	7 
4425	17 
4426	21 
4427	26 
4428	3 
4429	16 
4430	2 
4431	23 
4432	13 
4433	5 
4434	20 
4435	24 
4436	24 
4437	22 
4438	31 
4439	27 
4440	15 
4441	27 
4442	16 
4443	16 
4444	12 
4445	21 
4446	30 
4447	28 
4448	17 
4449	4 
4450	16 
4451	19 
4452	16 
4453	13 
4454	29 
4455	15 
4456	5 
4457	17 
4458	5 
4459	29 
4460	26 
4461	28 
4462	9 
4463	24 
4464	6 
4465	30 
4466	18 
4467	6 
4468	3 
4469	5 
4470	3 
4471	24 
4472	26 
4473	12 
4474	22 
4475	31 
4476	13 
4477	4 
4478	2 
4479	8 
4480	6 
4481	29 
4482	24 
4483	4 
4484	19 
4485	9 
4486	19 
4487	1 
4488	25 
4489	13 
4490	28 
4491	8 
4492	17 
4493	4 
4494	8 
4495	27 
4496	13 
4497	5 
4498	5 
4499	30 
4500	23 
4501	1 
4502	17 
4503	27 
4504	5 
4505	21 
4506	6 
4507	3 
4508	25 
4509	30 
4510	20 
4511	14 
4512	9 
4513	6 
4514	31 
4515	12 
4516	12 
4517	2 
4518	31 
4519	1 
4520	19 
4521	15 
4522	22 
4523	6 
4524	13 
4525	11 
4526	1 
4527	17 
4528	3 
4529	7 
4530	3 
4531	20 
4532	29 
4533	4 
4534	29 
4535	3 
4536	18 
4537	28 
4538	7 
4539	30 
4540	11 
4541	21 
4542	30 
4543	25 
4544	14 
4545	4 
4546	5 
4547	21 
4548	22 
4549	21 
4550	16 
4551	30 
4552	12 
4553	24 
4554	11 
4555	9 
4556	7 
4557	11 
4558	2 
4559	30 
4560	6 
4561	24 
4562	31 
4563	5 
4564	29 
4565	29 
4566	20 
4567	28 
4568	22 
4569	23 
4570	4 
4571	28 
4572	21 
4573	8 
4574	15 
4575	5 
4576	8 
4577	30 
4578	30 
4579	13 
4580	8 
4581	8 
4582	24 
4583	13 
4584	8 
4585	2 
4586	10 
4587	5 
4588	5 
4589	11 
4590	23 
4591	14 
4592	17 
4593	14 
4594	16 
4595	23 
4596	13 
4597	22 
4598	13 
4599	23 
4600	3 
4601	24 
4602	22 
4603	28 
4604	30 
4605	10 
4606	25 
4607	1 
4608	15 
4609	23 
4610	4 
4611	30 
4612	8 
4613	19 
4614	4 
4615	17 
4616	12 
4617	18 
4618	8 
4619	31 
4620	26 
4621	12 
4622	19 
4623	19 
4624	17 
4625	31 
4626	15 
4627	13 
4628	16 
4629	8 
4630	11 
4631	23 
4632	7 
4633	20 
4634	5 
4635	4 
4636	19 
4637	21 
4638	1 
4639	31 
4640	2 
4641	30 
4642	13 
4643	26 
4644	9 
4645	20 
4646	13 
4647	13 
4648	18 
4649	4 
4650	4 
4651	8 
4652	3 
4653	9 
4654	29 
4655	25 
4656	13 
4657	25 
4658	24 
4659	31 
4660	29 
4661	27 
4662	9 
4663	4 
4664	13 
4665	29 
4666	8 
4667	4 
4668	24 
4669	29 
4670	22 
4671	28 
4672	23 
4673	30 
4674	15 
4675	24 
4676	29 
4677	30 
4678	30 
4679	5 
4680	6 
4681	23 
4682	26 
4683	8 
4684	14 
4685	13 
4686	15 
4687	18 
4688	19 
4689	24 
4690	19 
4691	19 
4692	17 
4693	17 
4694	10 
4695	21 
4696	25 
4697	30 
4698	4 
4699	26 
4700	9 
4701	19 
4702	8 
4703	19 
4704	5 
4705	31 
4706	29 
4707	27 
4708	31 
4709	25 
4710	15 
4711	30 
4712	1 
4713	31 
4714	1 
4715	15 
4716	29 
4717	15 
4718	6 
4719	2 
4720	13 
4721	20 
4722	27 
4723	27 
4724	5 
4725	23 
4726	23 
4727	5 
4728	13 
4729	28 
4730	8 
4731	13 
4732	9 
4733	2 
4734	14 
4735	3 
4736	9 
4737	6 
4738	1 
4739	26 
4740	13 
4741	2 
4742	13 
4743	5 
4744	28 
4745	2 
4746	30 
4747	8 
4748	25 
4749	13 
4750	13 
4751	17 
4752	15 
4753	31 
4754	1 
4755	12 
4756	18 
4757	26 
4758	4 
4759	29 
4760	1 
4761	12 
4762	9 
4763	18 
4764	27 
4765	6 
4766	20 
4767	4 
4768	24 
4769	28 
4770	19 
4771	6 
4772	11 
4773	19 
4774	5 
4775	19 
4776	18 
4777	7 
4778	14 
4779	25 
4780	17 
4781	3 
4782	21 
4783	10 
4784	9 
4785	7 
4786	2 
4787	29 
4788	29 
4789	7 
4790	1 
4791	23 
4792	31 
4793	31 
4794	25 
4795	30 
4796	6 
4797	15 
4798	3 
4799	29 
4800	8 
4801	14 
4802	14 
4803	21 
4804	14 
4805	19 
4806	3 
4807	25 
4808	15 
4809	29 
4810	4 
4811	9 
4812	24 
4813	1 
4814	31 
4815	3 
4816	20 
4817	8 
4818	4 
4819	4 
4820	16 
4821	18 
4822	5 
4823	8 
4824	5 
4825	25 
4826	21 
4827	4 
4828	29 
4829	29 
4830	8 
4831	22 
4832	24 
4833	26 
4834	21 
4835	29 
4836	28 
4837	23 
4838	21 
4839	31 
4840	6 
4841	25 
4842	13 
4843	26 
4844	2 
4845	31 
4846	21 
4847	18 
4848	10 
4849	29 
4850	12 
4851	23 
4852	25 
4853	15 
4854	17 
4855	27 
4856	24 
4857	30 
4858	17 
4859	7 
4860	30 
4861	10 
4862	25 
4863	1 
4864	18 
4865	24 
4866	29 
4867	14 
4868	5 
4869	30 
4870	12 
4871	7 
4872	14 
4873	8 
4874	21 
4875	14 
4876	16 
4877	31 
4878	3 
4879	2 
4880	29 
4881	10 
4882	2 
4883	3 
4884	19 
4885	22 
4886	3 
4887	5 
4888	4 
4889	1 
4890	4 
4891	15 
4892	2 
4893	14 
4894	12 
4895	13 
4896	8 
4897	4 
4898	20 
4899	3 
4900	27 
4901	27 
4902	20 
4903	15 
4904	19 
4905	14 
4906	2 
4907	18 
4908	16 
4909	30 
4910	25 
4911	3 
4912	4 
4913	16 
4914	24 
4915	15 
4916	19 
4917	3 
4918	29 
4919	7 
4920	28 
4921	11 
4922	28 
4923	30 
4924	18 
4925	31 
4926	30 
4927	3 
4928	9 
4929	11 
4930	6 
4931	28 
4932	25 
4933	19 
4934	1 
4935	2 
4936	31 
4937	15 
4938	9 
4939	3 
4940	17 
4941	8 
4942	17 
4943	30 
4944	4 
4945	30 
4946	18 
4947	25 
4948	30 
4949	2 
4950	28 
4951	29 
4952	21 
4953	4 
4954	31 
4955	4 
4956	2 
4957	19 
4958	5 
4959	14 
4960	4 
4961	24 
4962	8 
4963	25 
4964	31 
4965	29 
4966	15 
4967	15 
4968	28 
4969	28 
4970	17 
4971	24 
4972	29 
4973	4 
4974	17 
4975	30 
4976	30 
4977	28 
4978	17 
4979	30 
4980	17 
4981	17 
4982	30 
4983	17 
4984	30 
4985	28 
4986	29 
4987	28 
4988	30 
4989	17 
4990	17 
4991	17 
4992	28 
4993	29 
4994	28 
4995	28 
4996	17 
4997	17 
4998	29 
4999	17 
5000	29 
