1	11 
2	9 
3	9 
4	18 
5	22 
6	9 
7	6 
8	11 
9	20 
10	29 
11	31 
12	28 
13	13 
14	22 
15	12 
16	32 
17	6 
18	4 
19	3 
20	25 
21	1 
22	27 
23	1 
24	29 
25	22 
26	30 
27	32 
28	22 
29	3 
30	13 
31	12 
32	8 
33	23 
34	30 
35	1 
36	31 
37	22 
38	31 
39	1 
40	3 
41	11 
42	23 
43	11 
44	22 
45	22 
46	18 
47	25 
48	6 
49	31 
50	12 
51	10 
52	6 
53	20 
54	19 
55	23 
56	12 
57	4 
58	13 
59	17 
60	32 
61	4 
62	21 
63	3 
64	31 
65	6 
66	18 
67	13 
68	15 
69	12 
70	8 
71	32 
72	5 
73	4 
74	17 
75	23 
76	6 
77	2 
78	19 
79	23 
80	4 
81	23 
82	4 
83	9 
84	19 
85	1 
86	30 
87	17 
88	22 
89	27 
90	1 
91	1 
92	4 
93	23 
94	31 
95	14 
96	15 
97	23 
98	3 
99	2 
100	30 
101	27 
102	11 
103	15 
104	32 
105	2 
106	31 
107	9 
108	22 
109	5 
110	7 
111	7 
112	23 
113	32 
114	29 
115	13 
116	17 
117	22 
118	28 
119	8 
120	27 
121	30 
122	30 
123	26 
124	23 
125	16 
126	26 
127	12 
128	10 
129	5 
130	9 
131	12 
132	21 
133	29 
134	31 
135	24 
136	14 
137	25 
138	1 
139	10 
140	14 
141	30 
142	32 
143	19 
144	23 
145	24 
146	9 
147	2 
148	28 
149	24 
150	23 
151	21 
152	11 
153	2 
154	22 
155	4 
156	6 
157	21 
158	23 
159	18 
160	14 
161	17 
162	22 
163	8 
164	15 
165	27 
166	13 
167	22 
168	22 
169	6 
170	12 
171	20 
172	30 
173	2 
174	22 
175	6 
176	11 
177	13 
178	29 
179	20 
180	6 
181	13 
182	10 
183	3 
184	19 
185	7 
186	31 
187	24 
188	12 
189	11 
190	28 
191	14 
192	19 
193	19 
194	17 
195	6 
196	20 
197	29 
198	1 
199	4 
200	12 
201	31 
202	4 
203	2 
204	29 
205	17 
206	19 
207	28 
208	17 
209	9 
210	32 
211	4 
212	17 
213	18 
214	6 
215	22 
216	9 
217	32 
218	1 
219	16 
220	31 
221	8 
222	4 
223	5 
224	23 
225	15 
226	26 
227	13 
228	19 
229	28 
230	30 
231	21 
232	20 
233	24 
234	22 
235	12 
236	2 
237	1 
238	5 
239	23 
240	22 
241	13 
242	19 
243	13 
244	8 
245	24 
246	11 
247	18 
248	29 
249	2 
250	22 
251	28 
252	22 
253	26 
254	5 
255	13 
256	17 
257	1 
258	17 
259	5 
260	3 
261	29 
262	13 
263	15 
264	23 
265	28 
266	6 
267	19 
268	17 
269	9 
270	14 
271	4 
272	28 
273	3 
274	8 
275	30 
276	30 
277	28 
278	30 
279	31 
280	1 
281	7 
282	20 
283	26 
284	6 
285	27 
286	19 
287	4 
288	3 
289	18 
290	24 
291	22 
292	29 
293	17 
294	5 
295	26 
296	8 
297	12 
298	30 
299	8 
300	22 
301	22 
302	22 
303	30 
304	24 
305	16 
306	9 
307	5 
308	29 
309	27 
310	17 
311	17 
312	31 
313	14 
314	16 
315	29 
316	13 
317	20 
318	30 
319	4 
320	26 
321	32 
322	8 
323	14 
324	8 
325	17 
326	1 
327	24 
328	28 
329	10 
330	15 
331	27 
332	21 
333	10 
334	18 
335	12 
336	32 
337	32 
338	15 
339	24 
340	16 
341	21 
342	3 
343	18 
344	31 
345	27 
346	2 
347	2 
348	6 
349	11 
350	11 
351	17 
352	32 
353	17 
354	15 
355	10 
356	18 
357	30 
358	26 
359	18 
360	13 
361	17 
362	12 
363	27 
364	31 
365	5 
366	9 
367	1 
368	29 
369	3 
370	15 
371	27 
372	11 
373	7 
374	22 
375	12 
376	24 
377	31 
378	28 
379	30 
380	25 
381	32 
382	22 
383	3 
384	28 
385	8 
386	3 
387	17 
388	22 
389	26 
390	28 
391	17 
392	6 
393	14 
394	3 
395	19 
396	23 
397	15 
398	13 
399	11 
400	25 
401	30 
402	20 
403	24 
404	30 
405	15 
406	22 
407	12 
408	17 
409	27 
410	4 
411	32 
412	25 
413	29 
414	11 
415	12 
416	2 
417	18 
418	3 
419	20 
420	6 
421	15 
422	1 
423	2 
424	19 
425	20 
426	28 
427	11 
428	6 
429	27 
430	2 
431	18 
432	17 
433	6 
434	10 
435	11 
436	2 
437	5 
438	30 
439	11 
440	7 
441	25 
442	8 
443	22 
444	29 
445	4 
446	14 
447	15 
448	25 
449	15 
450	11 
451	20 
452	24 
453	4 
454	27 
455	4 
456	12 
457	19 
458	22 
459	14 
460	22 
461	7 
462	27 
463	10 
464	5 
465	13 
466	8 
467	23 
468	27 
469	1 
470	16 
471	26 
472	1 
473	18 
474	17 
475	2 
476	18 
477	20 
478	20 
479	23 
480	20 
481	14 
482	4 
483	13 
484	23 
485	27 
486	19 
487	6 
488	9 
489	24 
490	17 
491	1 
492	16 
493	12 
494	8 
495	3 
496	14 
497	3 
498	20 
499	8 
500	16 
501	25 
502	4 
503	7 
504	29 
505	18 
506	8 
507	12 
508	32 
509	31 
510	5 
511	22 
512	3 
513	6 
514	8 
515	4 
516	30 
517	28 
518	31 
519	2 
520	24 
521	15 
522	18 
523	3 
524	13 
525	28 
526	3 
527	12 
528	21 
529	14 
530	16 
531	8 
532	21 
533	14 
534	8 
535	14 
536	24 
537	7 
538	22 
539	2 
540	6 
541	16 
542	10 
543	24 
544	27 
545	29 
546	27 
547	8 
548	23 
549	6 
550	8 
551	24 
552	28 
553	5 
554	1 
555	14 
556	13 
557	29 
558	2 
559	4 
560	22 
561	9 
562	12 
563	12 
564	8 
565	16 
566	17 
567	10 
568	25 
569	32 
570	21 
571	25 
572	19 
573	27 
574	4 
575	16 
576	15 
577	9 
578	4 
579	27 
580	9 
581	3 
582	3 
583	29 
584	22 
585	16 
586	20 
587	28 
588	21 
589	18 
590	15 
591	28 
592	30 
593	24 
594	29 
595	29 
596	31 
597	19 
598	3 
599	2 
600	22 
601	12 
602	22 
603	24 
604	19 
605	15 
606	5 
607	27 
608	22 
609	18 
610	25 
611	27 
612	22 
613	14 
614	28 
615	26 
616	17 
617	32 
618	9 
619	12 
620	13 
621	15 
622	23 
623	20 
624	11 
625	18 
626	22 
627	9 
628	28 
629	1 
630	28 
631	30 
632	27 
633	21 
634	15 
635	1 
636	18 
637	4 
638	25 
639	10 
640	24 
641	2 
642	1 
643	24 
644	2 
645	6 
646	20 
647	27 
648	5 
649	23 
650	30 
651	7 
652	8 
653	20 
654	1 
655	17 
656	23 
657	5 
658	4 
659	27 
660	7 
661	17 
662	22 
663	1 
664	28 
665	19 
666	23 
667	21 
668	1 
669	32 
670	2 
671	29 
672	15 
673	12 
674	21 
675	13 
676	29 
677	10 
678	4 
679	20 
680	16 
681	18 
682	2 
683	10 
684	14 
685	29 
686	14 
687	11 
688	27 
689	19 
690	24 
691	22 
692	5 
693	20 
694	6 
695	3 
696	23 
697	32 
698	29 
699	11 
700	14 
701	3 
702	32 
703	31 
704	4 
705	14 
706	27 
707	4 
708	2 
709	9 
710	4 
711	20 
712	10 
713	30 
714	22 
715	5 
716	7 
717	10 
718	7 
719	4 
720	31 
721	16 
722	5 
723	29 
724	17 
725	29 
726	31 
727	4 
728	13 
729	16 
730	2 
731	1 
732	19 
733	27 
734	10 
735	19 
736	23 
737	17 
738	21 
739	22 
740	16 
741	1 
742	20 
743	5 
744	21 
745	20 
746	20 
747	26 
748	32 
749	31 
750	5 
751	26 
752	8 
753	7 
754	12 
755	29 
756	6 
757	12 
758	25 
759	30 
760	11 
761	26 
762	11 
763	23 
764	31 
765	4 
766	19 
767	7 
768	5 
769	14 
770	9 
771	12 
772	29 
773	23 
774	27 
775	23 
776	10 
777	25 
778	15 
779	23 
780	31 
781	11 
782	22 
783	14 
784	20 
785	15 
786	5 
787	6 
788	5 
789	12 
790	25 
791	29 
792	11 
793	22 
794	2 
795	18 
796	31 
797	23 
798	16 
799	27 
800	5 
801	11 
802	24 
803	4 
804	28 
805	7 
806	24 
807	17 
808	1 
809	29 
810	3 
811	25 
812	25 
813	4 
814	27 
815	7 
816	23 
817	3 
818	6 
819	14 
820	27 
821	6 
822	3 
823	23 
824	24 
825	12 
826	1 
827	31 
828	26 
829	3 
830	23 
831	30 
832	28 
833	29 
834	9 
835	25 
836	1 
837	11 
838	27 
839	13 
840	3 
841	24 
842	18 
843	32 
844	23 
845	30 
846	29 
847	21 
848	32 
849	8 
850	15 
851	9 
852	4 
853	3 
854	21 
855	14 
856	31 
857	14 
858	11 
859	20 
860	15 
861	32 
862	6 
863	32 
864	26 
865	5 
866	2 
867	3 
868	10 
869	32 
870	21 
871	26 
872	21 
873	25 
874	25 
875	21 
876	32 
877	25 
878	31 
879	28 
880	29 
881	26 
882	25 
883	30 
884	16 
885	29 
886	17 
887	31 
888	19 
889	13 
890	27 
891	1 
892	22 
893	6 
894	3 
895	28 
896	8 
897	21 
898	29 
899	12 
900	31 
901	23 
902	24 
903	6 
904	24 
905	5 
906	12 
907	29 
908	28 
909	2 
910	11 
911	11 
912	19 
913	5 
914	2 
915	20 
916	30 
917	25 
918	30 
919	21 
920	31 
921	4 
922	28 
923	23 
924	5 
925	13 
926	15 
927	19 
928	30 
929	14 
930	9 
931	3 
932	23 
933	17 
934	25 
935	23 
936	30 
937	21 
938	28 
939	11 
940	11 
941	20 
942	28 
943	23 
944	2 
945	24 
946	10 
947	31 
948	8 
949	7 
950	19 
951	16 
952	10 
953	11 
954	11 
955	8 
956	3 
957	31 
958	12 
959	12 
960	3 
961	22 
962	20 
963	10 
964	27 
965	15 
966	24 
967	29 
968	22 
969	22 
970	31 
971	22 
972	11 
973	32 
974	7 
975	30 
976	16 
977	13 
978	8 
979	1 
980	11 
981	19 
982	27 
983	22 
984	17 
985	17 
986	1 
987	13 
988	13 
989	1 
990	27 
991	10 
992	26 
993	27 
994	10 
995	23 
996	22 
997	21 
998	30 
999	22 
1000	24 
1001	28 
1002	6 
1003	11 
1004	30 
1005	19 
1006	24 
1007	26 
1008	20 
1009	24 
1010	9 
1011	8 
1012	16 
1013	4 
1014	17 
1015	26 
1016	10 
1017	11 
1018	12 
1019	2 
1020	28 
1021	20 
1022	11 
1023	8 
1024	26 
1025	1 
1026	11 
1027	31 
1028	8 
1029	25 
1030	27 
1031	1 
1032	26 
1033	5 
1034	23 
1035	21 
1036	8 
1037	26 
1038	16 
1039	19 
1040	3 
1041	3 
1042	1 
1043	13 
1044	31 
1045	20 
1046	3 
1047	11 
1048	1 
1049	32 
1050	7 
1051	15 
1052	29 
1053	2 
1054	22 
1055	21 
1056	29 
1057	11 
1058	31 
1059	1 
1060	26 
1061	25 
1062	1 
1063	31 
1064	22 
1065	2 
1066	19 
1067	24 
1068	22 
1069	16 
1070	30 
1071	6 
1072	23 
1073	2 
1074	17 
1075	11 
1076	29 
1077	32 
1078	12 
1079	5 
1080	24 
1081	1 
1082	20 
1083	9 
1084	4 
1085	20 
1086	19 
1087	27 
1088	26 
1089	12 
1090	32 
1091	14 
1092	18 
1093	26 
1094	15 
1095	20 
1096	1 
1097	12 
1098	15 
1099	17 
1100	26 
1101	5 
1102	11 
1103	17 
1104	32 
1105	22 
1106	30 
1107	19 
1108	26 
1109	13 
1110	20 
1111	18 
1112	20 
1113	10 
1114	30 
1115	5 
1116	31 
1117	30 
1118	1 
1119	13 
1120	6 
1121	23 
1122	8 
1123	32 
1124	13 
1125	13 
1126	23 
1127	1 
1128	29 
1129	13 
1130	11 
1131	23 
1132	26 
1133	20 
1134	31 
1135	8 
1136	21 
1137	9 
1138	20 
1139	2 
1140	19 
1141	29 
1142	11 
1143	4 
1144	13 
1145	31 
1146	29 
1147	31 
1148	25 
1149	25 
1150	28 
1151	15 
1152	4 
1153	1 
1154	6 
1155	4 
1156	25 
1157	14 
1158	8 
1159	17 
1160	13 
1161	5 
1162	9 
1163	12 
1164	9 
1165	32 
1166	16 
1167	2 
1168	8 
1169	31 
1170	4 
1171	16 
1172	13 
1173	20 
1174	14 
1175	1 
1176	8 
1177	12 
1178	31 
1179	21 
1180	6 
1181	22 
1182	28 
1183	31 
1184	32 
1185	1 
1186	28 
1187	11 
1188	21 
1189	24 
1190	9 
1191	17 
1192	27 
1193	21 
1194	24 
1195	7 
1196	9 
1197	14 
1198	25 
1199	1 
1200	29 
1201	27 
1202	28 
1203	14 
1204	4 
1205	11 
1206	28 
1207	22 
1208	28 
1209	11 
1210	32 
1211	15 
1212	6 
1213	17 
1214	31 
1215	14 
1216	21 
1217	12 
1218	16 
1219	13 
1220	14 
1221	1 
1222	17 
1223	10 
1224	29 
1225	11 
1226	19 
1227	20 
1228	29 
1229	13 
1230	31 
1231	7 
1232	18 
1233	11 
1234	21 
1235	17 
1236	8 
1237	23 
1238	21 
1239	28 
1240	25 
1241	3 
1242	13 
1243	26 
1244	29 
1245	30 
1246	24 
1247	9 
1248	28 
1249	14 
1250	18 
1251	20 
1252	29 
1253	30 
1254	31 
1255	17 
1256	20 
1257	31 
1258	13 
1259	25 
1260	6 
1261	28 
1262	25 
1263	29 
1264	10 
1265	11 
1266	28 
1267	3 
1268	28 
1269	4 
1270	28 
1271	31 
1272	3 
1273	10 
1274	6 
1275	11 
1276	25 
1277	4 
1278	8 
1279	22 
1280	25 
1281	5 
1282	27 
1283	32 
1284	20 
1285	17 
1286	19 
1287	22 
1288	1 
1289	15 
1290	11 
1291	11 
1292	8 
1293	30 
1294	18 
1295	20 
1296	24 
1297	13 
1298	26 
1299	14 
1300	9 
1301	19 
1302	5 
1303	32 
1304	7 
1305	28 
1306	26 
1307	16 
1308	25 
1309	7 
1310	15 
1311	11 
1312	10 
1313	17 
1314	30 
1315	28 
1316	3 
1317	7 
1318	6 
1319	28 
1320	15 
1321	23 
1322	3 
1323	6 
1324	23 
1325	30 
1326	12 
1327	16 
1328	14 
1329	9 
1330	20 
1331	28 
1332	27 
1333	3 
1334	9 
1335	14 
1336	27 
1337	28 
1338	23 
1339	1 
1340	17 
1341	30 
1342	11 
1343	19 
1344	18 
1345	2 
1346	27 
1347	32 
1348	20 
1349	2 
1350	11 
1351	12 
1352	22 
1353	24 
1354	20 
1355	31 
1356	4 
1357	27 
1358	26 
1359	9 
1360	4 
1361	11 
1362	27 
1363	24 
1364	10 
1365	16 
1366	3 
1367	24 
1368	11 
1369	1 
1370	18 
1371	29 
1372	30 
1373	7 
1374	24 
1375	25 
1376	6 
1377	21 
1378	6 
1379	11 
1380	2 
1381	23 
1382	3 
1383	31 
1384	9 
1385	3 
1386	19 
1387	28 
1388	16 
1389	10 
1390	12 
1391	31 
1392	16 
1393	31 
1394	7 
1395	29 
1396	20 
1397	5 
1398	6 
1399	27 
1400	2 
1401	17 
1402	27 
1403	19 
1404	22 
1405	22 
1406	7 
1407	25 
1408	24 
1409	26 
1410	21 
1411	29 
1412	15 
1413	30 
1414	1 
1415	9 
1416	18 
1417	17 
1418	11 
1419	11 
1420	19 
1421	4 
1422	2 
1423	17 
1424	14 
1425	17 
1426	26 
1427	16 
1428	20 
1429	3 
1430	5 
1431	23 
1432	8 
1433	19 
1434	31 
1435	7 
1436	23 
1437	26 
1438	32 
1439	28 
1440	9 
1441	7 
1442	20 
1443	27 
1444	11 
1445	22 
1446	19 
1447	15 
1448	20 
1449	22 
1450	1 
1451	19 
1452	18 
1453	6 
1454	9 
1455	31 
1456	17 
1457	3 
1458	4 
1459	7 
1460	10 
1461	2 
1462	15 
1463	4 
1464	26 
1465	8 
1466	28 
1467	31 
1468	15 
1469	32 
1470	21 
1471	31 
1472	28 
1473	20 
1474	22 
1475	5 
1476	15 
1477	20 
1478	8 
1479	19 
1480	4 
1481	9 
1482	6 
1483	15 
1484	7 
1485	1 
1486	29 
1487	28 
1488	5 
1489	23 
1490	29 
1491	8 
1492	16 
1493	25 
1494	3 
1495	14 
1496	30 
1497	16 
1498	10 
1499	9 
1500	29 
1501	13 
1502	25 
1503	7 
1504	9 
1505	9 
1506	13 
1507	30 
1508	2 
1509	1 
1510	15 
1511	3 
1512	11 
1513	27 
1514	32 
1515	18 
1516	17 
1517	4 
1518	29 
1519	30 
1520	2 
1521	2 
1522	8 
1523	27 
1524	11 
1525	26 
1526	6 
1527	26 
1528	20 
1529	21 
1530	9 
1531	27 
1532	25 
1533	26 
1534	32 
1535	15 
1536	10 
1537	19 
1538	29 
1539	13 
1540	26 
1541	30 
1542	9 
1543	29 
1544	22 
1545	20 
1546	14 
1547	22 
1548	13 
1549	25 
1550	12 
1551	12 
1552	31 
1553	2 
1554	25 
1555	8 
1556	21 
1557	13 
1558	15 
1559	30 
1560	26 
1561	10 
1562	22 
1563	26 
1564	32 
1565	24 
1566	1 
1567	12 
1568	3 
1569	23 
1570	10 
1571	6 
1572	25 
1573	30 
1574	30 
1575	31 
1576	19 
1577	26 
1578	2 
1579	8 
1580	26 
1581	4 
1582	31 
1583	20 
1584	19 
1585	8 
1586	31 
1587	2 
1588	30 
1589	26 
1590	13 
1591	3 
1592	32 
1593	9 
1594	11 
1595	5 
1596	32 
1597	16 
1598	15 
1599	1 
1600	20 
1601	21 
1602	11 
1603	18 
1604	25 
1605	21 
1606	22 
1607	21 
1608	6 
1609	4 
1610	24 
1611	14 
1612	26 
1613	29 
1614	5 
1615	22 
1616	31 
1617	23 
1618	8 
1619	5 
1620	5 
1621	24 
1622	20 
1623	5 
1624	3 
1625	30 
1626	10 
1627	4 
1628	2 
1629	10 
1630	1 
1631	30 
1632	24 
1633	18 
1634	12 
1635	27 
1636	29 
1637	9 
1638	9 
1639	27 
1640	29 
1641	15 
1642	20 
1643	31 
1644	5 
1645	26 
1646	4 
1647	6 
1648	20 
1649	5 
1650	14 
1651	21 
1652	9 
1653	1 
1654	21 
1655	16 
1656	23 
1657	6 
1658	32 
1659	21 
1660	11 
1661	18 
1662	22 
1663	13 
1664	6 
1665	30 
1666	26 
1667	30 
1668	4 
1669	31 
1670	1 
1671	8 
1672	2 
1673	31 
1674	27 
1675	19 
1676	22 
1677	8 
1678	22 
1679	24 
1680	19 
1681	4 
1682	17 
1683	8 
1684	3 
1685	24 
1686	17 
1687	24 
1688	9 
1689	30 
1690	12 
1691	12 
1692	12 
1693	30 
1694	14 
1695	6 
1696	12 
1697	11 
1698	1 
1699	25 
1700	28 
1701	17 
1702	21 
1703	2 
1704	14 
1705	11 
1706	10 
1707	3 
1708	11 
1709	14 
1710	27 
1711	29 
1712	17 
1713	32 
1714	32 
1715	4 
1716	12 
1717	19 
1718	16 
1719	14 
1720	14 
1721	29 
1722	6 
1723	8 
1724	25 
1725	12 
1726	16 
1727	22 
1728	1 
1729	27 
1730	23 
1731	19 
1732	19 
1733	20 
1734	24 
1735	30 
1736	1 
1737	31 
1738	4 
1739	30 
1740	18 
1741	28 
1742	27 
1743	12 
1744	3 
1745	2 
1746	4 
1747	26 
1748	23 
1749	18 
1750	9 
1751	22 
1752	12 
1753	1 
1754	25 
1755	3 
1756	3 
1757	7 
1758	3 
1759	26 
1760	17 
1761	16 
1762	22 
1763	30 
1764	15 
1765	16 
1766	30 
1767	19 
1768	10 
1769	13 
1770	13 
1771	28 
1772	12 
1773	15 
1774	1 
1775	8 
1776	15 
1777	15 
1778	3 
1779	18 
1780	16 
1781	15 
1782	22 
1783	10 
1784	3 
1785	16 
1786	5 
1787	27 
1788	3 
1789	1 
1790	11 
1791	18 
1792	32 
1793	31 
1794	31 
1795	1 
1796	19 
1797	16 
1798	5 
1799	27 
1800	7 
1801	31 
1802	22 
1803	5 
1804	8 
1805	28 
1806	4 
1807	10 
1808	11 
1809	30 
1810	23 
1811	27 
1812	19 
1813	26 
1814	13 
1815	11 
1816	3 
1817	6 
1818	6 
1819	20 
1820	1 
1821	8 
1822	28 
1823	1 
1824	20 
1825	20 
1826	5 
1827	28 
1828	15 
1829	19 
1830	23 
1831	19 
1832	4 
1833	2 
1834	3 
1835	7 
1836	9 
1837	2 
1838	12 
1839	1 
1840	8 
1841	24 
1842	20 
1843	10 
1844	21 
1845	19 
1846	10 
1847	30 
1848	23 
1849	19 
1850	21 
1851	22 
1852	22 
1853	22 
1854	21 
1855	17 
1856	29 
1857	1 
1858	29 
1859	29 
1860	28 
1861	31 
1862	24 
1863	11 
1864	26 
1865	11 
1866	29 
1867	6 
1868	31 
1869	20 
1870	12 
1871	20 
1872	32 
1873	27 
1874	22 
1875	26 
1876	27 
1877	28 
1878	23 
1879	3 
1880	32 
1881	11 
1882	10 
1883	1 
1884	30 
1885	8 
1886	29 
1887	21 
1888	17 
1889	32 
1890	25 
1891	12 
1892	31 
1893	24 
1894	8 
1895	13 
1896	30 
1897	1 
1898	26 
1899	22 
1900	9 
1901	4 
1902	5 
1903	27 
1904	24 
1905	5 
1906	18 
1907	27 
1908	21 
1909	24 
1910	13 
1911	21 
1912	30 
1913	12 
1914	29 
1915	3 
1916	24 
1917	31 
1918	3 
1919	4 
1920	11 
1921	3 
1922	5 
1923	12 
1924	3 
1925	2 
1926	31 
1927	9 
1928	31 
1929	11 
1930	5 
1931	2 
1932	5 
1933	3 
1934	1 
1935	17 
1936	28 
1937	31 
1938	25 
1939	4 
1940	9 
1941	22 
1942	11 
1943	16 
1944	14 
1945	13 
1946	27 
1947	9 
1948	3 
1949	27 
1950	11 
1951	32 
1952	19 
1953	23 
1954	19 
1955	17 
1956	4 
1957	18 
1958	7 
1959	3 
1960	24 
1961	29 
1962	27 
1963	6 
1964	16 
1965	10 
1966	27 
1967	27 
1968	6 
1969	18 
1970	30 
1971	22 
1972	18 
1973	9 
1974	29 
1975	10 
1976	30 
1977	25 
1978	22 
1979	32 
1980	7 
1981	30 
1982	7 
1983	2 
1984	30 
1985	7 
1986	27 
1987	18 
1988	30 
1989	26 
1990	20 
1991	31 
1992	32 
1993	7 
1994	8 
1995	30 
1996	1 
1997	18 
1998	28 
1999	2 
2000	13 
2001	21 
2002	5 
2003	10 
2004	1 
2005	10 
2006	25 
2007	9 
2008	6 
2009	6 
2010	12 
2011	29 
2012	29 
2013	22 
2014	12 
2015	4 
2016	15 
2017	31 
2018	11 
2019	4 
2020	16 
2021	1 
2022	3 
2023	24 
2024	32 
2025	4 
2026	3 
2027	22 
2028	27 
2029	6 
2030	3 
2031	6 
2032	19 
2033	32 
2034	14 
2035	23 
2036	8 
2037	9 
2038	30 
2039	25 
2040	31 
2041	23 
2042	29 
2043	2 
2044	18 
2045	13 
2046	29 
2047	3 
2048	5 
2049	23 
2050	29 
2051	26 
2052	16 
2053	11 
2054	5 
2055	24 
2056	13 
2057	14 
2058	17 
2059	15 
2060	27 
2061	1 
2062	27 
2063	20 
2064	9 
2065	20 
2066	31 
2067	11 
2068	18 
2069	18 
2070	30 
2071	4 
2072	24 
2073	2 
2074	8 
2075	11 
2076	16 
2077	18 
2078	15 
2079	21 
2080	11 
2081	8 
2082	22 
2083	1 
2084	19 
2085	27 
2086	2 
2087	20 
2088	8 
2089	28 
2090	25 
2091	32 
2092	29 
2093	4 
2094	8 
2095	11 
2096	3 
2097	28 
2098	27 
2099	24 
2100	4 
2101	29 
2102	14 
2103	29 
2104	11 
2105	24 
2106	18 
2107	18 
2108	29 
2109	30 
2110	29 
2111	11 
2112	26 
2113	12 
2114	11 
2115	19 
2116	15 
2117	23 
2118	4 
2119	10 
2120	1 
2121	1 
2122	19 
2123	8 
2124	5 
2125	15 
2126	32 
2127	8 
2128	20 
2129	31 
2130	27 
2131	11 
2132	21 
2133	25 
2134	20 
2135	3 
2136	5 
2137	27 
2138	22 
2139	1 
2140	4 
2141	2 
2142	22 
2143	6 
2144	28 
2145	5 
2146	3 
2147	3 
2148	30 
2149	2 
2150	31 
2151	31 
2152	31 
2153	24 
2154	26 
2155	10 
2156	4 
2157	5 
2158	4 
2159	4 
2160	9 
2161	29 
2162	1 
2163	32 
2164	22 
2165	12 
2166	7 
2167	26 
2168	30 
2169	21 
2170	14 
2171	9 
2172	1 
2173	29 
2174	15 
2175	29 
2176	19 
2177	25 
2178	22 
2179	29 
2180	11 
2181	30 
2182	8 
2183	30 
2184	26 
2185	8 
2186	9 
2187	7 
2188	26 
2189	2 
2190	1 
2191	11 
2192	6 
2193	6 
2194	2 
2195	25 
2196	13 
2197	9 
2198	19 
2199	21 
2200	14 
2201	19 
2202	24 
2203	18 
2204	9 
2205	6 
2206	14 
2207	20 
2208	27 
2209	27 
2210	14 
2211	4 
2212	30 
2213	25 
2214	19 
2215	11 
2216	1 
2217	30 
2218	7 
2219	30 
2220	20 
2221	21 
2222	29 
2223	31 
2224	16 
2225	2 
2226	28 
2227	13 
2228	13 
2229	15 
2230	5 
2231	6 
2232	16 
2233	5 
2234	20 
2235	12 
2236	26 
2237	30 
2238	2 
2239	21 
2240	31 
2241	30 
2242	27 
2243	5 
2244	19 
2245	27 
2246	15 
2247	14 
2248	29 
2249	20 
2250	12 
2251	20 
2252	16 
2253	1 
2254	31 
2255	28 
2256	11 
2257	25 
2258	26 
2259	30 
2260	8 
2261	3 
2262	4 
2263	22 
2264	31 
2265	13 
2266	31 
2267	30 
2268	28 
2269	22 
2270	23 
2271	8 
2272	24 
2273	8 
2274	14 
2275	2 
2276	3 
2277	21 
2278	18 
2279	3 
2280	29 
2281	27 
2282	31 
2283	9 
2284	32 
2285	24 
2286	4 
2287	10 
2288	3 
2289	29 
2290	3 
2291	32 
2292	14 
2293	8 
2294	19 
2295	7 
2296	12 
2297	17 
2298	10 
2299	8 
2300	20 
2301	10 
2302	26 
2303	9 
2304	24 
2305	27 
2306	22 
2307	6 
2308	25 
2309	1 
2310	11 
2311	22 
2312	22 
2313	27 
2314	6 
2315	17 
2316	31 
2317	20 
2318	30 
2319	27 
2320	31 
2321	16 
2322	3 
2323	24 
2324	27 
2325	22 
2326	14 
2327	29 
2328	32 
2329	24 
2330	12 
2331	10 
2332	24 
2333	8 
2334	27 
2335	18 
2336	4 
2337	7 
2338	26 
2339	30 
2340	15 
2341	4 
2342	31 
2343	8 
2344	29 
2345	3 
2346	28 
2347	8 
2348	6 
2349	28 
2350	11 
2351	29 
2352	1 
2353	22 
2354	21 
2355	17 
2356	22 
2357	10 
2358	13 
2359	6 
2360	9 
2361	30 
2362	30 
2363	32 
2364	27 
2365	27 
2366	20 
2367	14 
2368	2 
2369	16 
2370	12 
2371	23 
2372	17 
2373	28 
2374	20 
2375	31 
2376	25 
2377	14 
2378	29 
2379	32 
2380	1 
2381	4 
2382	31 
2383	30 
2384	18 
2385	3 
2386	13 
2387	1 
2388	1 
2389	1 
2390	9 
2391	1 
2392	12 
2393	31 
2394	16 
2395	10 
2396	20 
2397	25 
2398	25 
2399	26 
2400	20 
2401	21 
2402	8 
2403	31 
2404	5 
2405	25 
2406	31 
2407	20 
2408	4 
2409	15 
2410	13 
2411	6 
2412	7 
2413	31 
2414	8 
2415	22 
2416	32 
2417	1 
2418	31 
2419	25 
2420	13 
2421	30 
2422	21 
2423	2 
2424	29 
2425	8 
2426	4 
2427	11 
2428	31 
2429	23 
2430	17 
2431	8 
2432	3 
2433	6 
2434	4 
2435	13 
2436	19 
2437	31 
2438	30 
2439	29 
2440	31 
2441	19 
2442	8 
2443	4 
2444	4 
2445	31 
2446	29 
2447	4 
2448	27 
2449	1 
2450	11 
2451	21 
2452	8 
2453	15 
2454	16 
2455	10 
2456	21 
2457	4 
2458	4 
2459	14 
2460	5 
2461	28 
2462	32 
2463	31 
2464	8 
2465	26 
2466	26 
2467	26 
2468	5 
2469	6 
2470	3 
2471	12 
2472	31 
2473	16 
2474	32 
2475	2 
2476	31 
2477	4 
2478	5 
2479	31 
2480	3 
2481	11 
2482	31 
2483	5 
2484	30 
2485	28 
2486	14 
2487	16 
2488	10 
2489	4 
2490	25 
2491	5 
2492	3 
2493	14 
2494	10 
2495	17 
2496	4 
2497	30 
2498	18 
2499	29 
2500	24 
2501	24 
2502	3 
2503	15 
2504	22 
2505	4 
2506	27 
2507	19 
2508	14 
2509	28 
2510	20 
2511	13 
2512	29 
2513	12 
2514	18 
2515	6 
2516	31 
2517	2 
2518	3 
2519	28 
2520	19 
2521	18 
2522	14 
2523	29 
2524	21 
2525	15 
2526	5 
2527	30 
2528	18 
2529	22 
2530	8 
2531	5 
2532	19 
2533	7 
2534	20 
2535	13 
2536	1 
2537	4 
2538	22 
2539	18 
2540	11 
2541	22 
2542	28 
2543	32 
2544	3 
2545	4 
2546	23 
2547	10 
2548	10 
2549	11 
2550	15 
2551	13 
2552	31 
2553	26 
2554	18 
2555	21 
2556	7 
2557	28 
2558	16 
2559	6 
2560	21 
2561	4 
2562	10 
2563	27 
2564	24 
2565	26 
2566	32 
2567	22 
2568	11 
2569	23 
2570	5 
2571	3 
2572	22 
2573	12 
2574	25 
2575	20 
2576	2 
2577	18 
2578	1 
2579	5 
2580	14 
2581	15 
2582	28 
2583	29 
2584	18 
2585	8 
2586	6 
2587	31 
2588	2 
2589	9 
2590	27 
2591	4 
2592	7 
2593	26 
2594	30 
2595	27 
2596	4 
2597	12 
2598	11 
2599	23 
2600	2 
2601	27 
2602	27 
2603	6 
2604	31 
2605	2 
2606	14 
2607	9 
2608	2 
2609	28 
2610	15 
2611	6 
2612	17 
2613	4 
2614	28 
2615	2 
2616	24 
2617	28 
2618	3 
2619	32 
2620	14 
2621	2 
2622	12 
2623	12 
2624	22 
2625	22 
2626	13 
2627	20 
2628	19 
2629	9 
2630	30 
2631	14 
2632	3 
2633	28 
2634	20 
2635	32 
2636	12 
2637	14 
2638	16 
2639	18 
2640	32 
2641	26 
2642	22 
2643	30 
2644	14 
2645	31 
2646	32 
2647	25 
2648	8 
2649	17 
2650	11 
2651	27 
2652	8 
2653	1 
2654	27 
2655	20 
2656	31 
2657	4 
2658	13 
2659	22 
2660	20 
2661	22 
2662	26 
2663	26 
2664	6 
2665	32 
2666	5 
2667	2 
2668	12 
2669	4 
2670	10 
2671	4 
2672	29 
2673	29 
2674	23 
2675	23 
2676	22 
2677	12 
2678	25 
2679	16 
2680	4 
2681	27 
2682	5 
2683	27 
2684	25 
2685	8 
2686	17 
2687	19 
2688	28 
2689	7 
2690	18 
2691	21 
2692	18 
2693	30 
2694	24 
2695	4 
2696	21 
2697	29 
2698	20 
2699	28 
2700	30 
2701	15 
2702	1 
2703	17 
2704	12 
2705	32 
2706	28 
2707	30 
2708	29 
2709	24 
2710	21 
2711	15 
2712	24 
2713	32 
2714	32 
2715	14 
2716	7 
2717	2 
2718	32 
2719	23 
2720	20 
2721	8 
2722	1 
2723	9 
2724	10 
2725	20 
2726	11 
2727	28 
2728	5 
2729	1 
2730	3 
2731	2 
2732	29 
2733	8 
2734	9 
2735	22 
2736	12 
2737	30 
2738	21 
2739	30 
2740	27 
2741	28 
2742	22 
2743	23 
2744	10 
2745	22 
2746	24 
2747	2 
2748	16 
2749	20 
2750	17 
2751	12 
2752	23 
2753	3 
2754	5 
2755	17 
2756	7 
2757	24 
2758	20 
2759	18 
2760	14 
2761	1 
2762	25 
2763	4 
2764	3 
2765	27 
2766	26 
2767	28 
2768	19 
2769	11 
2770	4 
2771	26 
2772	18 
2773	6 
2774	23 
2775	10 
2776	13 
2777	26 
2778	32 
2779	23 
2780	25 
2781	11 
2782	30 
2783	12 
2784	18 
2785	32 
2786	27 
2787	30 
2788	29 
2789	6 
2790	2 
2791	2 
2792	2 
2793	14 
2794	5 
2795	12 
2796	30 
2797	17 
2798	31 
2799	22 
2800	30 
2801	24 
2802	27 
2803	22 
2804	2 
2805	4 
2806	3 
2807	29 
2808	5 
2809	9 
2810	30 
2811	28 
2812	17 
2813	31 
2814	2 
2815	31 
2816	3 
2817	21 
2818	20 
2819	2 
2820	6 
2821	14 
2822	11 
2823	30 
2824	23 
2825	10 
2826	32 
2827	17 
2828	18 
2829	8 
2830	4 
2831	4 
2832	31 
2833	23 
2834	2 
2835	5 
2836	8 
2837	30 
2838	29 
2839	5 
2840	31 
2841	13 
2842	26 
2843	32 
2844	19 
2845	16 
2846	6 
2847	13 
2848	31 
2849	29 
2850	9 
2851	4 
2852	8 
2853	11 
2854	5 
2855	15 
2856	11 
2857	7 
2858	23 
2859	23 
2860	17 
2861	21 
2862	29 
2863	6 
2864	23 
2865	11 
2866	5 
2867	3 
2868	5 
2869	24 
2870	29 
2871	24 
2872	29 
2873	14 
2874	12 
2875	6 
2876	17 
2877	3 
2878	14 
2879	31 
2880	31 
2881	20 
2882	16 
2883	26 
2884	32 
2885	11 
2886	25 
2887	27 
2888	25 
2889	29 
2890	25 
2891	18 
2892	26 
2893	10 
2894	9 
2895	19 
2896	15 
2897	32 
2898	32 
2899	20 
2900	5 
2901	29 
2902	22 
2903	29 
2904	9 
2905	25 
2906	23 
2907	13 
2908	19 
2909	12 
2910	22 
2911	15 
2912	5 
2913	27 
2914	12 
2915	3 
2916	22 
2917	15 
2918	22 
2919	27 
2920	30 
2921	29 
2922	19 
2923	14 
2924	26 
2925	3 
2926	2 
2927	20 
2928	11 
2929	29 
2930	9 
2931	32 
2932	19 
2933	13 
2934	3 
2935	22 
2936	2 
2937	14 
2938	26 
2939	22 
2940	6 
2941	12 
2942	32 
2943	29 
2944	13 
2945	24 
2946	17 
2947	2 
2948	4 
2949	27 
2950	6 
2951	29 
2952	1 
2953	4 
2954	14 
2955	7 
2956	5 
2957	20 
2958	7 
2959	14 
2960	30 
2961	24 
2962	23 
2963	29 
2964	32 
2965	10 
2966	17 
2967	31 
2968	6 
2969	12 
2970	2 
2971	10 
2972	18 
2973	31 
2974	25 
2975	11 
2976	11 
2977	31 
2978	28 
2979	3 
2980	7 
2981	21 
2982	14 
2983	12 
2984	8 
2985	10 
2986	20 
2987	18 
2988	1 
2989	22 
2990	9 
2991	4 
2992	8 
2993	24 
2994	13 
2995	1 
2996	17 
2997	16 
2998	23 
2999	20 
3000	7 
3001	28 
3002	8 
3003	31 
3004	11 
3005	11 
3006	10 
3007	6 
3008	2 
3009	30 
3010	5 
3011	11 
3012	19 
3013	30 
3014	21 
3015	21 
3016	4 
3017	13 
3018	8 
3019	28 
3020	11 
3021	13 
3022	6 
3023	12 
3024	7 
3025	27 
3026	16 
3027	18 
3028	19 
3029	23 
3030	4 
3031	27 
3032	19 
3033	25 
3034	30 
3035	4 
3036	31 
3037	27 
3038	12 
3039	18 
3040	24 
3041	18 
3042	26 
3043	19 
3044	14 
3045	32 
3046	4 
3047	21 
3048	13 
3049	5 
3050	27 
3051	31 
3052	6 
3053	27 
3054	26 
3055	9 
3056	21 
3057	20 
3058	17 
3059	19 
3060	2 
3061	3 
3062	31 
3063	22 
3064	14 
3065	1 
3066	27 
3067	6 
3068	13 
3069	18 
3070	11 
3071	4 
3072	22 
3073	30 
3074	4 
3075	30 
3076	1 
3077	8 
3078	17 
3079	12 
3080	13 
3081	29 
3082	11 
3083	12 
3084	2 
3085	19 
3086	11 
3087	28 
3088	22 
3089	1 
3090	30 
3091	13 
3092	12 
3093	31 
3094	3 
3095	14 
3096	1 
3097	17 
3098	7 
3099	28 
3100	25 
3101	29 
3102	25 
3103	20 
3104	17 
3105	13 
3106	14 
3107	29 
3108	19 
3109	1 
3110	5 
3111	8 
3112	9 
3113	14 
3114	12 
3115	12 
3116	9 
3117	15 
3118	1 
3119	28 
3120	20 
3121	21 
3122	19 
3123	28 
3124	10 
3125	28 
3126	4 
3127	23 
3128	10 
3129	11 
3130	28 
3131	20 
3132	28 
3133	7 
3134	23 
3135	23 
3136	6 
3137	26 
3138	10 
3139	12 
3140	32 
3141	6 
3142	13 
3143	1 
3144	10 
3145	16 
3146	27 
3147	19 
3148	7 
3149	8 
3150	8 
3151	27 
3152	23 
3153	5 
3154	12 
3155	29 
3156	2 
3157	20 
3158	25 
3159	7 
3160	1 
3161	5 
3162	18 
3163	23 
3164	18 
3165	2 
3166	31 
3167	19 
3168	21 
3169	18 
3170	10 
3171	26 
3172	17 
3173	14 
3174	10 
3175	20 
3176	30 
3177	11 
3178	3 
3179	22 
3180	23 
3181	27 
3182	18 
3183	27 
3184	4 
3185	30 
3186	28 
3187	7 
3188	1 
3189	8 
3190	16 
3191	27 
3192	18 
3193	3 
3194	32 
3195	12 
3196	17 
3197	15 
3198	7 
3199	31 
3200	4 
3201	30 
3202	30 
3203	19 
3204	31 
3205	15 
3206	16 
3207	23 
3208	16 
3209	2 
3210	1 
3211	19 
3212	4 
3213	13 
3214	23 
3215	32 
3216	3 
3217	24 
3218	22 
3219	28 
3220	24 
3221	30 
3222	14 
3223	26 
3224	23 
3225	32 
3226	12 
3227	31 
3228	12 
3229	20 
3230	28 
3231	11 
3232	14 
3233	19 
3234	3 
3235	32 
3236	13 
3237	2 
3238	9 
3239	7 
3240	22 
3241	17 
3242	1 
3243	21 
3244	12 
3245	22 
3246	20 
3247	2 
3248	10 
3249	27 
3250	28 
3251	16 
3252	10 
3253	32 
3254	5 
3255	22 
3256	14 
3257	28 
3258	24 
3259	28 
3260	26 
3261	2 
3262	28 
3263	26 
3264	30 
3265	32 
3266	13 
3267	22 
3268	22 
3269	24 
3270	29 
3271	29 
3272	3 
3273	25 
3274	4 
3275	30 
3276	1 
3277	22 
3278	3 
3279	18 
3280	8 
3281	32 
3282	3 
3283	6 
3284	29 
3285	19 
3286	22 
3287	12 
3288	8 
3289	17 
3290	2 
3291	9 
3292	18 
3293	10 
3294	16 
3295	32 
3296	24 
3297	26 
3298	15 
3299	2 
3300	16 
3301	9 
3302	18 
3303	31 
3304	22 
3305	30 
3306	21 
3307	17 
3308	32 
3309	23 
3310	29 
3311	32 
3312	14 
3313	4 
3314	32 
3315	19 
3316	21 
3317	6 
3318	23 
3319	21 
3320	3 
3321	26 
3322	27 
3323	1 
3324	26 
3325	6 
3326	26 
3327	8 
3328	16 
3329	3 
3330	4 
3331	32 
3332	19 
3333	18 
3334	28 
3335	6 
3336	22 
3337	7 
3338	8 
3339	22 
3340	10 
3341	8 
3342	10 
3343	6 
3344	31 
3345	25 
3346	4 
3347	15 
3348	12 
3349	20 
3350	16 
3351	30 
3352	30 
3353	27 
3354	3 
3355	10 
3356	4 
3357	22 
3358	21 
3359	32 
3360	14 
3361	3 
3362	30 
3363	3 
3364	30 
3365	27 
3366	1 
3367	29 
3368	4 
3369	15 
3370	8 
3371	20 
3372	1 
3373	16 
3374	28 
3375	13 
3376	15 
3377	30 
3378	17 
3379	15 
3380	22 
3381	29 
3382	11 
3383	7 
3384	23 
3385	6 
3386	10 
3387	5 
3388	16 
3389	12 
3390	3 
3391	1 
3392	24 
3393	5 
3394	10 
3395	4 
3396	12 
3397	10 
3398	4 
3399	28 
3400	2 
3401	13 
3402	15 
3403	3 
3404	14 
3405	23 
3406	29 
3407	17 
3408	2 
3409	14 
3410	17 
3411	14 
3412	8 
3413	19 
3414	30 
3415	22 
3416	22 
3417	15 
3418	31 
3419	24 
3420	32 
3421	10 
3422	31 
3423	22 
3424	22 
3425	3 
3426	3 
3427	16 
3428	11 
3429	21 
3430	25 
3431	9 
3432	30 
3433	6 
3434	15 
3435	31 
3436	32 
3437	31 
3438	22 
3439	21 
3440	4 
3441	11 
3442	7 
3443	8 
3444	29 
3445	30 
3446	16 
3447	8 
3448	16 
3449	28 
3450	25 
3451	4 
3452	16 
3453	8 
3454	31 
3455	24 
3456	8 
3457	20 
3458	30 
3459	6 
3460	26 
3461	32 
3462	31 
3463	18 
3464	1 
3465	17 
3466	8 
3467	14 
3468	23 
3469	3 
3470	7 
3471	17 
3472	7 
3473	12 
3474	14 
3475	6 
3476	23 
3477	4 
3478	31 
3479	10 
3480	6 
3481	4 
3482	5 
3483	19 
3484	15 
3485	19 
3486	6 
3487	11 
3488	10 
3489	4 
3490	25 
3491	26 
3492	27 
3493	20 
3494	14 
3495	3 
3496	19 
3497	29 
3498	1 
3499	6 
3500	5 
3501	2 
3502	28 
3503	17 
3504	23 
3505	5 
3506	23 
3507	12 
3508	23 
3509	15 
3510	6 
3511	3 
3512	18 
3513	5 
3514	22 
3515	30 
3516	32 
3517	25 
3518	20 
3519	7 
3520	29 
3521	8 
3522	32 
3523	6 
3524	29 
3525	30 
3526	20 
3527	8 
3528	28 
3529	2 
3530	13 
3531	5 
3532	1 
3533	29 
3534	32 
3535	19 
3536	18 
3537	4 
3538	4 
3539	16 
3540	15 
3541	25 
3542	16 
3543	9 
3544	27 
3545	13 
3546	5 
3547	14 
3548	25 
3549	9 
3550	23 
3551	17 
3552	17 
3553	7 
3554	20 
3555	1 
3556	26 
3557	31 
3558	3 
3559	15 
3560	30 
3561	12 
3562	4 
3563	17 
3564	22 
3565	3 
3566	17 
3567	26 
3568	30 
3569	2 
3570	18 
3571	14 
3572	4 
3573	8 
3574	29 
3575	27 
3576	23 
3577	26 
3578	15 
3579	31 
3580	26 
3581	29 
3582	1 
3583	31 
3584	24 
3585	2 
3586	31 
3587	14 
3588	18 
3589	11 
3590	23 
3591	10 
3592	27 
3593	2 
3594	2 
3595	13 
3596	13 
3597	31 
3598	28 
3599	15 
3600	25 
3601	12 
3602	14 
3603	19 
3604	11 
3605	12 
3606	16 
3607	29 
3608	27 
3609	26 
3610	28 
3611	15 
3612	20 
3613	26 
3614	10 
3615	28 
3616	1 
3617	3 
3618	4 
3619	29 
3620	29 
3621	20 
3622	14 
3623	30 
3624	28 
3625	19 
3626	32 
3627	4 
3628	17 
3629	9 
3630	18 
3631	4 
3632	32 
3633	28 
3634	8 
3635	12 
3636	5 
3637	22 
3638	5 
3639	27 
3640	2 
3641	19 
3642	16 
3643	19 
3644	17 
3645	16 
3646	5 
3647	10 
3648	1 
3649	13 
3650	29 
3651	30 
3652	30 
3653	20 
3654	5 
3655	20 
3656	23 
3657	8 
3658	18 
3659	17 
3660	12 
3661	3 
3662	12 
3663	2 
3664	7 
3665	28 
3666	5 
3667	10 
3668	32 
3669	24 
3670	8 
3671	1 
3672	26 
3673	4 
3674	17 
3675	14 
3676	3 
3677	22 
3678	22 
3679	8 
3680	28 
3681	11 
3682	8 
3683	21 
3684	27 
3685	1 
3686	14 
3687	32 
3688	30 
3689	23 
3690	2 
3691	7 
3692	13 
3693	12 
3694	28 
3695	2 
3696	27 
3697	22 
3698	8 
3699	5 
3700	14 
3701	23 
3702	5 
3703	26 
3704	12 
3705	18 
3706	9 
3707	10 
3708	23 
3709	16 
3710	15 
3711	2 
3712	16 
3713	28 
3714	25 
3715	19 
3716	21 
3717	29 
3718	11 
3719	20 
3720	15 
3721	11 
3722	11 
3723	4 
3724	20 
3725	29 
3726	24 
3727	21 
3728	24 
3729	21 
3730	25 
3731	16 
3732	31 
3733	24 
3734	10 
3735	3 
3736	21 
3737	11 
3738	16 
3739	1 
3740	11 
3741	15 
3742	30 
3743	17 
3744	16 
3745	14 
3746	8 
3747	32 
3748	17 
3749	17 
3750	23 
3751	31 
3752	15 
3753	30 
3754	21 
3755	16 
3756	23 
3757	29 
3758	27 
3759	19 
3760	29 
3761	30 
3762	29 
3763	11 
3764	15 
3765	18 
3766	20 
3767	23 
3768	6 
3769	12 
3770	32 
3771	20 
3772	6 
3773	11 
3774	1 
3775	20 
3776	15 
3777	32 
3778	12 
3779	1 
3780	20 
3781	7 
3782	12 
3783	27 
3784	19 
3785	23 
3786	13 
3787	7 
3788	16 
3789	26 
3790	22 
3791	14 
3792	16 
3793	18 
3794	23 
3795	2 
3796	20 
3797	25 
3798	19 
3799	2 
3800	7 
3801	5 
3802	23 
3803	25 
3804	27 
3805	11 
3806	4 
3807	5 
3808	1 
3809	17 
3810	2 
3811	22 
3812	28 
3813	23 
3814	10 
3815	25 
3816	29 
3817	20 
3818	20 
3819	16 
3820	5 
3821	31 
3822	5 
3823	23 
3824	3 
3825	32 
3826	20 
3827	14 
3828	2 
3829	31 
3830	28 
3831	19 
3832	4 
3833	12 
3834	12 
3835	7 
3836	15 
3837	29 
3838	6 
3839	15 
3840	22 
3841	9 
3842	8 
3843	8 
3844	20 
3845	15 
3846	14 
3847	30 
3848	13 
3849	2 
3850	5 
3851	18 
3852	2 
3853	10 
3854	14 
3855	28 
3856	20 
3857	6 
3858	28 
3859	21 
3860	15 
3861	8 
3862	1 
3863	15 
3864	29 
3865	13 
3866	24 
3867	22 
3868	5 
3869	25 
3870	22 
3871	22 
3872	8 
3873	21 
3874	32 
3875	22 
3876	2 
3877	31 
3878	11 
3879	6 
3880	13 
3881	6 
3882	26 
3883	24 
3884	30 
3885	24 
3886	17 
3887	26 
3888	10 
3889	5 
3890	16 
3891	9 
3892	2 
3893	14 
3894	8 
3895	19 
3896	14 
3897	29 
3898	23 
3899	28 
3900	26 
3901	28 
3902	3 
3903	1 
3904	30 
3905	27 
3906	30 
3907	17 
3908	9 
3909	22 
3910	7 
3911	13 
3912	23 
3913	23 
3914	2 
3915	5 
3916	14 
3917	8 
3918	12 
3919	21 
3920	1 
3921	29 
3922	26 
3923	7 
3924	4 
3925	2 
3926	4 
3927	28 
3928	11 
3929	24 
3930	4 
3931	20 
3932	31 
3933	10 
3934	10 
3935	25 
3936	26 
3937	3 
3938	30 
3939	23 
3940	14 
3941	12 
3942	24 
3943	26 
3944	18 
3945	20 
3946	21 
3947	1 
3948	5 
3949	28 
3950	32 
3951	32 
3952	11 
3953	14 
3954	11 
3955	32 
3956	15 
3957	5 
3958	31 
3959	4 
3960	27 
3961	25 
3962	14 
3963	1 
3964	15 
3965	11 
3966	32 
3967	27 
3968	14 
3969	2 
3970	24 
3971	12 
3972	3 
3973	3 
3974	8 
3975	32 
3976	4 
3977	32 
3978	13 
3979	14 
3980	31 
3981	29 
3982	12 
3983	16 
3984	12 
3985	12 
3986	20 
3987	26 
3988	23 
3989	28 
3990	1 
3991	9 
3992	22 
3993	3 
3994	31 
3995	16 
3996	19 
3997	1 
3998	12 
3999	30 
4000	2 
4001	21 
4002	3 
4003	27 
4004	18 
4005	2 
4006	5 
4007	16 
4008	14 
4009	5 
4010	2 
4011	17 
4012	14 
4013	17 
4014	6 
4015	8 
4016	3 
4017	2 
4018	19 
4019	14 
4020	10 
4021	1 
4022	4 
4023	32 
4024	10 
4025	18 
4026	20 
4027	6 
4028	11 
4029	5 
4030	31 
4031	12 
4032	2 
4033	5 
4034	3 
4035	25 
4036	12 
4037	12 
4038	13 
4039	4 
4040	24 
4041	30 
4042	1 
4043	1 
4044	31 
4045	23 
4046	5 
4047	2 
4048	21 
4049	22 
4050	21 
4051	16 
4052	21 
4053	31 
4054	6 
4055	25 
4056	9 
4057	19 
4058	3 
4059	8 
4060	21 
4061	28 
4062	11 
4063	27 
4064	15 
4065	12 
4066	28 
4067	4 
4068	29 
4069	29 
4070	11 
4071	16 
4072	7 
4073	30 
4074	26 
4075	27 
4076	31 
4077	17 
4078	28 
4079	15 
4080	26 
4081	25 
4082	22 
4083	24 
4084	3 
4085	31 
4086	2 
4087	17 
4088	10 
4089	28 
4090	22 
4091	10 
4092	27 
4093	8 
4094	30 
4095	26 
4096	23 
4097	11 
4098	7 
4099	16 
4100	32 
4101	29 
4102	10 
4103	20 
4104	18 
4105	29 
4106	14 
4107	32 
4108	30 
4109	4 
4110	8 
4111	30 
4112	2 
4113	31 
4114	6 
4115	18 
4116	29 
4117	15 
4118	32 
4119	15 
4120	29 
4121	11 
4122	17 
4123	3 
4124	11 
4125	29 
4126	1 
4127	11 
4128	6 
4129	22 
4130	5 
4131	16 
4132	2 
4133	13 
4134	3 
4135	3 
4136	7 
4137	4 
4138	17 
4139	19 
4140	9 
4141	5 
4142	2 
4143	2 
4144	29 
4145	15 
4146	6 
4147	4 
4148	2 
4149	2 
4150	1 
4151	30 
4152	11 
4153	16 
4154	28 
4155	7 
4156	1 
4157	30 
4158	11 
4159	31 
4160	21 
4161	1 
4162	20 
4163	5 
4164	10 
4165	26 
4166	1 
4167	12 
4168	32 
4169	19 
4170	3 
4171	19 
4172	15 
4173	18 
4174	21 
4175	22 
4176	31 
4177	7 
4178	28 
4179	12 
4180	14 
4181	17 
4182	23 
4183	16 
4184	10 
4185	1 
4186	1 
4187	30 
4188	5 
4189	5 
4190	20 
4191	10 
4192	22 
4193	18 
4194	31 
4195	22 
4196	3 
4197	11 
4198	6 
4199	30 
4200	13 
4201	30 
4202	14 
4203	30 
4204	14 
4205	20 
4206	26 
4207	12 
4208	5 
4209	6 
4210	18 
4211	15 
4212	28 
4213	8 
4214	5 
4215	2 
4216	5 
4217	12 
4218	11 
4219	16 
4220	23 
4221	21 
4222	5 
4223	12 
4224	31 
4225	22 
4226	11 
4227	6 
4228	21 
4229	10 
4230	2 
4231	5 
4232	4 
4233	15 
4234	6 
4235	32 
4236	17 
4237	17 
4238	23 
4239	23 
4240	24 
4241	12 
4242	22 
4243	12 
4244	24 
4245	4 
4246	18 
4247	27 
4248	8 
4249	30 
4250	29 
4251	24 
4252	6 
4253	17 
4254	23 
4255	17 
4256	13 
4257	5 
4258	19 
4259	17 
4260	31 
4261	20 
4262	4 
4263	7 
4264	3 
4265	18 
4266	23 
4267	6 
4268	19 
4269	25 
4270	6 
4271	2 
4272	23 
4273	4 
4274	8 
4275	13 
4276	8 
4277	6 
4278	13 
4279	28 
4280	4 
4281	30 
4282	14 
4283	4 
4284	11 
4285	4 
4286	12 
4287	28 
4288	24 
4289	1 
4290	32 
4291	12 
4292	13 
4293	5 
4294	12 
4295	19 
4296	15 
4297	24 
4298	6 
4299	2 
4300	2 
4301	24 
4302	12 
4303	30 
4304	22 
4305	13 
4306	31 
4307	2 
4308	30 
4309	9 
4310	1 
4311	23 
4312	15 
4313	22 
4314	29 
4315	20 
4316	10 
4317	31 
4318	25 
4319	30 
4320	4 
4321	8 
4322	17 
4323	10 
4324	11 
4325	4 
4326	19 
4327	16 
4328	24 
4329	18 
4330	1 
4331	31 
4332	30 
4333	17 
4334	15 
4335	20 
4336	9 
4337	25 
4338	31 
4339	30 
4340	22 
4341	26 
4342	30 
4343	9 
4344	1 
4345	5 
4346	21 
4347	28 
4348	27 
4349	3 
4350	11 
4351	23 
4352	3 
4353	12 
4354	18 
4355	24 
4356	31 
4357	6 
4358	12 
4359	25 
4360	20 
4361	26 
4362	11 
4363	32 
4364	31 
4365	26 
4366	31 
4367	19 
4368	18 
4369	29 
4370	8 
4371	11 
4372	32 
4373	20 
4374	9 
4375	5 
4376	7 
4377	23 
4378	6 
4379	31 
4380	9 
4381	17 
4382	10 
4383	8 
4384	1 
4385	9 
4386	17 
4387	20 
4388	19 
4389	5 
4390	22 
4391	1 
4392	10 
4393	21 
4394	9 
4395	22 
4396	1 
4397	32 
4398	12 
4399	13 
4400	31 
4401	14 
4402	14 
4403	7 
4404	30 
4405	19 
4406	2 
4407	14 
4408	28 
4409	24 
4410	16 
4411	7 
4412	14 
4413	1 
4414	6 
4415	22 
4416	21 
4417	19 
4418	14 
4419	19 
4420	22 
4421	27 
4422	30 
4423	31 
4424	19 
4425	21 
4426	29 
4427	7 
4428	16 
4429	3 
4430	2 
4431	21 
4432	12 
4433	12 
4434	4 
4435	14 
4436	22 
4437	30 
4438	30 
4439	31 
4440	29 
4441	18 
4442	22 
4443	12 
4444	3 
4445	9 
4446	4 
4447	15 
4448	7 
4449	1 
4450	31 
4451	29 
4452	17 
4453	23 
4454	31 
4455	26 
4456	25 
4457	22 
4458	29 
4459	11 
4460	6 
4461	12 
4462	12 
4463	32 
4464	15 
4465	2 
4466	24 
4467	18 
4468	7 
4469	9 
4470	22 
4471	13 
4472	6 
4473	27 
4474	31 
4475	17 
4476	1 
4477	29 
4478	18 
4479	32 
4480	12 
4481	25 
4482	18 
4483	15 
4484	25 
4485	9 
4486	32 
4487	12 
4488	2 
4489	6 
4490	22 
4491	7 
4492	29 
4493	15 
4494	25 
4495	19 
4496	20 
4497	15 
4498	28 
4499	32 
4500	16 
4501	1 
4502	4 
4503	13 
4504	21 
4505	6 
4506	32 
4507	30 
4508	30 
4509	8 
4510	9 
4511	27 
4512	5 
4513	29 
4514	3 
4515	30 
4516	21 
4517	11 
4518	16 
4519	1 
4520	28 
4521	31 
4522	27 
4523	16 
4524	17 
4525	14 
4526	25 
4527	8 
4528	5 
4529	20 
4530	1 
4531	14 
4532	32 
4533	9 
4534	19 
4535	20 
4536	1 
4537	14 
4538	3 
4539	1 
4540	11 
4541	2 
4542	31 
4543	11 
4544	26 
4545	28 
4546	22 
4547	30 
4548	28 
4549	27 
4550	27 
4551	13 
4552	9 
4553	29 
4554	25 
4555	6 
4556	11 
4557	27 
4558	25 
4559	8 
4560	13 
4561	24 
4562	12 
4563	26 
4564	18 
4565	32 
4566	8 
4567	13 
4568	13 
4569	8 
4570	19 
4571	27 
4572	18 
4573	31 
4574	14 
4575	30 
4576	19 
4577	1 
4578	27 
4579	20 
4580	3 
4581	11 
4582	2 
4583	18 
4584	31 
4585	12 
4586	32 
4587	1 
4588	27 
4589	13 
4590	25 
4591	31 
4592	22 
4593	24 
4594	6 
4595	21 
4596	2 
4597	12 
4598	20 
4599	31 
4600	28 
4601	31 
4602	11 
4603	27 
4604	28 
4605	18 
4606	9 
4607	5 
4608	8 
4609	21 
4610	26 
4611	22 
4612	29 
4613	1 
4614	1 
4615	2 
4616	11 
4617	23 
4618	16 
4619	13 
4620	4 
4621	9 
4622	25 
4623	15 
4624	12 
4625	29 
4626	8 
4627	29 
4628	32 
4629	26 
4630	12 
4631	15 
4632	21 
4633	26 
4634	29 
4635	24 
4636	7 
4637	14 
4638	5 
4639	31 
4640	17 
4641	20 
4642	21 
4643	10 
4644	5 
4645	6 
4646	16 
4647	4 
4648	27 
4649	5 
4650	8 
4651	19 
4652	20 
4653	29 
4654	3 
4655	10 
4656	2 
4657	1 
4658	18 
4659	30 
4660	1 
4661	5 
4662	2 
4663	11 
4664	27 
4665	27 
4666	31 
4667	2 
4668	8 
4669	4 
4670	27 
4671	1 
4672	20 
4673	28 
4674	31 
4675	27 
4676	10 
4677	14 
4678	29 
4679	27 
4680	26 
4681	8 
4682	11 
4683	12 
4684	24 
4685	9 
4686	32 
4687	9 
4688	25 
4689	20 
4690	16 
4691	31 
4692	11 
4693	26 
4694	4 
4695	11 
4696	29 
4697	9 
4698	4 
4699	25 
4700	3 
4701	25 
4702	17 
4703	16 
4704	2 
4705	16 
4706	20 
4707	22 
4708	27 
4709	1 
4710	21 
4711	22 
4712	27 
4713	26 
4714	4 
4715	2 
4716	26 
4717	22 
4718	14 
4719	30 
4720	5 
4721	31 
4722	17 
4723	5 
4724	22 
4725	27 
4726	26 
4727	10 
4728	5 
4729	30 
4730	27 
4731	5 
4732	24 
4733	22 
4734	30 
4735	18 
4736	31 
4737	18 
4738	12 
4739	8 
4740	16 
4741	7 
4742	4 
4743	23 
4744	22 
4745	22 
4746	26 
4747	3 
4748	7 
4749	26 
4750	32 
4751	9 
4752	10 
4753	18 
4754	27 
4755	32 
4756	8 
4757	26 
4758	11 
4759	4 
4760	30 
4761	27 
4762	6 
4763	2 
4764	2 
4765	28 
4766	3 
4767	17 
4768	4 
4769	27 
4770	4 
4771	29 
4772	7 
4773	4 
4774	32 
4775	24 
4776	11 
4777	11 
4778	11 
4779	30 
4780	24 
4781	17 
4782	24 
4783	5 
4784	30 
4785	2 
4786	11 
4787	29 
4788	30 
4789	21 
4790	21 
4791	18 
4792	12 
4793	23 
4794	6 
4795	28 
4796	22 
4797	5 
4798	2 
4799	17 
4800	8 
4801	1 
4802	29 
4803	7 
4804	2 
4805	18 
4806	4 
4807	4 
4808	32 
4809	10 
4810	9 
4811	29 
4812	12 
4813	30 
4814	12 
4815	5 
4816	31 
4817	24 
4818	8 
4819	11 
4820	8 
4821	8 
4822	29 
4823	27 
4824	11 
4825	1 
4826	13 
4827	5 
4828	26 
4829	7 
4830	22 
4831	3 
4832	5 
4833	10 
4834	21 
4835	5 
4836	19 
4837	28 
4838	16 
4839	10 
4840	3 
4841	9 
4842	32 
4843	28 
4844	27 
4845	6 
4846	12 
4847	30 
4848	31 
4849	24 
4850	13 
4851	11 
4852	27 
4853	31 
4854	5 
4855	30 
4856	5 
4857	22 
4858	6 
4859	4 
4860	23 
4861	12 
4862	18 
4863	29 
4864	1 
4865	28 
4866	19 
4867	9 
4868	14 
4869	29 
4870	18 
4871	27 
4872	32 
4873	32 
4874	25 
4875	9 
4876	18 
4877	3 
4878	12 
4879	2 
4880	13 
4881	10 
4882	17 
4883	18 
4884	11 
4885	15 
4886	30 
4887	13 
4888	27 
4889	5 
4890	17 
4891	3 
4892	11 
4893	28 
4894	14 
4895	8 
4896	10 
4897	20 
4898	20 
4899	10 
4900	29 
4901	30 
4902	32 
4903	10 
4904	23 
4905	27 
4906	1 
4907	23 
4908	30 
4909	30 
4910	22 
4911	11 
4912	9 
4913	31 
4914	24 
4915	19 
4916	19 
4917	18 
4918	3 
4919	5 
4920	13 
4921	8 
4922	30 
4923	22 
4924	32 
4925	22 
4926	15 
4927	24 
4928	28 
4929	2 
4930	23 
4931	11 
4932	27 
4933	14 
4934	3 
4935	29 
4936	24 
4937	1 
4938	29 
4939	23 
4940	3 
4941	29 
4942	2 
4943	19 
4944	12 
4945	23 
4946	23 
4947	3 
4948	3 
4949	5 
4950	22 
4951	5 
4952	5 
4953	5 
4954	22 
4955	32 
4956	12 
4957	23 
4958	20 
4959	28 
4960	11 
4961	2 
4962	4 
4963	5 
4964	3 
4965	28 
4966	30 
4967	31 
4968	27 
4969	22 
4970	29 
4971	3 
4972	12 
4973	22 
4974	27 
4975	29 
4976	3 
4977	29 
4978	30 
4979	4 
4980	22 
4981	29 
4982	11 
4983	22 
4984	11 
4985	1 
4986	31 
4987	29 
4988	4 
4989	31 
4990	30 
4991	22 
4992	29 
4993	22 
4994	30 
4995	22 
4996	30 
4997	22 
4998	30 
4999	22 
5000	22 
