1	37 
2	7 
3	36 
4	23 
5	40 
6	11 
7	17 
8	36 
9	23 
10	17 
11	33 
12	22 
13	30 
14	21 
15	42 
16	22 
17	42 
18	1 
19	42 
20	1 
21	35 
22	36 
23	42 
24	3 
25	42 
26	15 
27	42 
28	36 
29	25 
30	7 
31	32 
32	8 
33	1 
34	11 
35	1 
36	30 
37	11 
38	21 
39	32 
40	1 
41	15 
42	13 
43	8 
44	42 
45	38 
46	30 
47	23 
48	23 
49	23 
50	19 
51	30 
52	3 
53	30 
54	42 
55	30 
56	35 
57	1 
58	10 
59	11 
60	6 
61	8 
62	6 
63	40 
64	11 
65	22 
66	1 
67	3 
68	36 
69	14 
70	2 
71	40 
72	8 
73	1 
74	20 
75	1 
76	22 
77	8 
78	8 
79	34 
80	22 
81	3 
82	43 
83	11 
84	22 
85	7 
86	32 
87	24 
88	30 
89	7 
90	11 
91	36 
92	42 
93	23 
94	39 
95	24 
96	22 
97	8 
98	17 
99	1 
100	24 
101	5 
102	32 
103	1 
104	5 
105	30 
106	17 
107	11 
108	8 
109	3 
110	1 
111	23 
112	2 
113	11 
114	30 
115	8 
116	3 
117	12 
118	40 
119	42 
120	23 
121	30 
122	3 
123	40 
124	30 
125	42 
126	42 
127	30 
128	38 
129	42 
130	11 
131	3 
132	28 
133	11 
134	40 
135	16 
136	23 
137	5 
138	11 
139	43 
140	1 
141	23 
142	43 
143	13 
144	40 
145	22 
146	22 
147	42 
148	8 
149	27 
150	40 
151	23 
152	14 
153	35 
154	42 
155	11 
156	32 
157	16 
158	36 
159	8 
160	19 
161	40 
162	7 
163	8 
164	36 
165	11 
166	21 
167	17 
168	12 
169	3 
170	41 
171	30 
172	43 
173	1 
174	42 
175	14 
176	35 
177	23 
178	8 
179	21 
180	23 
181	23 
182	22 
183	3 
184	30 
185	22 
186	42 
187	30 
188	36 
189	7 
190	8 
191	42 
192	42 
193	11 
194	8 
195	12 
196	16 
197	5 
198	17 
199	40 
200	6 
201	42 
202	42 
203	4 
204	40 
205	14 
206	7 
207	1 
208	39 
209	11 
210	1 
211	8 
212	23 
213	23 
214	3 
215	3 
216	30 
217	23 
218	30 
219	3 
220	40 
221	22 
222	1 
223	3 
224	40 
225	8 
226	12 
227	1 
228	13 
229	5 
230	5 
231	3 
232	40 
233	27 
234	7 
235	30 
236	21 
237	3 
238	36 
239	30 
240	2 
241	2 
242	15 
243	42 
244	1 
245	1 
246	1 
247	5 
248	40 
249	1 
250	3 
251	36 
252	36 
253	34 
254	3 
255	30 
256	12 
257	31 
258	23 
259	5 
260	22 
261	12 
262	7 
263	2 
264	5 
265	1 
266	6 
267	42 
268	14 
269	1 
270	3 
271	4 
272	23 
273	30 
274	11 
275	13 
276	20 
277	36 
278	6 
279	6 
280	36 
281	30 
282	42 
283	15 
284	9 
285	19 
286	5 
287	1 
288	17 
289	40 
290	36 
291	2 
292	40 
293	35 
294	8 
295	3 
296	1 
297	11 
298	11 
299	17 
300	3 
301	42 
302	12 
303	40 
304	23 
305	11 
306	31 
307	42 
308	1 
309	24 
310	8 
311	5 
312	42 
313	1 
314	3 
315	6 
316	22 
317	1 
318	1 
319	35 
320	5 
321	8 
322	7 
323	1 
324	40 
325	7 
326	17 
327	1 
328	35 
329	30 
330	39 
331	11 
332	2 
333	40 
334	8 
335	30 
336	1 
337	23 
338	14 
339	11 
340	40 
341	36 
342	11 
343	5 
344	42 
345	11 
346	5 
347	15 
348	32 
349	6 
350	13 
351	35 
352	12 
353	12 
354	30 
355	6 
356	40 
357	13 
358	7 
359	22 
360	8 
361	8 
362	38 
363	35 
364	28 
365	7 
366	1 
367	10 
368	40 
369	8 
370	11 
371	1 
372	8 
373	30 
374	11 
375	17 
376	40 
377	6 
378	22 
379	16 
380	21 
381	23 
382	36 
383	11 
384	7 
385	1 
386	30 
387	13 
388	22 
389	27 
390	3 
391	8 
392	3 
393	35 
394	42 
395	35 
396	11 
397	7 
398	3 
399	11 
400	3 
401	3 
402	23 
403	42 
404	35 
405	2 
406	8 
407	8 
408	11 
409	13 
410	21 
411	27 
412	1 
413	7 
414	19 
415	40 
416	22 
417	15 
418	8 
419	11 
420	40 
421	3 
422	30 
423	1 
424	42 
425	26 
426	18 
427	30 
428	1 
429	42 
430	1 
431	3 
432	8 
433	36 
434	42 
435	11 
436	8 
437	42 
438	11 
439	42 
440	7 
441	40 
442	3 
443	40 
444	3 
445	8 
446	38 
447	22 
448	35 
449	7 
450	11 
451	4 
452	22 
453	8 
454	11 
455	39 
456	42 
457	1 
458	25 
459	43 
460	28 
461	36 
462	3 
463	8 
464	3 
465	40 
466	42 
467	30 
468	15 
469	23 
470	40 
471	30 
472	35 
473	15 
474	23 
475	15 
476	8 
477	42 
478	3 
479	22 
480	2 
481	1 
482	21 
483	40 
484	27 
485	1 
486	11 
487	17 
488	3 
489	23 
490	23 
491	22 
492	40 
493	12 
494	36 
495	39 
496	6 
497	7 
498	35 
499	3 
500	35 
501	11 
502	30 
503	8 
504	35 
505	2 
506	1 
507	23 
508	26 
509	37 
510	1 
511	8 
512	22 
513	1 
514	8 
515	29 
516	8 
517	30 
518	22 
519	40 
520	3 
521	9 
522	12 
523	36 
524	35 
525	13 
526	39 
527	2 
528	14 
529	22 
530	40 
531	30 
532	42 
533	40 
534	30 
535	40 
536	8 
537	12 
538	8 
539	6 
540	22 
541	3 
542	3 
543	5 
544	40 
545	9 
546	30 
547	35 
548	23 
549	11 
550	35 
551	14 
552	1 
553	15 
554	19 
555	19 
556	14 
557	18 
558	30 
559	11 
560	13 
561	23 
562	8 
563	7 
564	30 
565	4 
566	32 
567	40 
568	37 
569	36 
570	22 
571	42 
572	5 
573	9 
574	5 
575	35 
576	3 
577	36 
578	8 
579	22 
580	23 
581	30 
582	23 
583	35 
584	23 
585	36 
586	3 
587	19 
588	8 
589	1 
590	5 
591	4 
592	1 
593	35 
594	8 
595	11 
596	30 
597	17 
598	36 
599	23 
600	42 
601	8 
602	23 
603	3 
604	30 
605	22 
606	8 
607	3 
608	7 
609	3 
610	8 
611	42 
612	6 
613	30 
614	8 
615	4 
616	22 
617	3 
618	14 
619	11 
620	5 
621	8 
622	11 
623	5 
624	36 
625	30 
626	1 
627	36 
628	1 
629	11 
630	22 
631	8 
632	16 
633	1 
634	38 
635	1 
636	22 
637	8 
638	23 
639	20 
640	11 
641	17 
642	32 
643	35 
644	22 
645	42 
646	16 
647	42 
648	23 
649	7 
650	1 
651	36 
652	20 
653	3 
654	8 
655	30 
656	11 
657	11 
658	1 
659	30 
660	8 
661	13 
662	23 
663	42 
664	42 
665	17 
666	4 
667	6 
668	12 
669	11 
670	11 
671	23 
672	11 
673	30 
674	5 
675	11 
676	36 
677	7 
678	1 
679	11 
680	42 
681	8 
682	23 
683	12 
684	12 
685	11 
686	11 
687	7 
688	17 
689	3 
690	43 
691	36 
692	8 
693	4 
694	22 
695	11 
696	30 
697	28 
698	1 
699	14 
700	3 
701	29 
702	1 
703	35 
704	21 
705	24 
706	25 
707	40 
708	36 
709	30 
710	42 
711	10 
712	6 
713	36 
714	16 
715	11 
716	36 
717	12 
718	42 
719	42 
720	36 
721	30 
722	23 
723	35 
724	42 
725	6 
726	22 
727	36 
728	3 
729	1 
730	36 
731	23 
732	23 
733	1 
734	40 
735	11 
736	40 
737	8 
738	3 
739	12 
740	34 
741	1 
742	8 
743	36 
744	42 
745	3 
746	22 
747	40 
748	40 
749	25 
750	1 
751	36 
752	42 
753	30 
754	1 
755	10 
756	42 
757	36 
758	35 
759	19 
760	7 
761	3 
762	3 
763	39 
764	42 
765	35 
766	40 
767	6 
768	23 
769	17 
770	40 
771	30 
772	18 
773	8 
774	30 
775	37 
776	32 
777	7 
778	8 
779	3 
780	36 
781	7 
782	3 
783	33 
784	22 
785	11 
786	14 
787	36 
788	22 
789	3 
790	3 
791	3 
792	1 
793	8 
794	35 
795	42 
796	3 
797	11 
798	1 
799	30 
800	1 
801	13 
802	15 
803	35 
804	29 
805	4 
806	10 
807	35 
808	1 
809	17 
810	36 
811	3 
812	3 
813	16 
814	30 
815	23 
816	8 
817	7 
818	11 
819	40 
820	21 
821	23 
822	13 
823	30 
824	22 
825	40 
826	33 
827	36 
828	7 
829	35 
830	10 
831	1 
832	11 
833	35 
834	11 
835	14 
836	11 
837	4 
838	40 
839	11 
840	3 
841	36 
842	11 
843	35 
844	39 
845	8 
846	32 
847	40 
848	3 
849	40 
850	11 
851	6 
852	11 
853	11 
854	36 
855	42 
856	40 
857	11 
858	18 
859	35 
860	7 
861	33 
862	22 
863	3 
864	30 
865	36 
866	11 
867	10 
868	3 
869	30 
870	17 
871	11 
872	14 
873	8 
874	42 
875	11 
876	14 
877	15 
878	7 
879	11 
880	36 
881	6 
882	36 
883	36 
884	8 
885	30 
886	30 
887	1 
888	11 
889	23 
890	23 
891	35 
892	14 
893	30 
894	8 
895	22 
896	10 
897	23 
898	35 
899	35 
900	30 
901	42 
902	12 
903	1 
904	11 
905	42 
906	11 
907	40 
908	40 
909	35 
910	1 
911	42 
912	18 
913	30 
914	22 
915	8 
916	40 
917	23 
918	8 
919	42 
920	10 
921	36 
922	10 
923	42 
924	10 
925	35 
926	35 
927	11 
928	42 
929	1 
930	6 
931	30 
932	8 
933	33 
934	28 
935	11 
936	14 
937	19 
938	35 
939	12 
940	5 
941	1 
942	30 
943	11 
944	11 
945	5 
946	3 
947	3 
948	11 
949	3 
950	42 
951	7 
952	8 
953	35 
954	23 
955	17 
956	8 
957	36 
958	7 
959	3 
960	26 
961	6 
962	38 
963	30 
964	23 
965	11 
966	11 
967	22 
968	7 
969	7 
970	8 
971	2 
972	3 
973	1 
974	11 
975	11 
976	1 
977	11 
978	40 
979	42 
980	5 
981	11 
982	11 
983	30 
984	3 
985	8 
986	22 
987	41 
988	5 
989	15 
990	30 
991	23 
992	12 
993	36 
994	23 
995	11 
996	11 
997	8 
998	42 
999	21 
1000	37 
1001	11 
1002	1 
1003	30 
1004	23 
1005	42 
1006	42 
1007	22 
1008	3 
1009	23 
1010	43 
1011	1 
1012	11 
1013	34 
1014	1 
1015	1 
1016	2 
1017	23 
1018	42 
1019	13 
1020	1 
1021	11 
1022	5 
1023	36 
1024	11 
1025	14 
1026	23 
1027	1 
1028	11 
1029	40 
1030	1 
1031	11 
1032	8 
1033	21 
1034	42 
1035	40 
1036	3 
1037	3 
1038	11 
1039	3 
1040	7 
1041	22 
1042	42 
1043	36 
1044	35 
1045	11 
1046	23 
1047	8 
1048	43 
1049	42 
1050	22 
1051	11 
1052	40 
1053	6 
1054	1 
1055	43 
1056	11 
1057	17 
1058	11 
1059	30 
1060	28 
1061	30 
1062	3 
1063	1 
1064	30 
1065	1 
1066	42 
1067	22 
1068	43 
1069	30 
1070	23 
1071	36 
1072	18 
1073	36 
1074	3 
1075	35 
1076	11 
1077	40 
1078	40 
1079	36 
1080	3 
1081	11 
1082	4 
1083	35 
1084	8 
1085	36 
1086	30 
1087	6 
1088	42 
1089	11 
1090	1 
1091	11 
1092	1 
1093	14 
1094	3 
1095	42 
1096	11 
1097	23 
1098	22 
1099	11 
1100	22 
1101	8 
1102	22 
1103	7 
1104	36 
1105	8 
1106	28 
1107	11 
1108	36 
1109	22 
1110	2 
1111	36 
1112	1 
1113	40 
1114	10 
1115	3 
1116	8 
1117	3 
1118	11 
1119	16 
1120	8 
1121	8 
1122	14 
1123	36 
1124	36 
1125	36 
1126	14 
1127	1 
1128	8 
1129	1 
1130	5 
1131	42 
1132	17 
1133	30 
1134	42 
1135	3 
1136	8 
1137	22 
1138	5 
1139	40 
1140	6 
1141	21 
1142	22 
1143	17 
1144	35 
1145	8 
1146	10 
1147	36 
1148	23 
1149	11 
1150	40 
1151	15 
1152	2 
1153	38 
1154	30 
1155	3 
1156	9 
1157	22 
1158	11 
1159	23 
1160	42 
1161	42 
1162	3 
1163	8 
1164	36 
1165	8 
1166	16 
1167	42 
1168	12 
1169	1 
1170	7 
1171	21 
1172	36 
1173	21 
1174	35 
1175	1 
1176	34 
1177	32 
1178	40 
1179	20 
1180	17 
1181	23 
1182	28 
1183	40 
1184	5 
1185	40 
1186	42 
1187	36 
1188	12 
1189	17 
1190	8 
1191	21 
1192	11 
1193	12 
1194	8 
1195	36 
1196	21 
1197	30 
1198	1 
1199	15 
1200	12 
1201	2 
1202	11 
1203	8 
1204	8 
1205	28 
1206	35 
1207	40 
1208	8 
1209	30 
1210	36 
1211	1 
1212	12 
1213	42 
1214	8 
1215	10 
1216	36 
1217	30 
1218	42 
1219	3 
1220	30 
1221	42 
1222	21 
1223	17 
1224	1 
1225	1 
1226	8 
1227	11 
1228	30 
1229	23 
1230	11 
1231	19 
1232	40 
1233	7 
1234	8 
1235	3 
1236	30 
1237	30 
1238	3 
1239	23 
1240	18 
1241	30 
1242	8 
1243	40 
1244	23 
1245	6 
1246	21 
1247	17 
1248	4 
1249	26 
1250	35 
1251	40 
1252	38 
1253	23 
1254	38 
1255	32 
1256	19 
1257	3 
1258	3 
1259	37 
1260	13 
1261	3 
1262	12 
1263	7 
1264	36 
1265	4 
1266	36 
1267	12 
1268	42 
1269	7 
1270	40 
1271	10 
1272	30 
1273	42 
1274	3 
1275	23 
1276	40 
1277	42 
1278	22 
1279	40 
1280	5 
1281	22 
1282	31 
1283	30 
1284	30 
1285	22 
1286	42 
1287	8 
1288	7 
1289	31 
1290	40 
1291	30 
1292	42 
1293	22 
1294	41 
1295	19 
1296	8 
1297	3 
1298	16 
1299	11 
1300	1 
1301	32 
1302	36 
1303	28 
1304	8 
1305	36 
1306	7 
1307	40 
1308	14 
1309	40 
1310	7 
1311	41 
1312	15 
1313	3 
1314	43 
1315	23 
1316	15 
1317	3 
1318	30 
1319	16 
1320	11 
1321	36 
1322	2 
1323	5 
1324	11 
1325	11 
1326	23 
1327	1 
1328	3 
1329	11 
1330	3 
1331	40 
1332	5 
1333	42 
1334	30 
1335	22 
1336	8 
1337	35 
1338	8 
1339	25 
1340	36 
1341	1 
1342	30 
1343	9 
1344	3 
1345	22 
1346	5 
1347	4 
1348	5 
1349	23 
1350	40 
1351	1 
1352	30 
1353	8 
1354	36 
1355	6 
1356	8 
1357	5 
1358	12 
1359	22 
1360	16 
1361	1 
1362	7 
1363	40 
1364	8 
1365	30 
1366	14 
1367	1 
1368	40 
1369	42 
1370	23 
1371	3 
1372	14 
1373	17 
1374	8 
1375	11 
1376	36 
1377	42 
1378	30 
1379	40 
1380	3 
1381	42 
1382	42 
1383	1 
1384	22 
1385	36 
1386	11 
1387	22 
1388	21 
1389	8 
1390	11 
1391	42 
1392	40 
1393	40 
1394	3 
1395	7 
1396	12 
1397	13 
1398	36 
1399	23 
1400	40 
1401	38 
1402	11 
1403	40 
1404	7 
1405	7 
1406	29 
1407	14 
1408	16 
1409	5 
1410	8 
1411	8 
1412	30 
1413	35 
1414	11 
1415	6 
1416	3 
1417	35 
1418	38 
1419	42 
1420	35 
1421	1 
1422	42 
1423	8 
1424	1 
1425	11 
1426	3 
1427	40 
1428	8 
1429	21 
1430	11 
1431	12 
1432	8 
1433	40 
1434	40 
1435	11 
1436	12 
1437	42 
1438	17 
1439	23 
1440	8 
1441	42 
1442	11 
1443	34 
1444	8 
1445	12 
1446	40 
1447	3 
1448	8 
1449	29 
1450	36 
1451	10 
1452	42 
1453	8 
1454	36 
1455	1 
1456	8 
1457	36 
1458	10 
1459	2 
1460	3 
1461	31 
1462	36 
1463	36 
1464	6 
1465	7 
1466	6 
1467	6 
1468	1 
1469	1 
1470	40 
1471	23 
1472	3 
1473	35 
1474	22 
1475	22 
1476	36 
1477	8 
1478	35 
1479	5 
1480	18 
1481	11 
1482	23 
1483	9 
1484	36 
1485	22 
1486	11 
1487	13 
1488	40 
1489	11 
1490	30 
1491	11 
1492	30 
1493	8 
1494	34 
1495	1 
1496	1 
1497	8 
1498	35 
1499	16 
1500	23 
1501	22 
1502	8 
1503	42 
1504	1 
1505	8 
1506	23 
1507	11 
1508	12 
1509	30 
1510	8 
1511	11 
1512	11 
1513	8 
1514	22 
1515	3 
1516	1 
1517	3 
1518	11 
1519	7 
1520	21 
1521	23 
1522	12 
1523	30 
1524	8 
1525	3 
1526	40 
1527	30 
1528	42 
1529	22 
1530	1 
1531	11 
1532	7 
1533	3 
1534	7 
1535	22 
1536	42 
1537	11 
1538	11 
1539	22 
1540	1 
1541	11 
1542	10 
1543	3 
1544	11 
1545	35 
1546	42 
1547	17 
1548	8 
1549	21 
1550	12 
1551	42 
1552	3 
1553	42 
1554	34 
1555	17 
1556	38 
1557	1 
1558	8 
1559	7 
1560	8 
1561	28 
1562	31 
1563	12 
1564	25 
1565	22 
1566	13 
1567	5 
1568	40 
1569	40 
1570	40 
1571	30 
1572	42 
1573	43 
1574	3 
1575	23 
1576	35 
1577	3 
1578	7 
1579	35 
1580	40 
1581	26 
1582	35 
1583	40 
1584	30 
1585	23 
1586	11 
1587	22 
1588	23 
1589	35 
1590	40 
1591	16 
1592	43 
1593	25 
1594	19 
1595	11 
1596	8 
1597	23 
1598	8 
1599	12 
1600	3 
1601	13 
1602	8 
1603	8 
1604	22 
1605	19 
1606	23 
1607	8 
1608	23 
1609	5 
1610	40 
1611	11 
1612	40 
1613	5 
1614	30 
1615	11 
1616	1 
1617	7 
1618	3 
1619	30 
1620	1 
1621	5 
1622	22 
1623	43 
1624	8 
1625	8 
1626	23 
1627	8 
1628	30 
1629	8 
1630	20 
1631	30 
1632	42 
1633	42 
1634	34 
1635	3 
1636	12 
1637	42 
1638	8 
1639	2 
1640	11 
1641	35 
1642	22 
1643	36 
1644	42 
1645	1 
1646	11 
1647	14 
1648	3 
1649	23 
1650	36 
1651	42 
1652	1 
1653	11 
1654	4 
1655	30 
1656	22 
1657	23 
1658	5 
1659	1 
1660	42 
1661	13 
1662	42 
1663	5 
1664	15 
1665	40 
1666	1 
1667	11 
1668	8 
1669	23 
1670	34 
1671	8 
1672	42 
1673	22 
1674	35 
1675	30 
1676	11 
1677	29 
1678	1 
1679	23 
1680	38 
1681	5 
1682	30 
1683	23 
1684	1 
1685	11 
1686	6 
1687	3 
1688	40 
1689	42 
1690	22 
1691	1 
1692	8 
1693	7 
1694	12 
1695	11 
1696	35 
1697	36 
1698	17 
1699	13 
1700	12 
1701	35 
1702	1 
1703	1 
1704	14 
1705	5 
1706	8 
1707	40 
1708	30 
1709	23 
1710	6 
1711	3 
1712	3 
1713	36 
1714	15 
1715	40 
1716	14 
1717	23 
1718	36 
1719	42 
1720	11 
1721	3 
1722	36 
1723	3 
1724	14 
1725	23 
1726	35 
1727	17 
1728	41 
1729	42 
1730	36 
1731	42 
1732	11 
1733	17 
1734	1 
1735	3 
1736	11 
1737	22 
1738	3 
1739	30 
1740	5 
1741	36 
1742	17 
1743	42 
1744	42 
1745	7 
1746	2 
1747	36 
1748	8 
1749	8 
1750	7 
1751	35 
1752	3 
1753	1 
1754	42 
1755	21 
1756	36 
1757	18 
1758	3 
1759	30 
1760	8 
1761	8 
1762	30 
1763	30 
1764	42 
1765	42 
1766	40 
1767	36 
1768	1 
1769	2 
1770	30 
1771	23 
1772	8 
1773	3 
1774	16 
1775	5 
1776	42 
1777	12 
1778	7 
1779	23 
1780	11 
1781	35 
1782	5 
1783	41 
1784	7 
1785	8 
1786	36 
1787	42 
1788	35 
1789	42 
1790	14 
1791	11 
1792	11 
1793	8 
1794	11 
1795	42 
1796	40 
1797	23 
1798	23 
1799	42 
1800	13 
1801	43 
1802	11 
1803	22 
1804	8 
1805	17 
1806	11 
1807	22 
1808	30 
1809	10 
1810	36 
1811	13 
1812	3 
1813	40 
1814	13 
1815	23 
1816	5 
1817	42 
1818	1 
1819	6 
1820	8 
1821	42 
1822	22 
1823	10 
1824	8 
1825	36 
1826	1 
1827	10 
1828	40 
1829	36 
1830	42 
1831	11 
1832	8 
1833	36 
1834	8 
1835	15 
1836	23 
1837	16 
1838	15 
1839	40 
1840	11 
1841	40 
1842	36 
1843	11 
1844	30 
1845	14 
1846	23 
1847	40 
1848	36 
1849	36 
1850	22 
1851	1 
1852	7 
1853	19 
1854	3 
1855	31 
1856	30 
1857	16 
1858	36 
1859	42 
1860	1 
1861	8 
1862	22 
1863	35 
1864	12 
1865	1 
1866	19 
1867	42 
1868	36 
1869	16 
1870	2 
1871	14 
1872	8 
1873	18 
1874	12 
1875	12 
1876	40 
1877	23 
1878	3 
1879	17 
1880	42 
1881	7 
1882	42 
1883	22 
1884	38 
1885	42 
1886	19 
1887	42 
1888	36 
1889	35 
1890	11 
1891	3 
1892	32 
1893	11 
1894	35 
1895	40 
1896	12 
1897	1 
1898	17 
1899	8 
1900	43 
1901	8 
1902	13 
1903	22 
1904	22 
1905	30 
1906	7 
1907	21 
1908	11 
1909	8 
1910	11 
1911	30 
1912	11 
1913	43 
1914	8 
1915	30 
1916	42 
1917	30 
1918	7 
1919	11 
1920	14 
1921	21 
1922	23 
1923	23 
1924	41 
1925	12 
1926	22 
1927	3 
1928	42 
1929	30 
1930	30 
1931	30 
1932	42 
1933	36 
1934	38 
1935	40 
1936	13 
1937	12 
1938	39 
1939	22 
1940	6 
1941	13 
1942	1 
1943	23 
1944	11 
1945	43 
1946	22 
1947	8 
1948	8 
1949	11 
1950	11 
1951	11 
1952	11 
1953	10 
1954	42 
1955	42 
1956	30 
1957	22 
1958	13 
1959	40 
1960	8 
1961	1 
1962	40 
1963	42 
1964	42 
1965	8 
1966	11 
1967	5 
1968	34 
1969	11 
1970	8 
1971	1 
1972	30 
1973	7 
1974	40 
1975	3 
1976	40 
1977	42 
1978	11 
1979	42 
1980	20 
1981	23 
1982	43 
1983	11 
1984	36 
1985	42 
1986	3 
1987	11 
1988	2 
1989	11 
1990	11 
1991	3 
1992	1 
1993	35 
1994	15 
1995	30 
1996	36 
1997	11 
1998	1 
1999	3 
2000	8 
2001	11 
2002	7 
2003	30 
2004	36 
2005	30 
2006	1 
2007	22 
2008	30 
2009	3 
2010	17 
2011	7 
2012	6 
2013	34 
2014	5 
2015	35 
2016	36 
2017	1 
2018	7 
2019	1 
2020	17 
2021	40 
2022	42 
2023	11 
2024	2 
2025	40 
2026	40 
2027	8 
2028	3 
2029	12 
2030	22 
2031	3 
2032	30 
2033	36 
2034	30 
2035	4 
2036	8 
2037	11 
2038	22 
2039	8 
2040	10 
2041	30 
2042	13 
2043	11 
2044	1 
2045	1 
2046	3 
2047	16 
2048	42 
2049	42 
2050	7 
2051	8 
2052	39 
2053	8 
2054	35 
2055	30 
2056	7 
2057	7 
2058	12 
2059	42 
2060	42 
2061	3 
2062	11 
2063	35 
2064	11 
2065	11 
2066	28 
2067	7 
2068	35 
2069	2 
2070	42 
2071	11 
2072	12 
2073	8 
2074	3 
2075	3 
2076	11 
2077	35 
2078	17 
2079	11 
2080	23 
2081	3 
2082	12 
2083	21 
2084	30 
2085	36 
2086	1 
2087	20 
2088	5 
2089	5 
2090	34 
2091	1 
2092	38 
2093	20 
2094	36 
2095	1 
2096	40 
2097	40 
2098	19 
2099	3 
2100	30 
2101	35 
2102	43 
2103	1 
2104	30 
2105	3 
2106	4 
2107	11 
2108	36 
2109	3 
2110	40 
2111	7 
2112	3 
2113	3 
2114	12 
2115	23 
2116	8 
2117	23 
2118	12 
2119	36 
2120	17 
2121	3 
2122	36 
2123	8 
2124	23 
2125	23 
2126	19 
2127	12 
2128	6 
2129	11 
2130	36 
2131	11 
2132	1 
2133	42 
2134	42 
2135	40 
2136	18 
2137	11 
2138	11 
2139	42 
2140	11 
2141	30 
2142	8 
2143	1 
2144	11 
2145	30 
2146	11 
2147	7 
2148	40 
2149	40 
2150	5 
2151	42 
2152	1 
2153	29 
2154	3 
2155	36 
2156	30 
2157	1 
2158	30 
2159	36 
2160	42 
2161	8 
2162	30 
2163	11 
2164	3 
2165	6 
2166	1 
2167	11 
2168	3 
2169	3 
2170	36 
2171	36 
2172	11 
2173	30 
2174	20 
2175	35 
2176	42 
2177	40 
2178	17 
2179	1 
2180	35 
2181	43 
2182	19 
2183	7 
2184	36 
2185	30 
2186	1 
2187	12 
2188	35 
2189	35 
2190	11 
2191	8 
2192	11 
2193	12 
2194	1 
2195	15 
2196	40 
2197	12 
2198	3 
2199	8 
2200	43 
2201	30 
2202	19 
2203	22 
2204	8 
2205	42 
2206	16 
2207	40 
2208	42 
2209	40 
2210	6 
2211	42 
2212	23 
2213	22 
2214	11 
2215	11 
2216	5 
2217	40 
2218	30 
2219	1 
2220	12 
2221	42 
2222	22 
2223	3 
2224	6 
2225	40 
2226	30 
2227	29 
2228	42 
2229	17 
2230	11 
2231	23 
2232	5 
2233	16 
2234	8 
2235	30 
2236	7 
2237	22 
2238	11 
2239	1 
2240	18 
2241	7 
2242	17 
2243	42 
2244	6 
2245	34 
2246	8 
2247	42 
2248	3 
2249	30 
2250	30 
2251	6 
2252	29 
2253	42 
2254	30 
2255	1 
2256	36 
2257	1 
2258	34 
2259	8 
2260	30 
2261	36 
2262	8 
2263	11 
2264	8 
2265	23 
2266	11 
2267	23 
2268	39 
2269	30 
2270	42 
2271	3 
2272	23 
2273	30 
2274	35 
2275	35 
2276	40 
2277	11 
2278	11 
2279	42 
2280	42 
2281	39 
2282	30 
2283	8 
2284	22 
2285	1 
2286	1 
2287	12 
2288	11 
2289	22 
2290	42 
2291	19 
2292	40 
2293	22 
2294	7 
2295	6 
2296	8 
2297	11 
2298	30 
2299	20 
2300	1 
2301	12 
2302	1 
2303	3 
2304	40 
2305	3 
2306	12 
2307	12 
2308	11 
2309	5 
2310	30 
2311	42 
2312	23 
2313	3 
2314	1 
2315	1 
2316	8 
2317	1 
2318	13 
2319	32 
2320	7 
2321	3 
2322	7 
2323	39 
2324	30 
2325	23 
2326	7 
2327	8 
2328	25 
2329	12 
2330	42 
2331	23 
2332	11 
2333	1 
2334	42 
2335	20 
2336	11 
2337	18 
2338	34 
2339	30 
2340	8 
2341	3 
2342	23 
2343	30 
2344	1 
2345	30 
2346	10 
2347	17 
2348	22 
2349	26 
2350	34 
2351	32 
2352	42 
2353	39 
2354	35 
2355	8 
2356	1 
2357	12 
2358	42 
2359	23 
2360	30 
2361	3 
2362	22 
2363	11 
2364	8 
2365	30 
2366	42 
2367	13 
2368	21 
2369	30 
2370	36 
2371	22 
2372	6 
2373	14 
2374	10 
2375	22 
2376	35 
2377	15 
2378	40 
2379	23 
2380	13 
2381	9 
2382	22 
2383	1 
2384	1 
2385	1 
2386	23 
2387	19 
2388	23 
2389	22 
2390	40 
2391	3 
2392	12 
2393	30 
2394	32 
2395	8 
2396	3 
2397	30 
2398	20 
2399	40 
2400	13 
2401	1 
2402	22 
2403	8 
2404	39 
2405	9 
2406	11 
2407	8 
2408	7 
2409	11 
2410	7 
2411	11 
2412	22 
2413	1 
2414	8 
2415	42 
2416	36 
2417	3 
2418	8 
2419	40 
2420	11 
2421	30 
2422	12 
2423	42 
2424	8 
2425	42 
2426	40 
2427	13 
2428	17 
2429	40 
2430	1 
2431	31 
2432	35 
2433	22 
2434	3 
2435	11 
2436	11 
2437	40 
2438	16 
2439	34 
2440	12 
2441	1 
2442	7 
2443	12 
2444	16 
2445	23 
2446	36 
2447	8 
2448	11 
2449	17 
2450	36 
2451	11 
2452	11 
2453	8 
2454	13 
2455	38 
2456	22 
2457	42 
2458	3 
2459	1 
2460	3 
2461	30 
2462	8 
2463	41 
2464	42 
2465	35 
2466	42 
2467	6 
2468	1 
2469	1 
2470	1 
2471	12 
2472	43 
2473	3 
2474	21 
2475	23 
2476	22 
2477	15 
2478	8 
2479	23 
2480	8 
2481	1 
2482	40 
2483	11 
2484	42 
2485	1 
2486	6 
2487	7 
2488	1 
2489	8 
2490	8 
2491	40 
2492	22 
2493	8 
2494	19 
2495	23 
2496	19 
2497	11 
2498	12 
2499	42 
2500	30 
2501	43 
2502	42 
2503	13 
2504	36 
2505	22 
2506	12 
2507	22 
2508	35 
2509	12 
2510	34 
2511	21 
2512	23 
2513	1 
2514	5 
2515	1 
2516	11 
2517	23 
2518	38 
2519	7 
2520	12 
2521	3 
2522	23 
2523	23 
2524	17 
2525	13 
2526	3 
2527	42 
2528	11 
2529	6 
2530	23 
2531	7 
2532	35 
2533	8 
2534	36 
2535	12 
2536	12 
2537	1 
2538	11 
2539	8 
2540	15 
2541	5 
2542	30 
2543	4 
2544	12 
2545	7 
2546	36 
2547	40 
2548	22 
2549	8 
2550	8 
2551	35 
2552	22 
2553	1 
2554	7 
2555	12 
2556	36 
2557	11 
2558	36 
2559	39 
2560	12 
2561	11 
2562	43 
2563	16 
2564	30 
2565	3 
2566	7 
2567	17 
2568	5 
2569	11 
2570	3 
2571	30 
2572	22 
2573	30 
2574	30 
2575	30 
2576	25 
2577	11 
2578	23 
2579	22 
2580	40 
2581	1 
2582	11 
2583	12 
2584	36 
2585	30 
2586	35 
2587	34 
2588	13 
2589	23 
2590	10 
2591	40 
2592	8 
2593	8 
2594	1 
2595	42 
2596	1 
2597	8 
2598	40 
2599	1 
2600	3 
2601	36 
2602	42 
2603	36 
2604	11 
2605	3 
2606	22 
2607	1 
2608	6 
2609	4 
2610	8 
2611	19 
2612	42 
2613	23 
2614	35 
2615	1 
2616	8 
2617	40 
2618	30 
2619	22 
2620	10 
2621	11 
2622	30 
2623	35 
2624	1 
2625	8 
2626	3 
2627	1 
2628	16 
2629	5 
2630	3 
2631	3 
2632	11 
2633	34 
2634	14 
2635	11 
2636	40 
2637	3 
2638	1 
2639	5 
2640	11 
2641	8 
2642	22 
2643	7 
2644	5 
2645	5 
2646	17 
2647	11 
2648	12 
2649	11 
2650	3 
2651	16 
2652	30 
2653	8 
2654	11 
2655	3 
2656	22 
2657	35 
2658	30 
2659	35 
2660	6 
2661	22 
2662	30 
2663	11 
2664	11 
2665	1 
2666	30 
2667	39 
2668	5 
2669	11 
2670	11 
2671	8 
2672	8 
2673	17 
2674	12 
2675	2 
2676	7 
2677	17 
2678	1 
2679	42 
2680	11 
2681	42 
2682	8 
2683	36 
2684	12 
2685	1 
2686	22 
2687	8 
2688	21 
2689	11 
2690	10 
2691	22 
2692	17 
2693	22 
2694	30 
2695	3 
2696	35 
2697	3 
2698	36 
2699	8 
2700	1 
2701	30 
2702	3 
2703	16 
2704	30 
2705	40 
2706	7 
2707	12 
2708	23 
2709	40 
2710	1 
2711	8 
2712	3 
2713	7 
2714	30 
2715	40 
2716	3 
2717	6 
2718	8 
2719	11 
2720	11 
2721	35 
2722	20 
2723	36 
2724	14 
2725	7 
2726	40 
2727	22 
2728	11 
2729	8 
2730	42 
2731	43 
2732	3 
2733	40 
2734	35 
2735	7 
2736	1 
2737	21 
2738	17 
2739	8 
2740	17 
2741	42 
2742	30 
2743	30 
2744	11 
2745	30 
2746	7 
2747	3 
2748	23 
2749	30 
2750	1 
2751	17 
2752	8 
2753	5 
2754	8 
2755	42 
2756	40 
2757	8 
2758	8 
2759	1 
2760	35 
2761	3 
2762	15 
2763	40 
2764	3 
2765	8 
2766	3 
2767	42 
2768	36 
2769	4 
2770	8 
2771	12 
2772	1 
2773	1 
2774	8 
2775	7 
2776	3 
2777	8 
2778	22 
2779	8 
2780	42 
2781	23 
2782	40 
2783	7 
2784	35 
2785	21 
2786	8 
2787	3 
2788	40 
2789	12 
2790	11 
2791	1 
2792	8 
2793	30 
2794	30 
2795	36 
2796	14 
2797	42 
2798	30 
2799	1 
2800	14 
2801	40 
2802	11 
2803	3 
2804	11 
2805	23 
2806	3 
2807	16 
2808	36 
2809	1 
2810	11 
2811	42 
2812	17 
2813	17 
2814	1 
2815	23 
2816	42 
2817	22 
2818	42 
2819	8 
2820	5 
2821	34 
2822	16 
2823	40 
2824	22 
2825	35 
2826	40 
2827	26 
2828	11 
2829	12 
2830	8 
2831	39 
2832	3 
2833	30 
2834	12 
2835	8 
2836	11 
2837	1 
2838	11 
2839	40 
2840	35 
2841	42 
2842	36 
2843	17 
2844	36 
2845	7 
2846	30 
2847	30 
2848	3 
2849	35 
2850	7 
2851	30 
2852	3 
2853	17 
2854	8 
2855	42 
2856	8 
2857	42 
2858	30 
2859	42 
2860	42 
2861	40 
2862	7 
2863	11 
2864	4 
2865	36 
2866	8 
2867	30 
2868	11 
2869	1 
2870	22 
2871	11 
2872	6 
2873	11 
2874	36 
2875	11 
2876	5 
2877	1 
2878	11 
2879	5 
2880	40 
2881	23 
2882	7 
2883	8 
2884	4 
2885	23 
2886	8 
2887	36 
2888	12 
2889	7 
2890	11 
2891	23 
2892	23 
2893	11 
2894	8 
2895	1 
2896	22 
2897	43 
2898	17 
2899	11 
2900	3 
2901	1 
2902	36 
2903	20 
2904	35 
2905	18 
2906	16 
2907	28 
2908	22 
2909	1 
2910	1 
2911	42 
2912	5 
2913	34 
2914	8 
2915	11 
2916	3 
2917	40 
2918	40 
2919	40 
2920	36 
2921	23 
2922	1 
2923	11 
2924	40 
2925	40 
2926	38 
2927	8 
2928	40 
2929	1 
2930	23 
2931	11 
2932	11 
2933	12 
2934	23 
2935	16 
2936	26 
2937	40 
2938	42 
2939	36 
2940	35 
2941	11 
2942	42 
2943	29 
2944	22 
2945	10 
2946	3 
2947	8 
2948	11 
2949	23 
2950	5 
2951	1 
2952	42 
2953	8 
2954	3 
2955	32 
2956	22 
2957	23 
2958	42 
2959	3 
2960	22 
2961	23 
2962	2 
2963	29 
2964	36 
2965	8 
2966	23 
2967	8 
2968	12 
2969	12 
2970	3 
2971	30 
2972	35 
2973	8 
2974	6 
2975	42 
2976	7 
2977	35 
2978	39 
2979	35 
2980	42 
2981	1 
2982	43 
2983	8 
2984	43 
2985	38 
2986	19 
2987	43 
2988	5 
2989	32 
2990	20 
2991	7 
2992	30 
2993	11 
2994	21 
2995	3 
2996	11 
2997	36 
2998	11 
2999	15 
3000	22 
3001	16 
3002	23 
3003	8 
3004	30 
3005	8 
3006	17 
3007	22 
3008	23 
3009	14 
3010	3 
3011	11 
3012	1 
3013	1 
3014	17 
3015	7 
3016	30 
3017	8 
3018	30 
3019	6 
3020	30 
3021	42 
3022	3 
3023	1 
3024	21 
3025	5 
3026	40 
3027	3 
3028	1 
3029	1 
3030	34 
3031	39 
3032	4 
3033	42 
3034	1 
3035	40 
3036	42 
3037	5 
3038	15 
3039	42 
3040	40 
3041	15 
3042	10 
3043	36 
3044	1 
3045	12 
3046	22 
3047	22 
3048	22 
3049	35 
3050	30 
3051	1 
3052	3 
3053	8 
3054	11 
3055	6 
3056	11 
3057	42 
3058	8 
3059	11 
3060	30 
3061	11 
3062	13 
3063	1 
3064	2 
3065	42 
3066	1 
3067	11 
3068	35 
3069	1 
3070	12 
3071	13 
3072	26 
3073	10 
3074	22 
3075	1 
3076	42 
3077	23 
3078	30 
3079	10 
3080	11 
3081	19 
3082	36 
3083	23 
3084	35 
3085	8 
3086	25 
3087	21 
3088	42 
3089	23 
3090	15 
3091	42 
3092	19 
3093	1 
3094	36 
3095	3 
3096	14 
3097	6 
3098	35 
3099	8 
3100	1 
3101	8 
3102	11 
3103	36 
3104	8 
3105	8 
3106	42 
3107	30 
3108	40 
3109	1 
3110	42 
3111	23 
3112	36 
3113	23 
3114	17 
3115	42 
3116	12 
3117	40 
3118	35 
3119	10 
3120	23 
3121	42 
3122	1 
3123	23 
3124	23 
3125	22 
3126	1 
3127	42 
3128	4 
3129	30 
3130	22 
3131	7 
3132	3 
3133	8 
3134	36 
3135	30 
3136	36 
3137	12 
3138	1 
3139	23 
3140	17 
3141	10 
3142	22 
3143	42 
3144	11 
3145	8 
3146	23 
3147	12 
3148	8 
3149	35 
3150	42 
3151	22 
3152	19 
3153	3 
3154	12 
3155	1 
3156	36 
3157	12 
3158	11 
3159	8 
3160	36 
3161	42 
3162	1 
3163	7 
3164	30 
3165	23 
3166	40 
3167	17 
3168	42 
3169	3 
3170	7 
3171	36 
3172	19 
3173	30 
3174	6 
3175	7 
3176	3 
3177	34 
3178	23 
3179	26 
3180	8 
3181	14 
3182	10 
3183	3 
3184	5 
3185	11 
3186	42 
3187	42 
3188	34 
3189	3 
3190	42 
3191	10 
3192	3 
3193	22 
3194	11 
3195	18 
3196	7 
3197	1 
3198	42 
3199	35 
3200	40 
3201	7 
3202	40 
3203	36 
3204	35 
3205	28 
3206	11 
3207	11 
3208	12 
3209	7 
3210	36 
3211	30 
3212	14 
3213	42 
3214	42 
3215	18 
3216	8 
3217	23 
3218	5 
3219	8 
3220	1 
3221	1 
3222	28 
3223	11 
3224	11 
3225	40 
3226	17 
3227	29 
3228	26 
3229	12 
3230	21 
3231	3 
3232	10 
3233	8 
3234	40 
3235	42 
3236	36 
3237	21 
3238	23 
3239	3 
3240	36 
3241	34 
3242	6 
3243	8 
3244	8 
3245	7 
3246	13 
3247	43 
3248	17 
3249	40 
3250	3 
3251	36 
3252	36 
3253	20 
3254	42 
3255	23 
3256	8 
3257	42 
3258	42 
3259	14 
3260	1 
3261	5 
3262	36 
3263	21 
3264	1 
3265	11 
3266	36 
3267	32 
3268	11 
3269	42 
3270	30 
3271	11 
3272	39 
3273	40 
3274	3 
3275	30 
3276	42 
3277	8 
3278	10 
3279	36 
3280	36 
3281	3 
3282	38 
3283	1 
3284	36 
3285	22 
3286	11 
3287	40 
3288	38 
3289	5 
3290	3 
3291	14 
3292	23 
3293	42 
3294	42 
3295	6 
3296	8 
3297	22 
3298	3 
3299	15 
3300	36 
3301	8 
3302	1 
3303	23 
3304	7 
3305	17 
3306	30 
3307	11 
3308	42 
3309	3 
3310	12 
3311	6 
3312	1 
3313	7 
3314	22 
3315	22 
3316	38 
3317	11 
3318	36 
3319	8 
3320	1 
3321	13 
3322	1 
3323	8 
3324	39 
3325	34 
3326	35 
3327	40 
3328	42 
3329	38 
3330	23 
3331	8 
3332	36 
3333	22 
3334	36 
3335	35 
3336	20 
3337	11 
3338	10 
3339	36 
3340	35 
3341	36 
3342	11 
3343	40 
3344	2 
3345	1 
3346	30 
3347	40 
3348	3 
3349	6 
3350	22 
3351	36 
3352	23 
3353	6 
3354	11 
3355	5 
3356	22 
3357	1 
3358	42 
3359	35 
3360	36 
3361	36 
3362	1 
3363	42 
3364	10 
3365	42 
3366	42 
3367	1 
3368	42 
3369	15 
3370	3 
3371	8 
3372	11 
3373	19 
3374	23 
3375	42 
3376	30 
3377	40 
3378	1 
3379	21 
3380	1 
3381	28 
3382	36 
3383	3 
3384	3 
3385	3 
3386	6 
3387	3 
3388	1 
3389	1 
3390	36 
3391	42 
3392	42 
3393	40 
3394	40 
3395	7 
3396	42 
3397	40 
3398	36 
3399	3 
3400	1 
3401	21 
3402	8 
3403	42 
3404	35 
3405	35 
3406	3 
3407	42 
3408	8 
3409	1 
3410	40 
3411	23 
3412	8 
3413	12 
3414	30 
3415	8 
3416	42 
3417	42 
3418	38 
3419	12 
3420	40 
3421	40 
3422	1 
3423	8 
3424	40 
3425	11 
3426	36 
3427	43 
3428	8 
3429	3 
3430	42 
3431	22 
3432	40 
3433	3 
3434	30 
3435	7 
3436	6 
3437	22 
3438	10 
3439	42 
3440	22 
3441	22 
3442	30 
3443	8 
3444	42 
3445	11 
3446	3 
3447	36 
3448	16 
3449	30 
3450	11 
3451	11 
3452	42 
3453	23 
3454	34 
3455	36 
3456	3 
3457	21 
3458	7 
3459	22 
3460	22 
3461	40 
3462	36 
3463	23 
3464	12 
3465	42 
3466	17 
3467	11 
3468	11 
3469	1 
3470	16 
3471	8 
3472	12 
3473	30 
3474	11 
3475	40 
3476	42 
3477	5 
3478	1 
3479	23 
3480	7 
3481	11 
3482	7 
3483	5 
3484	17 
3485	3 
3486	5 
3487	5 
3488	7 
3489	12 
3490	36 
3491	1 
3492	1 
3493	19 
3494	40 
3495	1 
3496	22 
3497	40 
3498	14 
3499	3 
3500	7 
3501	5 
3502	11 
3503	30 
3504	35 
3505	11 
3506	29 
3507	8 
3508	42 
3509	11 
3510	11 
3511	8 
3512	35 
3513	23 
3514	11 
3515	42 
3516	36 
3517	3 
3518	3 
3519	22 
3520	38 
3521	30 
3522	7 
3523	23 
3524	32 
3525	14 
3526	36 
3527	35 
3528	30 
3529	36 
3530	8 
3531	30 
3532	22 
3533	1 
3534	11 
3535	36 
3536	42 
3537	40 
3538	8 
3539	3 
3540	42 
3541	1 
3542	8 
3543	22 
3544	11 
3545	23 
3546	15 
3547	23 
3548	36 
3549	30 
3550	40 
3551	5 
3552	1 
3553	12 
3554	8 
3555	35 
3556	11 
3557	30 
3558	43 
3559	3 
3560	12 
3561	11 
3562	1 
3563	40 
3564	40 
3565	1 
3566	22 
3567	3 
3568	12 
3569	23 
3570	40 
3571	11 
3572	1 
3573	13 
3574	36 
3575	12 
3576	1 
3577	17 
3578	6 
3579	19 
3580	8 
3581	8 
3582	1 
3583	8 
3584	36 
3585	34 
3586	3 
3587	3 
3588	14 
3589	11 
3590	5 
3591	11 
3592	15 
3593	40 
3594	42 
3595	40 
3596	3 
3597	17 
3598	30 
3599	4 
3600	3 
3601	3 
3602	8 
3603	8 
3604	7 
3605	40 
3606	8 
3607	10 
3608	42 
3609	42 
3610	20 
3611	11 
3612	1 
3613	13 
3614	8 
3615	7 
3616	36 
3617	1 
3618	30 
3619	42 
3620	21 
3621	1 
3622	35 
3623	14 
3624	1 
3625	15 
3626	40 
3627	11 
3628	8 
3629	7 
3630	1 
3631	36 
3632	13 
3633	8 
3634	23 
3635	11 
3636	22 
3637	1 
3638	11 
3639	36 
3640	39 
3641	4 
3642	35 
3643	8 
3644	30 
3645	1 
3646	8 
3647	10 
3648	40 
3649	11 
3650	38 
3651	32 
3652	8 
3653	23 
3654	2 
3655	35 
3656	11 
3657	11 
3658	2 
3659	17 
3660	3 
3661	1 
3662	1 
3663	11 
3664	42 
3665	14 
3666	22 
3667	1 
3668	11 
3669	42 
3670	8 
3671	42 
3672	36 
3673	11 
3674	19 
3675	23 
3676	17 
3677	11 
3678	30 
3679	23 
3680	30 
3681	40 
3682	36 
3683	8 
3684	22 
3685	3 
3686	36 
3687	42 
3688	35 
3689	11 
3690	1 
3691	42 
3692	12 
3693	35 
3694	22 
3695	4 
3696	42 
3697	36 
3698	40 
3699	18 
3700	1 
3701	36 
3702	30 
3703	30 
3704	40 
3705	3 
3706	40 
3707	40 
3708	3 
3709	7 
3710	11 
3711	35 
3712	8 
3713	8 
3714	30 
3715	11 
3716	22 
3717	35 
3718	42 
3719	5 
3720	14 
3721	11 
3722	36 
3723	23 
3724	18 
3725	40 
3726	43 
3727	8 
3728	5 
3729	40 
3730	8 
3731	3 
3732	12 
3733	13 
3734	8 
3735	1 
3736	15 
3737	11 
3738	3 
3739	15 
3740	11 
3741	43 
3742	22 
3743	5 
3744	8 
3745	1 
3746	1 
3747	30 
3748	17 
3749	40 
3750	36 
3751	21 
3752	1 
3753	4 
3754	11 
3755	43 
3756	30 
3757	10 
3758	11 
3759	12 
3760	40 
3761	36 
3762	42 
3763	3 
3764	23 
3765	3 
3766	30 
3767	40 
3768	11 
3769	36 
3770	35 
3771	36 
3772	11 
3773	36 
3774	11 
3775	28 
3776	40 
3777	11 
3778	11 
3779	8 
3780	23 
3781	35 
3782	30 
3783	5 
3784	36 
3785	2 
3786	36 
3787	42 
3788	3 
3789	23 
3790	36 
3791	36 
3792	35 
3793	12 
3794	5 
3795	1 
3796	23 
3797	36 
3798	30 
3799	8 
3800	40 
3801	30 
3802	11 
3803	40 
3804	22 
3805	8 
3806	21 
3807	12 
3808	35 
3809	6 
3810	6 
3811	1 
3812	11 
3813	10 
3814	12 
3815	8 
3816	8 
3817	8 
3818	22 
3819	11 
3820	21 
3821	8 
3822	5 
3823	3 
3824	21 
3825	43 
3826	23 
3827	1 
3828	8 
3829	7 
3830	35 
3831	12 
3832	3 
3833	11 
3834	1 
3835	13 
3836	11 
3837	8 
3838	36 
3839	40 
3840	11 
3841	42 
3842	16 
3843	11 
3844	8 
3845	8 
3846	11 
3847	40 
3848	17 
3849	4 
3850	8 
3851	11 
3852	10 
3853	1 
3854	7 
3855	7 
3856	22 
3857	36 
3858	22 
3859	14 
3860	14 
3861	1 
3862	21 
3863	11 
3864	42 
3865	8 
3866	8 
3867	4 
3868	3 
3869	23 
3870	36 
3871	36 
3872	1 
3873	30 
3874	11 
3875	40 
3876	5 
3877	15 
3878	36 
3879	22 
3880	40 
3881	1 
3882	3 
3883	3 
3884	3 
3885	36 
3886	1 
3887	11 
3888	1 
3889	1 
3890	8 
3891	20 
3892	40 
3893	30 
3894	1 
3895	8 
3896	5 
3897	21 
3898	36 
3899	3 
3900	1 
3901	3 
3902	36 
3903	11 
3904	7 
3905	11 
3906	8 
3907	40 
3908	3 
3909	10 
3910	1 
3911	42 
3912	7 
3913	8 
3914	7 
3915	42 
3916	3 
3917	36 
3918	22 
3919	42 
3920	5 
3921	36 
3922	42 
3923	42 
3924	40 
3925	6 
3926	42 
3927	5 
3928	7 
3929	12 
3930	36 
3931	22 
3932	42 
3933	11 
3934	3 
3935	42 
3936	22 
3937	7 
3938	36 
3939	1 
3940	8 
3941	11 
3942	16 
3943	36 
3944	19 
3945	40 
3946	21 
3947	11 
3948	42 
3949	7 
3950	28 
3951	7 
3952	10 
3953	11 
3954	22 
3955	30 
3956	3 
3957	5 
3958	8 
3959	21 
3960	16 
3961	11 
3962	8 
3963	36 
3964	40 
3965	8 
3966	8 
3967	40 
3968	5 
3969	30 
3970	8 
3971	21 
3972	3 
3973	6 
3974	1 
3975	30 
3976	1 
3977	22 
3978	1 
3979	5 
3980	1 
3981	1 
3982	1 
3983	2 
3984	1 
3985	11 
3986	11 
3987	3 
3988	42 
3989	3 
3990	7 
3991	8 
3992	1 
3993	32 
3994	1 
3995	7 
3996	16 
3997	17 
3998	36 
3999	36 
4000	7 
4001	11 
4002	14 
4003	23 
4004	19 
4005	35 
4006	17 
4007	8 
4008	36 
4009	11 
4010	3 
4011	15 
4012	15 
4013	3 
4014	42 
4015	7 
4016	36 
4017	34 
4018	42 
4019	42 
4020	23 
4021	4 
4022	42 
4023	36 
4024	11 
4025	7 
4026	32 
4027	1 
4028	35 
4029	42 
4030	36 
4031	12 
4032	8 
4033	42 
4034	36 
4035	1 
4036	23 
4037	12 
4038	42 
4039	8 
4040	30 
4041	7 
4042	12 
4043	30 
4044	40 
4045	6 
4046	11 
4047	8 
4048	12 
4049	8 
4050	3 
4051	36 
4052	40 
4053	30 
4054	3 
4055	11 
4056	3 
4057	42 
4058	35 
4059	38 
4060	1 
4061	22 
4062	36 
4063	40 
4064	8 
4065	1 
4066	8 
4067	3 
4068	42 
4069	42 
4070	7 
4071	22 
4072	42 
4073	22 
4074	35 
4075	40 
4076	36 
4077	40 
4078	42 
4079	11 
4080	6 
4081	42 
4082	1 
4083	11 
4084	12 
4085	8 
4086	42 
4087	17 
4088	22 
4089	21 
4090	22 
4091	11 
4092	40 
4093	36 
4094	23 
4095	23 
4096	22 
4097	8 
4098	12 
4099	43 
4100	42 
4101	11 
4102	34 
4103	42 
4104	30 
4105	23 
4106	30 
4107	35 
4108	3 
4109	1 
4110	30 
4111	3 
4112	30 
4113	35 
4114	6 
4115	30 
4116	40 
4117	11 
4118	8 
4119	12 
4120	42 
4121	21 
4122	16 
4123	42 
4124	3 
4125	11 
4126	17 
4127	6 
4128	35 
4129	30 
4130	42 
4131	23 
4132	8 
4133	3 
4134	23 
4135	11 
4136	1 
4137	5 
4138	36 
4139	7 
4140	15 
4141	22 
4142	15 
4143	38 
4144	8 
4145	30 
4146	23 
4147	19 
4148	22 
4149	8 
4150	1 
4151	7 
4152	2 
4153	1 
4154	36 
4155	35 
4156	36 
4157	30 
4158	7 
4159	13 
4160	40 
4161	2 
4162	42 
4163	17 
4164	30 
4165	40 
4166	3 
4167	21 
4168	34 
4169	3 
4170	8 
4171	2 
4172	11 
4173	3 
4174	3 
4175	36 
4176	13 
4177	30 
4178	8 
4179	40 
4180	40 
4181	7 
4182	7 
4183	14 
4184	6 
4185	12 
4186	38 
4187	23 
4188	38 
4189	30 
4190	42 
4191	42 
4192	42 
4193	35 
4194	36 
4195	30 
4196	30 
4197	8 
4198	5 
4199	23 
4200	36 
4201	11 
4202	3 
4203	22 
4204	22 
4205	5 
4206	42 
4207	11 
4208	40 
4209	8 
4210	36 
4211	8 
4212	3 
4213	7 
4214	35 
4215	7 
4216	3 
4217	40 
4218	42 
4219	22 
4220	34 
4221	42 
4222	3 
4223	15 
4224	8 
4225	12 
4226	36 
4227	3 
4228	40 
4229	36 
4230	11 
4231	40 
4232	30 
4233	42 
4234	10 
4235	17 
4236	3 
4237	40 
4238	7 
4239	32 
4240	43 
4241	12 
4242	35 
4243	42 
4244	17 
4245	43 
4246	8 
4247	12 
4248	8 
4249	1 
4250	3 
4251	8 
4252	22 
4253	6 
4254	11 
4255	30 
4256	35 
4257	8 
4258	30 
4259	7 
4260	11 
4261	42 
4262	14 
4263	32 
4264	8 
4265	3 
4266	14 
4267	16 
4268	36 
4269	3 
4270	22 
4271	42 
4272	6 
4273	8 
4274	13 
4275	30 
4276	8 
4277	35 
4278	36 
4279	36 
4280	7 
4281	36 
4282	42 
4283	15 
4284	1 
4285	42 
4286	32 
4287	36 
4288	8 
4289	3 
4290	17 
4291	36 
4292	21 
4293	34 
4294	7 
4295	1 
4296	11 
4297	14 
4298	11 
4299	1 
4300	7 
4301	42 
4302	11 
4303	8 
4304	42 
4305	40 
4306	10 
4307	8 
4308	21 
4309	8 
4310	12 
4311	3 
4312	40 
4313	40 
4314	3 
4315	11 
4316	21 
4317	22 
4318	3 
4319	36 
4320	3 
4321	8 
4322	30 
4323	11 
4324	8 
4325	8 
4326	42 
4327	3 
4328	16 
4329	11 
4330	3 
4331	7 
4332	22 
4333	8 
4334	8 
4335	36 
4336	7 
4337	17 
4338	19 
4339	21 
4340	8 
4341	16 
4342	42 
4343	38 
4344	11 
4345	13 
4346	36 
4347	42 
4348	7 
4349	8 
4350	42 
4351	1 
4352	11 
4353	7 
4354	1 
4355	19 
4356	5 
4357	30 
4358	22 
4359	8 
4360	36 
4361	35 
4362	3 
4363	11 
4364	32 
4365	14 
4366	11 
4367	1 
4368	17 
4369	1 
4370	40 
4371	23 
4372	23 
4373	17 
4374	30 
4375	2 
4376	11 
4377	42 
4378	30 
4379	36 
4380	36 
4381	40 
4382	30 
4383	8 
4384	34 
4385	3 
4386	12 
4387	40 
4388	40 
4389	1 
4390	21 
4391	11 
4392	11 
4393	42 
4394	12 
4395	8 
4396	1 
4397	11 
4398	23 
4399	23 
4400	11 
4401	36 
4402	36 
4403	8 
4404	21 
4405	19 
4406	11 
4407	11 
4408	35 
4409	3 
4410	36 
4411	8 
4412	14 
4413	23 
4414	11 
4415	3 
4416	42 
4417	36 
4418	36 
4419	36 
4420	8 
4421	22 
4422	12 
4423	22 
4424	1 
4425	40 
4426	42 
4427	30 
4428	35 
4429	42 
4430	7 
4431	43 
4432	36 
4433	8 
4434	40 
4435	3 
4436	3 
4437	13 
4438	1 
4439	3 
4440	22 
4441	36 
4442	16 
4443	5 
4444	21 
4445	8 
4446	1 
4447	30 
4448	11 
4449	21 
4450	34 
4451	11 
4452	42 
4453	7 
4454	12 
4455	1 
4456	3 
4457	36 
4458	1 
4459	1 
4460	23 
4461	3 
4462	42 
4463	30 
4464	7 
4465	16 
4466	15 
4467	8 
4468	8 
4469	36 
4470	7 
4471	42 
4472	36 
4473	36 
4474	3 
4475	10 
4476	40 
4477	13 
4478	43 
4479	17 
4480	17 
4481	43 
4482	8 
4483	1 
4484	36 
4485	16 
4486	7 
4487	3 
4488	35 
4489	36 
4490	11 
4491	12 
4492	7 
4493	12 
4494	12 
4495	35 
4496	23 
4497	3 
4498	7 
4499	3 
4500	42 
4501	40 
4502	1 
4503	23 
4504	11 
4505	8 
4506	17 
4507	8 
4508	35 
4509	30 
4510	14 
4511	35 
4512	23 
4513	35 
4514	19 
4515	21 
4516	22 
4517	1 
4518	8 
4519	3 
4520	1 
4521	3 
4522	1 
4523	16 
4524	40 
4525	12 
4526	1 
4527	1 
4528	8 
4529	11 
4530	11 
4531	23 
4532	23 
4533	36 
4534	3 
4535	17 
4536	8 
4537	1 
4538	1 
4539	1 
4540	23 
4541	35 
4542	42 
4543	8 
4544	42 
4545	12 
4546	36 
4547	1 
4548	22 
4549	21 
4550	11 
4551	3 
4552	13 
4553	36 
4554	30 
4555	35 
4556	11 
4557	42 
4558	11 
4559	42 
4560	43 
4561	40 
4562	8 
4563	12 
4564	40 
4565	40 
4566	21 
4567	6 
4568	1 
4569	36 
4570	42 
4571	22 
4572	3 
4573	23 
4574	12 
4575	1 
4576	42 
4577	13 
4578	11 
4579	3 
4580	14 
4581	8 
4582	8 
4583	36 
4584	42 
4585	23 
4586	3 
4587	12 
4588	1 
4589	1 
4590	1 
4591	42 
4592	11 
4593	1 
4594	42 
4595	23 
4596	42 
4597	35 
4598	11 
4599	15 
4600	11 
4601	7 
4602	42 
4603	42 
4604	22 
4605	21 
4606	35 
4607	35 
4608	11 
4609	42 
4610	30 
4611	10 
4612	36 
4613	11 
4614	40 
4615	40 
4616	11 
4617	8 
4618	36 
4619	42 
4620	12 
4621	35 
4622	11 
4623	23 
4624	1 
4625	5 
4626	22 
4627	40 
4628	22 
4629	8 
4630	11 
4631	3 
4632	3 
4633	23 
4634	3 
4635	8 
4636	30 
4637	12 
4638	42 
4639	3 
4640	11 
4641	35 
4642	11 
4643	23 
4644	23 
4645	6 
4646	40 
4647	42 
4648	42 
4649	23 
4650	5 
4651	30 
4652	11 
4653	1 
4654	40 
4655	13 
4656	11 
4657	3 
4658	42 
4659	42 
4660	5 
4661	13 
4662	13 
4663	8 
4664	6 
4665	1 
4666	22 
4667	42 
4668	40 
4669	11 
4670	3 
4671	42 
4672	11 
4673	42 
4674	10 
4675	11 
4676	1 
4677	23 
4678	22 
4679	17 
4680	11 
4681	40 
4682	23 
4683	23 
4684	12 
4685	21 
4686	11 
4687	6 
4688	36 
4689	42 
4690	8 
4691	42 
4692	8 
4693	8 
4694	30 
4695	13 
4696	23 
4697	3 
4698	11 
4699	30 
4700	12 
4701	22 
4702	30 
4703	3 
4704	17 
4705	22 
4706	22 
4707	3 
4708	11 
4709	30 
4710	36 
4711	36 
4712	6 
4713	42 
4714	36 
4715	42 
4716	3 
4717	12 
4718	12 
4719	36 
4720	35 
4721	35 
4722	36 
4723	35 
4724	5 
4725	30 
4726	1 
4727	11 
4728	3 
4729	17 
4730	8 
4731	23 
4732	11 
4733	8 
4734	42 
4735	1 
4736	11 
4737	23 
4738	1 
4739	22 
4740	22 
4741	11 
4742	3 
4743	11 
4744	7 
4745	35 
4746	8 
4747	42 
4748	40 
4749	42 
4750	1 
4751	23 
4752	7 
4753	3 
4754	5 
4755	11 
4756	35 
4757	42 
4758	42 
4759	40 
4760	11 
4761	8 
4762	1 
4763	17 
4764	23 
4765	23 
4766	7 
4767	8 
4768	1 
4769	8 
4770	17 
4771	1 
4772	42 
4773	42 
4774	8 
4775	35 
4776	30 
4777	35 
4778	40 
4779	42 
4780	17 
4781	42 
4782	42 
4783	36 
4784	8 
4785	1 
4786	36 
4787	30 
4788	42 
4789	23 
4790	3 
4791	35 
4792	35 
4793	3 
4794	3 
4795	35 
4796	8 
4797	11 
4798	30 
4799	5 
4800	36 
4801	30 
4802	40 
4803	40 
4804	36 
4805	30 
4806	35 
4807	17 
4808	8 
4809	42 
4810	7 
4811	36 
4812	22 
4813	22 
4814	11 
4815	1 
4816	40 
4817	12 
4818	3 
4819	42 
4820	30 
4821	22 
4822	40 
4823	35 
4824	11 
4825	36 
4826	36 
4827	3 
4828	40 
4829	23 
4830	40 
4831	17 
4832	30 
4833	42 
4834	1 
4835	3 
4836	3 
4837	42 
4838	35 
4839	3 
4840	35 
4841	22 
4842	8 
4843	8 
4844	1 
4845	11 
4846	40 
4847	40 
4848	8 
4849	36 
4850	40 
4851	17 
4852	8 
4853	3 
4854	1 
4855	5 
4856	11 
4857	5 
4858	1 
4859	3 
4860	1 
4861	36 
4862	8 
4863	7 
4864	3 
4865	7 
4866	36 
4867	23 
4868	8 
4869	36 
4870	35 
4871	5 
4872	1 
4873	35 
4874	35 
4875	42 
4876	1 
4877	30 
4878	36 
4879	8 
4880	11 
4881	7 
4882	30 
4883	8 
4884	1 
4885	40 
4886	12 
4887	42 
4888	23 
4889	3 
4890	8 
4891	30 
4892	42 
4893	11 
4894	40 
4895	1 
4896	42 
4897	22 
4898	36 
4899	40 
4900	8 
4901	11 
4902	22 
4903	1 
4904	3 
4905	23 
4906	7 
4907	3 
4908	1 
4909	8 
4910	1 
4911	40 
4912	35 
4913	40 
4914	22 
4915	11 
4916	11 
4917	11 
4918	7 
4919	11 
4920	8 
4921	30 
4922	1 
4923	3 
4924	1 
4925	8 
4926	30 
4927	35 
4928	30 
4929	36 
4930	1 
4931	11 
4932	8 
4933	8 
4934	1 
4935	35 
4936	3 
4937	11 
4938	1 
4939	3 
4940	7 
4941	11 
4942	42 
4943	22 
4944	11 
4945	42 
4946	30 
4947	42 
4948	40 
4949	3 
4950	3 
4951	11 
4952	3 
4953	30 
4954	8 
4955	36 
4956	8 
4957	11 
4958	30 
4959	8 
4960	8 
4961	1 
4962	8 
4963	11 
4964	30 
4965	3 
4966	42 
4967	11 
4968	42 
4969	3 
4970	3 
4971	11 
4972	11 
4973	30 
4974	30 
4975	11 
4976	30 
4977	8 
4978	11 
4979	30 
4980	3 
4981	8 
4982	1 
4983	11 
4984	1 
4985	8 
4986	11 
4987	42 
4988	11 
4989	3 
4990	11 
4991	8 
4992	11 
4993	1 
4994	3 
4995	8 
4996	42 
4997	42 
4998	8 
4999	8 
5000	8 
