degree distribution (probability density function of the degree in logarithmic bins) 
7.14339	0.129153
11.6045	0.0394173
17.9436	0.0171962
27.7547	0.00678834
44.044	0.00281192
67.8516	0.00120602
103.924	0.000503045
162.157	0.000191984
246.975	7.0578e-05
383.647	3.8595e-05
494	7.30288e-07

degree distribution (degree-occurrences) 
6	0.157
7	0.1216
8	0.0834
9	0.0676
10	0.0576
11	0.0502
12	0.0364
13	0.0344
14	0.0252
15	0.0246
16	0.022
17	0.0198
18	0.0164
19	0.0172
20	0.0138
21	0.0126
22	0.0118
23	0.009
24	0.012
25	0.0082
26	0.0096
27	0.0066
28	0.0056
29	0.0068
30	0.0054
31	0.006
32	0.004
33	0.003
34	0.0042
35	0.0044
36	0.0026
37	0.002
38	0.004
39	0.0034
40	0.0056
41	0.004
42	0.0032
43	0.0026
44	0.0038
45	0.0028
46	0.002
47	0.0024
48	0.0026
49	0.0022
50	0.0034
51	0.0034
52	0.0014
53	0.0012
54	0.002
55	0.0018
56	0.0014
57	0.0016
58	0.0016
59	0.002
60	0.0024
61	0.0012
62	0.0008
63	0.001
64	0.0014
65	0.0014
66	0.0008
67	0.001
68	0.0012
69	0.001
70	0.0016
71	0.0006
72	0.0012
73	0.0016
74	0.0008
75	0.0016
76	0.0008
77	0.0008
78	0.0012
79	0.001
80	0.0008
81	0.0006
82	0.0014
83	0.001
84	0.0008
85	0.0008
86	0.0008
87	0.0006
88	0.0004
89	0.0008
90	0.0002
91	0.001
92	0.0004
93	0.0006
94	0.0012
95	0.0002
96	0.0008
97	0.0012
98	0.0006
99	0.0006
100	0.0008
101	0.0004
102	0.0012
103	0.0002
104	0.0004
105	0.0004
106	0.001
107	0.0004
108	0.0004
109	0.0006
110	0.0004
112	0.0004
113	0.001
114	0.0004
115	0.0004
116	0.0006
117	0.0002
118	0.0004
119	0.0002
120	0.0002
121	0.0002
122	0.0002
123	0.0006
125	0.0004
126	0.0006
127	0.001
128	0.0002
130	0.0002
132	0.0008
133	0.0002
134	0.0006
135	0.0002
136	0.0002
137	0.0002
138	0.0004
139	0.0002
140	0.0002
141	0.0004
142	0.0002
145	0.0004
146	0.0002
147	0.0002
149	0.0002
150	0.0002
152	0.0006
154	0.0002
160	0.0004
161	0.0004
163	0.0004
164	0.0002
165	0.0004
166	0.0006
168	0.0004
169	0.0004
170	0.0004
172	0.0004
173	0.0006
174	0.0002
175	0.0002
177	0.0002
178	0.0006
184	0.0002
186	0.0004
187	0.0004
191	0.0002
194	0.0002
195	0.0002
198	0.0002
199	0.0002
200	0.0002
202	0.0002
203	0.0002
208	0.0002
209	0.0004
211	0.0002
212	0.0002
213	0.0002
215	0.0002
217	0.0004
218	0.0002
219	0.0002
220	0.0002
224	0.0002
225	0.0002
227	0.0006
230	0.0002
231	0.0002
242	0.0002
250	0.0002
251	0.0002
252	0.0002
257	0.0002
259	0.0002
260	0.0002
262	0.0002
265	0.0002
266	0.0002
267	0.0004
268	0.0002
269	0.0002
284	0.0002
289	0.0002
300	0.0002
301	0.0002
303	0.0004
305	0.0002
320	0.0002
321	0.0002
328	0.0004
332	0.0002
333	0.0002
339	0.0002
341	0.0002
344	0.0002
346	0.0002
350	0.0002
354	0.0002
359	0.0002
366	0.0002
372	0.0002
377	0.0002
378	0.0002
379	0.0002
381	0.0002
385	0.0002
388	0.0002
395	0.0002
396	0.0002
399	0.0002
406	0.0002
407	0.0002
426	0.0002
439	0.0002
445	0.0002
448	0.0002
455	0.0002
461	0.0002
464	0.0002
482	0.0002
494	0.0002


--------------------------------------
community distribution (size-occurrences)
6	0.0666667
7	0.0666667
8	0.0444444
10	0.0444444
11	0.0222222
13	0.0444444
15	0.0222222
17	0.0222222
20	0.0444444
25	0.0222222
26	0.0222222
30	0.0222222
46	0.0666667
48	0.0222222
50	0.0444444
52	0.0222222
56	0.0222222
70	0.0222222
76	0.0222222
118	0.0222222
121	0.0222222
159	0.0222222
163	0.0222222
212	0.0222222
225	0.0222222
234	0.0222222
256	0.0222222
264	0.0222222
298	0.0222222
363	0.0222222
433	0.0222222
436	0.0222222
440	0.0222222
473	0.0222222


--------------------------------------
mixing parameter (topology)
0.166667	0.0002
0.25	0.0006
0.285714	0.0282
0.333333	0.1284
0.361519	0.0474
0.379926	0.1802
0.403501	0.3176
0.428273	0.1458
0.448958	0.0714
0.476793	0.0016
0.500031	0.0772
0.555556	0.0002
0.571429	0.0006
0.666667	0.0006

--------------------------------------
mixing parameter (weights)
0.389792	0.0006
0.390367	0.002
0.391	0.0036
0.391218	0.0016
0.392048	0.003
0.392708	0.0054
0.393148	0.0058
0.393822	0.0036
0.394408	0.005
0.394973	0.0112
0.395488	0.0048
0.396074	0.0046
0.396691	0.006
0.397233	0.0046
0.397878	0.0056
0.398457	0.0076
0.39908	0.0394
0.399641	0.2086
0.399998	0.6664
0.40065	0.0106

--------------------------------------
internal weights (weight-occurrences)
2.21895	0.725446
13.6885	0.145322
23.5941	0.058806
33.4861	0.0267078
43.0209	0.0143832
52.6767	0.00788233
62.494	0.00528198
72.2212	0.00425267
82.0671	0.00414432
91.7845	0.00289832
101.395	0.00157105
111.785	0.00119183
120.84	0.000893873
129.783	0.000406306
139.294	0.000352132
147.905	0.000108348
157.618	8.12612e-05
169.911	2.70871e-05
177.691	8.12612e-05
189.124	0.000162522

--------------------------------------
external weights (weight-occurrences)
0.812712	0.339703
3.4693	0.182746
5.85992	0.106605
8.29195	0.0658998
10.7188	0.0530241
13.1124	0.0450464
15.5006	0.0418182
17.914	0.0330241
20.2832	0.0285714
22.6424	0.0261967
25.034	0.0218182
27.4429	0.0149165
29.8301	0.0126531
32.1553	0.00972171
34.501	0.00719852
36.998	0.00508349
39.2479	0.00307978
41.6606	0.00185529
43.9474	0.000816327
46.5128	0.000222635
