1	23 
2	19 
3	1 
4	8 
5	20 
6	3 
7	25 
8	12 
9	25 
10	7 
11	25 
12	27 
13	7 
14	18 
15	19 
16	19 
17	4 
18	4 
19	18 
20	6 
21	5 
22	9 
23	5 
24	14 
25	5 
26	1 
27	27 
28	2 
29	4 
30	27 
31	22 
32	6 
33	31 
34	2 
35	10 
36	17 
37	17 
38	8 
39	4 
40	32 
41	4 
42	16 
43	13 
44	28 
45	15 
46	17 
47	15 
48	7 
49	32 
50	2 
51	3 
52	20 
53	26 
54	19 
55	2 
56	22 
57	24 
58	6 
59	26 
60	6 
61	23 
62	32 
63	9 
64	1 
65	22 
66	13 
67	15 
68	6 
69	31 
70	18 
71	17 
72	8 
73	5 
74	12 
75	28 
76	24 
77	18 
78	12 
79	29 
80	32 
81	16 
82	27 
83	26 
84	1 
85	32 
86	12 
87	2 
88	29 
89	12 
90	9 
91	22 
92	15 
93	32 
94	29 
95	26 
96	10 
97	2 
98	24 
99	22 
100	9 
101	12 
102	26 
103	18 
104	24 
105	6 
106	6 
107	31 
108	8 
109	16 
110	3 
111	5 
112	2 
113	16 
114	3 
115	10 
116	14 
117	9 
118	14 
119	8 
120	29 
121	17 
122	13 
123	17 
124	28 
125	13 
126	14 
127	32 
128	2 
129	32 
130	19 
131	6 
132	29 
133	16 
134	27 
135	29 
136	12 
137	6 
138	31 
139	15 
140	15 
141	27 
142	29 
143	12 
144	13 
145	9 
146	16 
147	32 
148	5 
149	20 
150	21 
151	29 
152	31 
153	16 
154	3 
155	4 
156	32 
157	10 
158	1 
159	25 
160	20 
161	31 
162	13 
163	24 
164	9 
165	12 
166	26 
167	5 
168	18 
169	15 
170	31 
171	1 
172	7 
173	10 
174	3 
175	32 
176	29 
177	26 
178	28 
179	31 
180	16 
181	26 
182	10 
183	31 
184	7 
185	2 
186	15 
187	22 
188	24 
189	8 
190	21 
191	10 
192	25 
193	19 
194	26 
195	18 
196	19 
197	18 
198	1 
199	8 
200	18 
201	11 
202	13 
203	27 
204	18 
205	19 
206	8 
207	11 
208	3 
209	3 
210	1 
211	4 
212	14 
213	2 
214	29 
215	29 
216	6 
217	5 
218	15 
219	12 
220	5 
221	4 
222	17 
223	15 
224	2 
225	14 
226	24 
227	1 
228	16 
229	30 
230	13 
231	31 
232	5 
233	9 
234	14 
235	23 
236	20 
237	20 
238	25 
239	23 
240	15 
241	4 
242	4 
243	8 
244	19 
245	16 
246	18 
247	19 
248	1 
249	7 
250	1 
251	9 
252	3 
253	5 
254	32 
255	13 
256	2 
257	4 
258	16 
259	22 
260	6 
261	27 
262	22 
263	19 
264	22 
265	3 
266	9 
267	18 
268	9 
269	20 
270	26 
271	4 
272	6 
273	27 
274	7 
275	13 
276	1 
277	24 
278	22 
279	20 
280	29 
281	5 
282	15 
283	19 
284	11 
285	5 
286	31 
287	18 
288	19 
289	8 
290	31 
291	31 
292	13 
293	23 
294	26 
295	14 
296	3 
297	18 
298	10 
299	21 
300	32 
301	15 
302	20 
303	1 
304	27 
305	15 
306	18 
307	22 
308	30 
309	6 
310	2 
311	18 
312	2 
313	24 
314	13 
315	17 
316	25 
317	15 
318	18 
319	5 
320	17 
321	28 
322	30 
323	21 
324	25 
325	12 
326	22 
327	5 
328	29 
329	9 
330	32 
331	1 
332	5 
333	24 
334	14 
335	17 
336	6 
337	27 
338	4 
339	18 
340	8 
341	22 
342	21 
343	27 
344	30 
345	21 
346	4 
347	10 
348	19 
349	9 
350	18 
351	16 
352	17 
353	18 
354	17 
355	3 
356	4 
357	7 
358	18 
359	25 
360	1 
361	4 
362	25 
363	1 
364	20 
365	4 
366	13 
367	29 
368	13 
369	28 
370	18 
371	17 
372	9 
373	21 
374	6 
375	2 
376	6 
377	28 
378	25 
379	8 
380	14 
381	2 
382	18 
383	25 
384	32 
385	21 
386	28 
387	5 
388	12 
389	21 
390	10 
391	17 
392	18 
393	9 
394	6 
395	15 
396	32 
397	14 
398	16 
399	17 
400	18 
401	7 
402	30 
403	26 
404	17 
405	22 
406	26 
407	28 
408	23 
409	30 
410	31 
411	25 
412	20 
413	19 
414	23 
415	6 
416	30 
417	12 
418	32 
419	5 
420	10 
421	22 
422	10 
423	7 
424	17 
425	11 
426	32 
427	7 
428	6 
429	19 
430	20 
431	21 
432	31 
433	22 
434	10 
435	4 
436	31 
437	18 
438	2 
439	1 
440	28 
441	25 
442	1 
443	9 
444	16 
445	14 
446	23 
447	2 
448	9 
449	7 
450	20 
451	2 
452	27 
453	8 
454	11 
455	4 
456	19 
457	26 
458	12 
459	18 
460	11 
461	4 
462	5 
463	9 
464	19 
465	17 
466	21 
467	3 
468	12 
469	5 
470	6 
471	18 
472	13 
473	3 
474	4 
475	28 
476	9 
477	8 
478	14 
479	28 
480	17 
481	7 
482	25 
483	3 
484	12 
485	14 
486	21 
487	21 
488	31 
489	21 
490	22 
491	3 
492	12 
493	14 
494	26 
495	13 
496	3 
497	26 
498	2 
499	3 
500	22 
501	8 
502	19 
503	6 
504	7 
505	18 
506	26 
507	20 
508	9 
509	8 
510	6 
511	18 
512	17 
513	27 
514	1 
515	8 
516	17 
517	26 
518	20 
519	18 
520	2 
521	11 
522	26 
523	9 
524	11 
525	6 
526	11 
527	14 
528	29 
529	18 
530	24 
531	5 
532	13 
533	5 
534	28 
535	12 
536	7 
537	32 
538	14 
539	9 
540	3 
541	19 
542	28 
543	9 
544	14 
545	12 
546	5 
547	32 
548	20 
549	30 
550	19 
551	18 
552	15 
553	10 
554	31 
555	20 
556	5 
557	29 
558	24 
559	10 
560	19 
561	5 
562	4 
563	6 
564	14 
565	5 
566	6 
567	14 
568	6 
569	29 
570	4 
571	25 
572	9 
573	22 
574	13 
575	13 
576	28 
577	32 
578	26 
579	31 
580	4 
581	31 
582	25 
583	15 
584	3 
585	31 
586	25 
587	21 
588	7 
589	21 
590	27 
591	2 
592	8 
593	14 
594	32 
595	26 
596	26 
597	11 
598	20 
599	1 
600	4 
601	4 
602	10 
603	6 
604	3 
605	18 
606	16 
607	19 
608	31 
609	28 
610	1 
611	18 
612	32 
613	8 
614	5 
615	32 
616	18 
617	10 
618	11 
619	9 
620	6 
621	1 
622	26 
623	7 
624	27 
625	9 
626	6 
627	19 
628	30 
629	22 
630	25 
631	9 
632	3 
633	26 
634	1 
635	21 
636	13 
637	23 
638	5 
639	2 
640	6 
641	4 
642	15 
643	4 
644	23 
645	30 
646	22 
647	4 
648	5 
649	6 
650	29 
651	5 
652	18 
653	14 
654	18 
655	6 
656	9 
657	11 
658	17 
659	1 
660	21 
661	3 
662	28 
663	9 
664	13 
665	31 
666	1 
667	19 
668	15 
669	31 
670	5 
671	1 
672	30 
673	22 
674	9 
675	27 
676	1 
677	10 
678	13 
679	27 
680	25 
681	28 
682	29 
683	23 
684	30 
685	28 
686	2 
687	29 
688	9 
689	11 
690	15 
691	9 
692	25 
693	23 
694	8 
695	10 
696	31 
697	9 
698	5 
699	10 
700	18 
701	25 
702	11 
703	20 
704	25 
705	13 
706	31 
707	4 
708	24 
709	4 
710	16 
711	12 
712	32 
713	5 
714	1 
715	16 
716	25 
717	6 
718	14 
719	32 
720	29 
721	7 
722	12 
723	25 
724	32 
725	1 
726	17 
727	11 
728	20 
729	18 
730	20 
731	28 
732	6 
733	9 
734	9 
735	25 
736	12 
737	13 
738	22 
739	17 
740	1 
741	15 
742	31 
743	25 
744	3 
745	17 
746	22 
747	5 
748	22 
749	11 
750	8 
751	31 
752	21 
753	9 
754	24 
755	5 
756	16 
757	7 
758	8 
759	9 
760	29 
761	8 
762	6 
763	8 
764	7 
765	31 
766	27 
767	31 
768	10 
769	18 
770	10 
771	26 
772	21 
773	19 
774	1 
775	12 
776	2 
777	1 
778	16 
779	19 
780	17 
781	11 
782	26 
783	10 
784	16 
785	25 
786	2 
787	4 
788	30 
789	19 
790	18 
791	4 
792	31 
793	18 
794	22 
795	17 
796	7 
797	31 
798	15 
799	31 
800	8 
801	4 
802	6 
803	15 
804	4 
805	10 
806	27 
807	25 
808	29 
809	6 
810	14 
811	32 
812	11 
813	30 
814	6 
815	5 
816	13 
817	17 
818	11 
819	11 
820	6 
821	12 
822	22 
823	24 
824	17 
825	8 
826	14 
827	7 
828	25 
829	5 
830	19 
831	22 
832	21 
833	31 
834	26 
835	21 
836	15 
837	30 
838	2 
839	26 
840	2 
841	20 
842	22 
843	8 
844	25 
845	14 
846	15 
847	31 
848	23 
849	14 
850	22 
851	15 
852	26 
853	22 
854	15 
855	6 
856	5 
857	26 
858	1 
859	17 
860	24 
861	8 
862	21 
863	15 
864	7 
865	21 
866	25 
867	24 
868	31 
869	16 
870	31 
871	5 
872	6 
873	9 
874	10 
875	16 
876	15 
877	27 
878	25 
879	31 
880	22 
881	29 
882	22 
883	31 
884	21 
885	1 
886	10 
887	13 
888	6 
889	29 
890	8 
891	2 
892	4 
893	18 
894	6 
895	9 
896	20 
897	15 
898	30 
899	6 
900	19 
901	8 
902	15 
903	9 
904	32 
905	16 
906	21 
907	3 
908	18 
909	12 
910	5 
911	6 
912	26 
913	19 
914	26 
915	16 
916	4 
917	11 
918	22 
919	28 
920	26 
921	8 
922	22 
923	19 
924	19 
925	26 
926	5 
927	4 
928	8 
929	10 
930	17 
931	8 
932	2 
933	3 
934	19 
935	32 
936	22 
937	24 
938	25 
939	2 
940	8 
941	31 
942	15 
943	13 
944	5 
945	26 
946	27 
947	29 
948	4 
949	30 
950	22 
951	24 
952	1 
953	3 
954	1 
955	23 
956	4 
957	12 
958	10 
959	24 
960	29 
961	1 
962	9 
963	7 
964	5 
965	26 
966	31 
967	1 
968	26 
969	31 
970	16 
971	26 
972	26 
973	27 
974	1 
975	31 
976	21 
977	25 
978	3 
979	31 
980	29 
981	18 
982	19 
983	9 
984	10 
985	19 
986	24 
987	22 
988	2 
989	16 
990	12 
991	13 
992	3 
993	29 
994	17 
995	3 
996	18 
997	27 
998	6 
999	3 
1000	31 
1001	14 
1002	7 
1003	32 
1004	7 
1005	28 
1006	1 
1007	23 
1008	10 
1009	14 
1010	8 
1011	18 
1012	32 
1013	27 
1014	29 
1015	26 
1016	12 
1017	26 
1018	2 
1019	4 
1020	31 
1021	8 
1022	2 
1023	12 
1024	10 
1025	18 
1026	15 
1027	14 
1028	18 
1029	2 
1030	25 
1031	9 
1032	10 
1033	28 
1034	17 
1035	20 
1036	13 
1037	32 
1038	24 
1039	9 
1040	25 
1041	16 
1042	15 
1043	25 
1044	13 
1045	10 
1046	8 
1047	13 
1048	16 
1049	24 
1050	27 
1051	18 
1052	20 
1053	9 
1054	3 
1055	6 
1056	4 
1057	14 
1058	20 
1059	13 
1060	15 
1061	29 
1062	1 
1063	15 
1064	32 
1065	30 
1066	32 
1067	32 
1068	4 
1069	32 
1070	6 
1071	31 
1072	14 
1073	8 
1074	18 
1075	7 
1076	28 
1077	7 
1078	4 
1079	29 
1080	20 
1081	2 
1082	30 
1083	19 
1084	26 
1085	23 
1086	22 
1087	24 
1088	13 
1089	14 
1090	6 
1091	12 
1092	7 
1093	17 
1094	5 
1095	6 
1096	4 
1097	20 
1098	10 
1099	4 
1100	7 
1101	10 
1102	32 
1103	29 
1104	1 
1105	5 
1106	16 
1107	14 
1108	1 
1109	29 
1110	23 
1111	9 
1112	5 
1113	24 
1114	29 
1115	5 
1116	32 
1117	5 
1118	21 
1119	20 
1120	17 
1121	6 
1122	7 
1123	31 
1124	2 
1125	19 
1126	27 
1127	15 
1128	13 
1129	27 
1130	30 
1131	27 
1132	8 
1133	6 
1134	32 
1135	8 
1136	20 
1137	13 
1138	22 
1139	7 
1140	22 
1141	21 
1142	27 
1143	1 
1144	10 
1145	13 
1146	28 
1147	9 
1148	13 
1149	17 
1150	26 
1151	4 
1152	1 
1153	9 
1154	12 
1155	3 
1156	25 
1157	29 
1158	13 
1159	3 
1160	23 
1161	4 
1162	4 
1163	32 
1164	22 
1165	7 
1166	22 
1167	5 
1168	10 
1169	19 
1170	15 
1171	19 
1172	20 
1173	17 
1174	21 
1175	31 
1176	17 
1177	25 
1178	25 
1179	5 
1180	24 
1181	30 
1182	15 
1183	29 
1184	31 
1185	29 
1186	10 
1187	17 
1188	18 
1189	10 
1190	2 
1191	27 
1192	18 
1193	20 
1194	12 
1195	14 
1196	7 
1197	21 
1198	30 
1199	28 
1200	30 
1201	25 
1202	31 
1203	29 
1204	31 
1205	15 
1206	15 
1207	24 
1208	18 
1209	14 
1210	17 
1211	12 
1212	7 
1213	18 
1214	11 
1215	7 
1216	31 
1217	6 
1218	13 
1219	1 
1220	7 
1221	8 
1222	3 
1223	9 
1224	31 
1225	32 
1226	6 
1227	16 
1228	23 
1229	21 
1230	9 
1231	15 
1232	8 
1233	27 
1234	16 
1235	11 
1236	21 
1237	31 
1238	28 
1239	4 
1240	31 
1241	25 
1242	11 
1243	7 
1244	17 
1245	23 
1246	25 
1247	30 
1248	6 
1249	25 
1250	23 
1251	7 
1252	21 
1253	23 
1254	29 
1255	1 
1256	1 
1257	17 
1258	5 
1259	13 
1260	18 
1261	28 
1262	29 
1263	12 
1264	32 
1265	15 
1266	21 
1267	29 
1268	21 
1269	23 
1270	15 
1271	28 
1272	5 
1273	22 
1274	32 
1275	12 
1276	18 
1277	13 
1278	3 
1279	19 
1280	25 
1281	10 
1282	4 
1283	7 
1284	13 
1285	22 
1286	28 
1287	11 
1288	17 
1289	24 
1290	1 
1291	29 
1292	27 
1293	1 
1294	18 
1295	3 
1296	9 
1297	9 
1298	8 
1299	7 
1300	19 
1301	7 
1302	24 
1303	20 
1304	25 
1305	4 
1306	29 
1307	4 
1308	17 
1309	28 
1310	4 
1311	31 
1312	16 
1313	15 
1314	14 
1315	7 
1316	11 
1317	21 
1318	21 
1319	20 
1320	6 
1321	18 
1322	20 
1323	16 
1324	2 
1325	31 
1326	10 
1327	15 
1328	22 
1329	5 
1330	20 
1331	1 
1332	20 
1333	5 
1334	17 
1335	14 
1336	28 
1337	24 
1338	14 
1339	2 
1340	18 
1341	32 
1342	25 
1343	8 
1344	21 
1345	26 
1346	32 
1347	27 
1348	21 
1349	32 
1350	15 
1351	24 
1352	11 
1353	12 
1354	3 
1355	7 
1356	21 
1357	25 
1358	29 
1359	4 
1360	19 
1361	24 
1362	8 
1363	3 
1364	13 
1365	29 
1366	18 
1367	26 
1368	20 
1369	8 
1370	16 
1371	15 
1372	32 
1373	31 
1374	2 
1375	10 
1376	20 
1377	25 
1378	10 
1379	25 
1380	8 
1381	1 
1382	20 
1383	22 
1384	32 
1385	20 
1386	3 
1387	6 
1388	11 
1389	21 
1390	3 
1391	29 
1392	7 
1393	10 
1394	17 
1395	12 
1396	5 
1397	10 
1398	2 
1399	26 
1400	6 
1401	1 
1402	21 
1403	15 
1404	3 
1405	32 
1406	18 
1407	3 
1408	25 
1409	6 
1410	5 
1411	14 
1412	5 
1413	8 
1414	14 
1415	25 
1416	16 
1417	2 
1418	15 
1419	10 
1420	15 
1421	26 
1422	14 
1423	9 
1424	18 
1425	26 
1426	9 
1427	6 
1428	25 
1429	20 
1430	5 
1431	18 
1432	21 
1433	15 
1434	13 
1435	32 
1436	12 
1437	26 
1438	31 
1439	30 
1440	14 
1441	3 
1442	9 
1443	10 
1444	14 
1445	1 
1446	28 
1447	12 
1448	25 
1449	9 
1450	11 
1451	14 
1452	31 
1453	21 
1454	31 
1455	16 
1456	15 
1457	28 
1458	3 
1459	2 
1460	10 
1461	11 
1462	12 
1463	23 
1464	19 
1465	25 
1466	22 
1467	21 
1468	11 
1469	2 
1470	11 
1471	32 
1472	4 
1473	18 
1474	4 
1475	24 
1476	15 
1477	4 
1478	29 
1479	24 
1480	18 
1481	10 
1482	13 
1483	10 
1484	14 
1485	9 
1486	1 
1487	29 
1488	21 
1489	2 
1490	6 
1491	4 
1492	29 
1493	18 
1494	12 
1495	1 
1496	2 
1497	27 
1498	12 
1499	13 
1500	18 
1501	25 
1502	11 
1503	4 
1504	20 
1505	32 
1506	15 
1507	23 
1508	1 
1509	12 
1510	26 
1511	13 
1512	24 
1513	26 
1514	12 
1515	14 
1516	13 
1517	5 
1518	16 
1519	1 
1520	25 
1521	5 
1522	32 
1523	32 
1524	5 
1525	28 
1526	7 
1527	21 
1528	28 
1529	25 
1530	28 
1531	17 
1532	10 
1533	19 
1534	15 
1535	19 
1536	17 
1537	27 
1538	24 
1539	31 
1540	16 
1541	17 
1542	1 
1543	1 
1544	4 
1545	3 
1546	30 
1547	5 
1548	10 
1549	6 
1550	9 
1551	10 
1552	23 
1553	10 
1554	11 
1555	18 
1556	27 
1557	2 
1558	18 
1559	31 
1560	7 
1561	29 
1562	6 
1563	3 
1564	16 
1565	19 
1566	5 
1567	6 
1568	4 
1569	29 
1570	5 
1571	2 
1572	15 
1573	5 
1574	31 
1575	7 
1576	4 
1577	12 
1578	7 
1579	12 
1580	21 
1581	8 
1582	20 
1583	21 
1584	14 
1585	11 
1586	27 
1587	21 
1588	21 
1589	25 
1590	13 
1591	30 
1592	18 
1593	16 
1594	30 
1595	14 
1596	10 
1597	28 
1598	26 
1599	6 
1600	14 
1601	21 
1602	10 
1603	4 
1604	19 
1605	3 
1606	14 
1607	14 
1608	6 
1609	8 
1610	19 
1611	3 
1612	3 
1613	23 
1614	27 
1615	16 
1616	29 
1617	28 
1618	16 
1619	12 
1620	3 
1621	28 
1622	1 
1623	14 
1624	20 
1625	3 
1626	17 
1627	32 
1628	14 
1629	7 
1630	1 
1631	20 
1632	32 
1633	6 
1634	13 
1635	22 
1636	5 
1637	30 
1638	23 
1639	29 
1640	27 
1641	3 
1642	29 
1643	30 
1644	22 
1645	7 
1646	19 
1647	13 
1648	19 
1649	4 
1650	25 
1651	16 
1652	20 
1653	29 
1654	20 
1655	20 
1656	32 
1657	28 
1658	14 
1659	29 
1660	32 
1661	20 
1662	24 
1663	18 
1664	31 
1665	23 
1666	2 
1667	17 
1668	20 
1669	19 
1670	32 
1671	26 
1672	23 
1673	22 
1674	31 
1675	22 
1676	15 
1677	26 
1678	16 
1679	2 
1680	17 
1681	19 
1682	25 
1683	10 
1684	22 
1685	30 
1686	30 
1687	31 
1688	19 
1689	1 
1690	4 
1691	23 
1692	30 
1693	18 
1694	13 
1695	24 
1696	8 
1697	8 
1698	28 
1699	29 
1700	8 
1701	7 
1702	6 
1703	9 
1704	29 
1705	25 
1706	29 
1707	11 
1708	24 
1709	12 
1710	13 
1711	18 
1712	5 
1713	21 
1714	26 
1715	22 
1716	29 
1717	13 
1718	26 
1719	14 
1720	17 
1721	5 
1722	26 
1723	14 
1724	2 
1725	3 
1726	13 
1727	5 
1728	32 
1729	17 
1730	31 
1731	8 
1732	14 
1733	27 
1734	21 
1735	4 
1736	14 
1737	1 
1738	29 
1739	6 
1740	30 
1741	4 
1742	28 
1743	1 
1744	17 
1745	7 
1746	12 
1747	15 
1748	10 
1749	29 
1750	18 
1751	22 
1752	2 
1753	30 
1754	4 
1755	24 
1756	29 
1757	22 
1758	9 
1759	30 
1760	9 
1761	4 
1762	21 
1763	18 
1764	5 
1765	4 
1766	2 
1767	7 
1768	17 
1769	30 
1770	26 
1771	1 
1772	15 
1773	29 
1774	22 
1775	11 
1776	20 
1777	1 
1778	16 
1779	2 
1780	20 
1781	20 
1782	13 
1783	30 
1784	13 
1785	2 
1786	28 
1787	19 
1788	22 
1789	4 
1790	7 
1791	18 
1792	31 
1793	11 
1794	18 
1795	18 
1796	31 
1797	17 
1798	23 
1799	24 
1800	28 
1801	2 
1802	32 
1803	12 
1804	9 
1805	17 
1806	5 
1807	29 
1808	11 
1809	29 
1810	26 
1811	18 
1812	27 
1813	23 
1814	4 
1815	13 
1816	14 
1817	8 
1818	32 
1819	5 
1820	30 
1821	7 
1822	6 
1823	12 
1824	32 
1825	26 
1826	16 
1827	28 
1828	7 
1829	25 
1830	8 
1831	18 
1832	13 
1833	5 
1834	23 
1835	31 
1836	32 
1837	19 
1838	32 
1839	23 
1840	20 
1841	12 
1842	5 
1843	30 
1844	8 
1845	9 
1846	32 
1847	5 
1848	18 
1849	11 
1850	24 
1851	31 
1852	28 
1853	16 
1854	18 
1855	6 
1856	8 
1857	20 
1858	32 
1859	17 
1860	12 
1861	8 
1862	26 
1863	26 
1864	2 
1865	8 
1866	20 
1867	15 
1868	14 
1869	7 
1870	26 
1871	3 
1872	17 
1873	10 
1874	19 
1875	29 
1876	32 
1877	7 
1878	20 
1879	21 
1880	15 
1881	19 
1882	3 
1883	8 
1884	20 
1885	12 
1886	24 
1887	16 
1888	3 
1889	32 
1890	26 
1891	29 
1892	3 
1893	16 
1894	27 
1895	29 
1896	15 
1897	19 
1898	8 
1899	21 
1900	22 
1901	4 
1902	26 
1903	24 
1904	11 
1905	1 
1906	22 
1907	8 
1908	18 
1909	20 
1910	1 
1911	11 
1912	25 
1913	32 
1914	4 
1915	2 
1916	9 
1917	3 
1918	15 
1919	24 
1920	15 
1921	31 
1922	23 
1923	8 
1924	32 
1925	1 
1926	14 
1927	4 
1928	31 
1929	5 
1930	21 
1931	14 
1932	30 
1933	1 
1934	32 
1935	31 
1936	31 
1937	22 
1938	32 
1939	2 
1940	7 
1941	14 
1942	17 
1943	32 
1944	4 
1945	15 
1946	15 
1947	15 
1948	31 
1949	9 
1950	13 
1951	31 
1952	23 
1953	14 
1954	1 
1955	32 
1956	15 
1957	20 
1958	26 
1959	26 
1960	2 
1961	30 
1962	21 
1963	28 
1964	16 
1965	14 
1966	20 
1967	17 
1968	24 
1969	26 
1970	2 
1971	19 
1972	32 
1973	4 
1974	26 
1975	4 
1976	19 
1977	1 
1978	3 
1979	18 
1980	18 
1981	22 
1982	14 
1983	12 
1984	6 
1985	15 
1986	24 
1987	12 
1988	11 
1989	3 
1990	15 
1991	32 
1992	13 
1993	19 
1994	28 
1995	27 
1996	30 
1997	22 
1998	25 
1999	2 
2000	22 
2001	31 
2002	31 
2003	3 
2004	1 
2005	28 
2006	11 
2007	18 
2008	6 
2009	21 
2010	9 
2011	16 
2012	14 
2013	30 
2014	4 
2015	18 
2016	5 
2017	9 
2018	4 
2019	1 
2020	27 
2021	3 
2022	9 
2023	21 
2024	13 
2025	14 
2026	21 
2027	20 
2028	14 
2029	16 
2030	2 
2031	18 
2032	23 
2033	8 
2034	12 
2035	8 
2036	9 
2037	8 
2038	23 
2039	15 
2040	19 
2041	20 
2042	18 
2043	32 
2044	23 
2045	2 
2046	14 
2047	21 
2048	24 
2049	20 
2050	14 
2051	28 
2052	22 
2053	29 
2054	4 
2055	4 
2056	25 
2057	30 
2058	30 
2059	4 
2060	25 
2061	4 
2062	15 
2063	7 
2064	27 
2065	26 
2066	13 
2067	30 
2068	30 
2069	2 
2070	20 
2071	14 
2072	31 
2073	16 
2074	5 
2075	29 
2076	15 
2077	32 
2078	5 
2079	10 
2080	27 
2081	8 
2082	1 
2083	10 
2084	32 
2085	4 
2086	21 
2087	10 
2088	31 
2089	5 
2090	25 
2091	18 
2092	10 
2093	21 
2094	28 
2095	7 
2096	23 
2097	3 
2098	19 
2099	25 
2100	15 
2101	15 
2102	17 
2103	26 
2104	15 
2105	29 
2106	1 
2107	20 
2108	4 
2109	7 
2110	1 
2111	22 
2112	13 
2113	3 
2114	30 
2115	2 
2116	25 
2117	20 
2118	15 
2119	6 
2120	26 
2121	11 
2122	29 
2123	25 
2124	6 
2125	5 
2126	16 
2127	26 
2128	3 
2129	24 
2130	10 
2131	5 
2132	8 
2133	27 
2134	32 
2135	18 
2136	8 
2137	16 
2138	5 
2139	13 
2140	13 
2141	21 
2142	26 
2143	6 
2144	5 
2145	6 
2146	7 
2147	27 
2148	11 
2149	32 
2150	6 
2151	30 
2152	21 
2153	32 
2154	7 
2155	6 
2156	22 
2157	12 
2158	1 
2159	15 
2160	3 
2161	27 
2162	24 
2163	1 
2164	32 
2165	3 
2166	21 
2167	2 
2168	18 
2169	18 
2170	8 
2171	18 
2172	17 
2173	21 
2174	4 
2175	27 
2176	26 
2177	32 
2178	18 
2179	28 
2180	22 
2181	17 
2182	7 
2183	15 
2184	4 
2185	16 
2186	25 
2187	14 
2188	21 
2189	31 
2190	2 
2191	11 
2192	10 
2193	19 
2194	3 
2195	1 
2196	22 
2197	13 
2198	26 
2199	4 
2200	8 
2201	26 
2202	18 
2203	7 
2204	31 
2205	6 
2206	21 
2207	24 
2208	10 
2209	15 
2210	26 
2211	10 
2212	11 
2213	26 
2214	2 
2215	17 
2216	9 
2217	10 
2218	27 
2219	29 
2220	4 
2221	7 
2222	11 
2223	8 
2224	12 
2225	1 
2226	23 
2227	11 
2228	8 
2229	14 
2230	2 
2231	1 
2232	22 
2233	25 
2234	5 
2235	26 
2236	27 
2237	9 
2238	4 
2239	13 
2240	9 
2241	9 
2242	9 
2243	8 
2244	23 
2245	23 
2246	12 
2247	23 
2248	7 
2249	19 
2250	8 
2251	19 
2252	26 
2253	1 
2254	9 
2255	25 
2256	18 
2257	25 
2258	18 
2259	2 
2260	22 
2261	32 
2262	13 
2263	13 
2264	5 
2265	4 
2266	30 
2267	23 
2268	29 
2269	10 
2270	28 
2271	11 
2272	5 
2273	29 
2274	3 
2275	12 
2276	30 
2277	5 
2278	20 
2279	10 
2280	23 
2281	9 
2282	7 
2283	13 
2284	30 
2285	16 
2286	3 
2287	32 
2288	20 
2289	32 
2290	10 
2291	21 
2292	4 
2293	13 
2294	32 
2295	20 
2296	24 
2297	1 
2298	13 
2299	3 
2300	12 
2301	15 
2302	6 
2303	5 
2304	9 
2305	2 
2306	13 
2307	23 
2308	31 
2309	3 
2310	27 
2311	21 
2312	29 
2313	29 
2314	16 
2315	8 
2316	25 
2317	3 
2318	24 
2319	29 
2320	6 
2321	4 
2322	20 
2323	10 
2324	28 
2325	29 
2326	2 
2327	29 
2328	3 
2329	2 
2330	27 
2331	17 
2332	31 
2333	10 
2334	32 
2335	5 
2336	14 
2337	28 
2338	25 
2339	22 
2340	15 
2341	14 
2342	12 
2343	25 
2344	2 
2345	21 
2346	31 
2347	18 
2348	5 
2349	14 
2350	5 
2351	9 
2352	6 
2353	18 
2354	18 
2355	27 
2356	23 
2357	2 
2358	20 
2359	7 
2360	11 
2361	14 
2362	10 
2363	5 
2364	3 
2365	27 
2366	9 
2367	26 
2368	12 
2369	2 
2370	27 
2371	31 
2372	28 
2373	17 
2374	4 
2375	18 
2376	21 
2377	20 
2378	18 
2379	11 
2380	24 
2381	5 
2382	1 
2383	18 
2384	4 
2385	27 
2386	14 
2387	24 
2388	6 
2389	20 
2390	5 
2391	9 
2392	13 
2393	5 
2394	24 
2395	32 
2396	21 
2397	23 
2398	31 
2399	15 
2400	28 
2401	32 
2402	14 
2403	3 
2404	4 
2405	21 
2406	1 
2407	15 
2408	5 
2409	18 
2410	31 
2411	11 
2412	1 
2413	21 
2414	12 
2415	32 
2416	4 
2417	12 
2418	22 
2419	7 
2420	1 
2421	23 
2422	12 
2423	22 
2424	18 
2425	10 
2426	20 
2427	27 
2428	6 
2429	30 
2430	9 
2431	26 
2432	22 
2433	20 
2434	11 
2435	10 
2436	11 
2437	11 
2438	3 
2439	7 
2440	19 
2441	5 
2442	24 
2443	1 
2444	26 
2445	24 
2446	24 
2447	1 
2448	9 
2449	32 
2450	30 
2451	30 
2452	9 
2453	15 
2454	14 
2455	25 
2456	1 
2457	7 
2458	21 
2459	9 
2460	32 
2461	11 
2462	8 
2463	26 
2464	19 
2465	30 
2466	4 
2467	6 
2468	8 
2469	23 
2470	24 
2471	21 
2472	32 
2473	27 
2474	9 
2475	12 
2476	4 
2477	27 
2478	3 
2479	25 
2480	4 
2481	19 
2482	16 
2483	1 
2484	14 
2485	30 
2486	30 
2487	31 
2488	2 
2489	27 
2490	19 
2491	9 
2492	28 
2493	30 
2494	18 
2495	11 
2496	32 
2497	13 
2498	8 
2499	32 
2500	27 
2501	9 
2502	14 
2503	28 
2504	13 
2505	7 
2506	1 
2507	30 
2508	32 
2509	25 
2510	2 
2511	16 
2512	18 
2513	1 
2514	26 
2515	21 
2516	26 
2517	25 
2518	31 
2519	7 
2520	3 
2521	7 
2522	18 
2523	26 
2524	16 
2525	19 
2526	31 
2527	15 
2528	26 
2529	14 
2530	3 
2531	25 
2532	9 
2533	22 
2534	27 
2535	8 
2536	11 
2537	4 
2538	15 
2539	26 
2540	29 
2541	12 
2542	22 
2543	27 
2544	2 
2545	8 
2546	4 
2547	14 
2548	6 
2549	5 
2550	1 
2551	24 
2552	2 
2553	6 
2554	25 
2555	29 
2556	4 
2557	1 
2558	20 
2559	27 
2560	17 
2561	23 
2562	6 
2563	12 
2564	17 
2565	29 
2566	25 
2567	19 
2568	8 
2569	25 
2570	18 
2571	8 
2572	31 
2573	29 
2574	14 
2575	20 
2576	18 
2577	16 
2578	22 
2579	17 
2580	7 
2581	9 
2582	29 
2583	2 
2584	15 
2585	12 
2586	32 
2587	29 
2588	11 
2589	29 
2590	5 
2591	2 
2592	29 
2593	22 
2594	29 
2595	8 
2596	3 
2597	29 
2598	9 
2599	14 
2600	8 
2601	23 
2602	28 
2603	28 
2604	13 
2605	28 
2606	8 
2607	12 
2608	32 
2609	14 
2610	4 
2611	3 
2612	13 
2613	13 
2614	31 
2615	29 
2616	6 
2617	8 
2618	8 
2619	1 
2620	4 
2621	30 
2622	31 
2623	8 
2624	16 
2625	29 
2626	18 
2627	21 
2628	17 
2629	23 
2630	16 
2631	6 
2632	25 
2633	25 
2634	26 
2635	24 
2636	27 
2637	1 
2638	1 
2639	2 
2640	9 
2641	7 
2642	7 
2643	20 
2644	27 
2645	2 
2646	23 
2647	21 
2648	26 
2649	20 
2650	30 
2651	14 
2652	26 
2653	19 
2654	31 
2655	14 
2656	15 
2657	23 
2658	18 
2659	29 
2660	17 
2661	30 
2662	20 
2663	4 
2664	5 
2665	32 
2666	19 
2667	28 
2668	25 
2669	18 
2670	13 
2671	5 
2672	10 
2673	22 
2674	5 
2675	22 
2676	28 
2677	12 
2678	23 
2679	4 
2680	19 
2681	28 
2682	17 
2683	25 
2684	1 
2685	13 
2686	20 
2687	16 
2688	25 
2689	25 
2690	14 
2691	5 
2692	16 
2693	4 
2694	15 
2695	28 
2696	20 
2697	16 
2698	2 
2699	11 
2700	10 
2701	12 
2702	24 
2703	14 
2704	1 
2705	21 
2706	17 
2707	32 
2708	17 
2709	17 
2710	10 
2711	6 
2712	1 
2713	19 
2714	14 
2715	5 
2716	8 
2717	29 
2718	32 
2719	7 
2720	18 
2721	12 
2722	5 
2723	18 
2724	3 
2725	9 
2726	18 
2727	3 
2728	8 
2729	31 
2730	21 
2731	14 
2732	20 
2733	25 
2734	23 
2735	6 
2736	13 
2737	20 
2738	10 
2739	25 
2740	4 
2741	15 
2742	18 
2743	30 
2744	29 
2745	29 
2746	19 
2747	29 
2748	13 
2749	6 
2750	31 
2751	27 
2752	31 
2753	25 
2754	20 
2755	2 
2756	31 
2757	5 
2758	27 
2759	10 
2760	18 
2761	22 
2762	12 
2763	11 
2764	1 
2765	3 
2766	17 
2767	14 
2768	12 
2769	6 
2770	18 
2771	4 
2772	32 
2773	15 
2774	23 
2775	16 
2776	25 
2777	17 
2778	4 
2779	4 
2780	8 
2781	16 
2782	32 
2783	19 
2784	20 
2785	18 
2786	1 
2787	26 
2788	2 
2789	6 
2790	21 
2791	18 
2792	8 
2793	18 
2794	31 
2795	9 
2796	32 
2797	22 
2798	7 
2799	1 
2800	12 
2801	25 
2802	9 
2803	13 
2804	20 
2805	4 
2806	21 
2807	26 
2808	26 
2809	6 
2810	15 
2811	19 
2812	16 
2813	11 
2814	14 
2815	24 
2816	21 
2817	21 
2818	16 
2819	22 
2820	29 
2821	19 
2822	2 
2823	26 
2824	10 
2825	13 
2826	31 
2827	23 
2828	29 
2829	17 
2830	32 
2831	22 
2832	4 
2833	21 
2834	1 
2835	2 
2836	32 
2837	8 
2838	10 
2839	22 
2840	26 
2841	16 
2842	3 
2843	19 
2844	28 
2845	26 
2846	19 
2847	2 
2848	27 
2849	28 
2850	29 
2851	7 
2852	2 
2853	7 
2854	25 
2855	29 
2856	23 
2857	16 
2858	16 
2859	1 
2860	30 
2861	5 
2862	1 
2863	6 
2864	3 
2865	27 
2866	10 
2867	3 
2868	18 
2869	24 
2870	6 
2871	5 
2872	3 
2873	24 
2874	4 
2875	18 
2876	24 
2877	29 
2878	32 
2879	10 
2880	6 
2881	5 
2882	6 
2883	5 
2884	12 
2885	32 
2886	2 
2887	4 
2888	32 
2889	15 
2890	4 
2891	28 
2892	11 
2893	31 
2894	26 
2895	8 
2896	10 
2897	20 
2898	9 
2899	21 
2900	32 
2901	12 
2902	26 
2903	29 
2904	28 
2905	29 
2906	29 
2907	19 
2908	2 
2909	15 
2910	10 
2911	20 
2912	28 
2913	9 
2914	30 
2915	22 
2916	27 
2917	25 
2918	14 
2919	2 
2920	14 
2921	31 
2922	12 
2923	25 
2924	31 
2925	15 
2926	2 
2927	13 
2928	10 
2929	20 
2930	6 
2931	32 
2932	1 
2933	8 
2934	5 
2935	21 
2936	3 
2937	28 
2938	25 
2939	32 
2940	24 
2941	25 
2942	32 
2943	14 
2944	31 
2945	20 
2946	1 
2947	31 
2948	21 
2949	5 
2950	25 
2951	20 
2952	21 
2953	23 
2954	31 
2955	15 
2956	19 
2957	7 
2958	6 
2959	25 
2960	19 
2961	15 
2962	28 
2963	5 
2964	31 
2965	21 
2966	13 
2967	9 
2968	28 
2969	31 
2970	13 
2971	17 
2972	18 
2973	21 
2974	25 
2975	19 
2976	20 
2977	13 
2978	21 
2979	27 
2980	9 
2981	8 
2982	18 
2983	15 
2984	9 
2985	30 
2986	31 
2987	7 
2988	19 
2989	8 
2990	9 
2991	9 
2992	19 
2993	5 
2994	2 
2995	9 
2996	27 
2997	17 
2998	13 
2999	18 
3000	22 
3001	13 
3002	21 
3003	22 
3004	17 
3005	1 
3006	20 
3007	5 
3008	6 
3009	29 
3010	15 
3011	29 
3012	29 
3013	5 
3014	4 
3015	2 
3016	22 
3017	31 
3018	9 
3019	9 
3020	31 
3021	6 
3022	23 
3023	25 
3024	29 
3025	32 
3026	5 
3027	10 
3028	4 
3029	14 
3030	1 
3031	25 
3032	5 
3033	14 
3034	12 
3035	22 
3036	11 
3037	30 
3038	20 
3039	31 
3040	3 
3041	27 
3042	2 
3043	6 
3044	15 
3045	19 
3046	8 
3047	29 
3048	9 
3049	17 
3050	14 
3051	3 
3052	19 
3053	32 
3054	16 
3055	29 
3056	21 
3057	10 
3058	18 
3059	26 
3060	29 
3061	14 
3062	32 
3063	26 
3064	14 
3065	8 
3066	10 
3067	12 
3068	20 
3069	23 
3070	24 
3071	8 
3072	6 
3073	8 
3074	31 
3075	32 
3076	23 
3077	32 
3078	8 
3079	18 
3080	9 
3081	20 
3082	5 
3083	2 
3084	31 
3085	31 
3086	1 
3087	1 
3088	29 
3089	6 
3090	1 
3091	11 
3092	10 
3093	27 
3094	25 
3095	2 
3096	20 
3097	31 
3098	7 
3099	18 
3100	1 
3101	17 
3102	23 
3103	15 
3104	13 
3105	15 
3106	24 
3107	2 
3108	3 
3109	9 
3110	21 
3111	9 
3112	31 
3113	6 
3114	2 
3115	1 
3116	21 
3117	22 
3118	18 
3119	23 
3120	9 
3121	23 
3122	31 
3123	7 
3124	5 
3125	29 
3126	10 
3127	22 
3128	3 
3129	14 
3130	29 
3131	19 
3132	3 
3133	18 
3134	15 
3135	20 
3136	5 
3137	27 
3138	9 
3139	7 
3140	29 
3141	20 
3142	5 
3143	1 
3144	1 
3145	7 
3146	15 
3147	27 
3148	9 
3149	27 
3150	10 
3151	10 
3152	15 
3153	18 
3154	9 
3155	18 
3156	11 
3157	22 
3158	10 
3159	9 
3160	29 
3161	29 
3162	2 
3163	24 
3164	27 
3165	7 
3166	4 
3167	1 
3168	25 
3169	25 
3170	26 
3171	22 
3172	31 
3173	29 
3174	20 
3175	29 
3176	3 
3177	28 
3178	3 
3179	4 
3180	18 
3181	10 
3182	17 
3183	29 
3184	25 
3185	3 
3186	31 
3187	19 
3188	28 
3189	1 
3190	22 
3191	20 
3192	24 
3193	31 
3194	1 
3195	4 
3196	2 
3197	10 
3198	14 
3199	12 
3200	28 
3201	20 
3202	9 
3203	13 
3204	26 
3205	8 
3206	1 
3207	12 
3208	20 
3209	27 
3210	29 
3211	18 
3212	29 
3213	11 
3214	15 
3215	1 
3216	26 
3217	6 
3218	1 
3219	30 
3220	27 
3221	23 
3222	16 
3223	6 
3224	9 
3225	25 
3226	6 
3227	10 
3228	2 
3229	28 
3230	27 
3231	24 
3232	3 
3233	4 
3234	14 
3235	6 
3236	18 
3237	20 
3238	14 
3239	28 
3240	5 
3241	6 
3242	25 
3243	22 
3244	32 
3245	19 
3246	12 
3247	2 
3248	3 
3249	18 
3250	27 
3251	22 
3252	5 
3253	3 
3254	30 
3255	28 
3256	1 
3257	3 
3258	25 
3259	27 
3260	25 
3261	31 
3262	4 
3263	1 
3264	18 
3265	5 
3266	11 
3267	23 
3268	1 
3269	31 
3270	14 
3271	10 
3272	22 
3273	20 
3274	4 
3275	18 
3276	23 
3277	31 
3278	8 
3279	16 
3280	16 
3281	30 
3282	18 
3283	7 
3284	24 
3285	27 
3286	23 
3287	32 
3288	24 
3289	9 
3290	26 
3291	5 
3292	26 
3293	28 
3294	4 
3295	20 
3296	31 
3297	15 
3298	20 
3299	8 
3300	14 
3301	10 
3302	1 
3303	11 
3304	16 
3305	12 
3306	26 
3307	3 
3308	5 
3309	32 
3310	13 
3311	11 
3312	3 
3313	32 
3314	31 
3315	29 
3316	4 
3317	16 
3318	5 
3319	18 
3320	13 
3321	32 
3322	26 
3323	27 
3324	20 
3325	29 
3326	24 
3327	8 
3328	2 
3329	9 
3330	32 
3331	26 
3332	32 
3333	11 
3334	12 
3335	31 
3336	16 
3337	11 
3338	7 
3339	30 
3340	15 
3341	19 
3342	2 
3343	7 
3344	3 
3345	4 
3346	10 
3347	27 
3348	19 
3349	22 
3350	19 
3351	12 
3352	25 
3353	9 
3354	8 
3355	18 
3356	27 
3357	18 
3358	3 
3359	29 
3360	2 
3361	21 
3362	2 
3363	20 
3364	10 
3365	2 
3366	22 
3367	27 
3368	18 
3369	14 
3370	31 
3371	20 
3372	26 
3373	11 
3374	4 
3375	12 
3376	15 
3377	25 
3378	6 
3379	29 
3380	2 
3381	17 
3382	6 
3383	1 
3384	25 
3385	3 
3386	5 
3387	12 
3388	12 
3389	17 
3390	29 
3391	23 
3392	25 
3393	22 
3394	7 
3395	10 
3396	15 
3397	6 
3398	28 
3399	18 
3400	11 
3401	5 
3402	21 
3403	8 
3404	25 
3405	19 
3406	21 
3407	25 
3408	2 
3409	24 
3410	31 
3411	11 
3412	17 
3413	5 
3414	3 
3415	1 
3416	22 
3417	19 
3418	32 
3419	25 
3420	6 
3421	19 
3422	6 
3423	6 
3424	26 
3425	24 
3426	25 
3427	2 
3428	1 
3429	1 
3430	22 
3431	25 
3432	32 
3433	29 
3434	15 
3435	21 
3436	28 
3437	31 
3438	3 
3439	23 
3440	1 
3441	29 
3442	16 
3443	18 
3444	25 
3445	26 
3446	23 
3447	5 
3448	10 
3449	22 
3450	25 
3451	28 
3452	27 
3453	10 
3454	22 
3455	5 
3456	25 
3457	9 
3458	26 
3459	30 
3460	26 
3461	2 
3462	2 
3463	7 
3464	28 
3465	6 
3466	23 
3467	9 
3468	11 
3469	3 
3470	12 
3471	17 
3472	30 
3473	8 
3474	29 
3475	25 
3476	24 
3477	8 
3478	18 
3479	5 
3480	26 
3481	26 
3482	14 
3483	9 
3484	8 
3485	31 
3486	22 
3487	5 
3488	22 
3489	25 
3490	26 
3491	13 
3492	19 
3493	28 
3494	8 
3495	1 
3496	18 
3497	17 
3498	3 
3499	24 
3500	22 
3501	2 
3502	7 
3503	13 
3504	3 
3505	20 
3506	19 
3507	3 
3508	32 
3509	13 
3510	12 
3511	22 
3512	14 
3513	32 
3514	1 
3515	8 
3516	2 
3517	32 
3518	16 
3519	20 
3520	31 
3521	26 
3522	31 
3523	15 
3524	18 
3525	4 
3526	5 
3527	20 
3528	18 
3529	32 
3530	19 
3531	22 
3532	28 
3533	2 
3534	21 
3535	7 
3536	20 
3537	25 
3538	31 
3539	1 
3540	9 
3541	6 
3542	27 
3543	20 
3544	4 
3545	31 
3546	27 
3547	28 
3548	4 
3549	18 
3550	16 
3551	14 
3552	15 
3553	31 
3554	8 
3555	32 
3556	26 
3557	5 
3558	1 
3559	18 
3560	6 
3561	24 
3562	22 
3563	29 
3564	8 
3565	15 
3566	25 
3567	18 
3568	21 
3569	13 
3570	2 
3571	1 
3572	18 
3573	7 
3574	4 
3575	27 
3576	21 
3577	19 
3578	14 
3579	9 
3580	30 
3581	9 
3582	31 
3583	31 
3584	16 
3585	7 
3586	4 
3587	6 
3588	15 
3589	26 
3590	32 
3591	5 
3592	3 
3593	20 
3594	28 
3595	14 
3596	8 
3597	15 
3598	28 
3599	24 
3600	28 
3601	5 
3602	29 
3603	3 
3604	27 
3605	8 
3606	9 
3607	13 
3608	18 
3609	11 
3610	3 
3611	30 
3612	22 
3613	25 
3614	24 
3615	28 
3616	14 
3617	18 
3618	32 
3619	1 
3620	25 
3621	19 
3622	29 
3623	27 
3624	18 
3625	3 
3626	1 
3627	3 
3628	2 
3629	7 
3630	13 
3631	4 
3632	22 
3633	26 
3634	18 
3635	5 
3636	18 
3637	3 
3638	16 
3639	21 
3640	10 
3641	19 
3642	25 
3643	32 
3644	18 
3645	20 
3646	22 
3647	8 
3648	21 
3649	18 
3650	28 
3651	10 
3652	26 
3653	19 
3654	29 
3655	10 
3656	22 
3657	9 
3658	21 
3659	22 
3660	12 
3661	18 
3662	2 
3663	7 
3664	12 
3665	15 
3666	25 
3667	4 
3668	4 
3669	11 
3670	15 
3671	18 
3672	8 
3673	29 
3674	19 
3675	29 
3676	17 
3677	31 
3678	1 
3679	7 
3680	27 
3681	10 
3682	27 
3683	24 
3684	30 
3685	27 
3686	13 
3687	9 
3688	26 
3689	7 
3690	23 
3691	20 
3692	3 
3693	31 
3694	30 
3695	12 
3696	20 
3697	8 
3698	11 
3699	28 
3700	31 
3701	12 
3702	24 
3703	27 
3704	32 
3705	12 
3706	9 
3707	1 
3708	15 
3709	3 
3710	11 
3711	8 
3712	14 
3713	28 
3714	9 
3715	15 
3716	19 
3717	9 
3718	17 
3719	30 
3720	25 
3721	7 
3722	31 
3723	6 
3724	19 
3725	28 
3726	31 
3727	31 
3728	22 
3729	20 
3730	16 
3731	2 
3732	20 
3733	18 
3734	31 
3735	19 
3736	16 
3737	6 
3738	30 
3739	10 
3740	3 
3741	30 
3742	32 
3743	23 
3744	30 
3745	1 
3746	31 
3747	7 
3748	10 
3749	26 
3750	4 
3751	22 
3752	9 
3753	5 
3754	29 
3755	25 
3756	15 
3757	20 
3758	18 
3759	21 
3760	4 
3761	21 
3762	27 
3763	2 
3764	4 
3765	31 
3766	18 
3767	12 
3768	5 
3769	31 
3770	8 
3771	14 
3772	29 
3773	16 
3774	2 
3775	9 
3776	18 
3777	19 
3778	26 
3779	9 
3780	6 
3781	9 
3782	3 
3783	13 
3784	22 
3785	8 
3786	4 
3787	7 
3788	2 
3789	30 
3790	4 
3791	32 
3792	3 
3793	10 
3794	9 
3795	19 
3796	8 
3797	6 
3798	5 
3799	22 
3800	4 
3801	30 
3802	11 
3803	25 
3804	21 
3805	5 
3806	30 
3807	10 
3808	7 
3809	29 
3810	16 
3811	6 
3812	26 
3813	29 
3814	7 
3815	6 
3816	15 
3817	19 
3818	8 
3819	9 
3820	19 
3821	21 
3822	17 
3823	29 
3824	22 
3825	11 
3826	29 
3827	26 
3828	19 
3829	3 
3830	20 
3831	12 
3832	14 
3833	17 
3834	21 
3835	8 
3836	19 
3837	1 
3838	5 
3839	22 
3840	15 
3841	15 
3842	5 
3843	19 
3844	26 
3845	8 
3846	24 
3847	28 
3848	31 
3849	1 
3850	28 
3851	32 
3852	16 
3853	24 
3854	15 
3855	14 
3856	29 
3857	23 
3858	2 
3859	3 
3860	11 
3861	4 
3862	12 
3863	20 
3864	11 
3865	30 
3866	21 
3867	19 
3868	25 
3869	31 
3870	20 
3871	15 
3872	30 
3873	21 
3874	31 
3875	4 
3876	20 
3877	2 
3878	14 
3879	6 
3880	9 
3881	15 
3882	4 
3883	29 
3884	14 
3885	8 
3886	32 
3887	22 
3888	5 
3889	10 
3890	8 
3891	12 
3892	5 
3893	20 
3894	29 
3895	1 
3896	5 
3897	8 
3898	12 
3899	8 
3900	20 
3901	6 
3902	21 
3903	32 
3904	24 
3905	1 
3906	11 
3907	31 
3908	17 
3909	23 
3910	26 
3911	2 
3912	32 
3913	22 
3914	27 
3915	22 
3916	26 
3917	22 
3918	1 
3919	21 
3920	1 
3921	17 
3922	23 
3923	19 
3924	29 
3925	18 
3926	13 
3927	5 
3928	26 
3929	31 
3930	4 
3931	1 
3932	31 
3933	7 
3934	31 
3935	3 
3936	4 
3937	21 
3938	29 
3939	31 
3940	29 
3941	12 
3942	29 
3943	2 
3944	30 
3945	13 
3946	28 
3947	1 
3948	28 
3949	7 
3950	25 
3951	1 
3952	32 
3953	15 
3954	3 
3955	25 
3956	25 
3957	6 
3958	26 
3959	3 
3960	2 
3961	24 
3962	13 
3963	3 
3964	18 
3965	13 
3966	25 
3967	31 
3968	30 
3969	19 
3970	29 
3971	25 
3972	21 
3973	13 
3974	10 
3975	8 
3976	18 
3977	25 
3978	27 
3979	9 
3980	10 
3981	21 
3982	32 
3983	30 
3984	24 
3985	7 
3986	22 
3987	29 
3988	14 
3989	16 
3990	20 
3991	11 
3992	11 
3993	22 
3994	27 
3995	25 
3996	11 
3997	9 
3998	10 
3999	10 
4000	30 
4001	18 
4002	25 
4003	19 
4004	29 
4005	31 
4006	7 
4007	13 
4008	26 
4009	3 
4010	15 
4011	14 
4012	23 
4013	25 
4014	25 
4015	32 
4016	2 
4017	19 
4018	26 
4019	7 
4020	14 
4021	25 
4022	2 
4023	28 
4024	22 
4025	3 
4026	25 
4027	8 
4028	27 
4029	9 
4030	10 
4031	10 
4032	20 
4033	32 
4034	5 
4035	5 
4036	1 
4037	27 
4038	9 
4039	4 
4040	17 
4041	6 
4042	29 
4043	13 
4044	27 
4045	32 
4046	23 
4047	13 
4048	1 
4049	18 
4050	5 
4051	14 
4052	28 
4053	30 
4054	16 
4055	6 
4056	10 
4057	24 
4058	23 
4059	9 
4060	25 
4061	3 
4062	12 
4063	28 
4064	32 
4065	23 
4066	3 
4067	12 
4068	17 
4069	28 
4070	14 
4071	23 
4072	4 
4073	31 
4074	27 
4075	6 
4076	31 
4077	8 
4078	1 
4079	14 
4080	22 
4081	18 
4082	32 
4083	15 
4084	19 
4085	7 
4086	31 
4087	29 
4088	22 
4089	11 
4090	31 
4091	9 
4092	12 
4093	15 
4094	28 
4095	31 
4096	18 
4097	26 
4098	20 
4099	6 
4100	23 
4101	20 
4102	6 
4103	11 
4104	9 
4105	15 
4106	29 
4107	13 
4108	5 
4109	18 
4110	15 
4111	26 
4112	2 
4113	27 
4114	26 
4115	12 
4116	4 
4117	17 
4118	12 
4119	25 
4120	9 
4121	8 
4122	4 
4123	13 
4124	26 
4125	23 
4126	11 
4127	20 
4128	26 
4129	21 
4130	10 
4131	32 
4132	14 
4133	2 
4134	25 
4135	31 
4136	23 
4137	6 
4138	12 
4139	26 
4140	20 
4141	32 
4142	30 
4143	3 
4144	11 
4145	3 
4146	10 
4147	3 
4148	16 
4149	10 
4150	14 
4151	14 
4152	27 
4153	14 
4154	19 
4155	21 
4156	20 
4157	10 
4158	19 
4159	31 
4160	21 
4161	9 
4162	22 
4163	7 
4164	15 
4165	18 
4166	28 
4167	27 
4168	19 
4169	23 
4170	12 
4171	22 
4172	20 
4173	27 
4174	25 
4175	6 
4176	2 
4177	30 
4178	3 
4179	31 
4180	9 
4181	15 
4182	32 
4183	1 
4184	27 
4185	2 
4186	20 
4187	7 
4188	26 
4189	1 
4190	14 
4191	2 
4192	20 
4193	29 
4194	10 
4195	26 
4196	31 
4197	19 
4198	8 
4199	31 
4200	17 
4201	13 
4202	10 
4203	8 
4204	20 
4205	5 
4206	22 
4207	6 
4208	5 
4209	18 
4210	4 
4211	29 
4212	19 
4213	4 
4214	5 
4215	1 
4216	29 
4217	15 
4218	15 
4219	9 
4220	20 
4221	1 
4222	2 
4223	2 
4224	28 
4225	14 
4226	23 
4227	22 
4228	19 
4229	23 
4230	22 
4231	3 
4232	32 
4233	25 
4234	29 
4235	1 
4236	24 
4237	5 
4238	31 
4239	25 
4240	14 
4241	30 
4242	27 
4243	23 
4244	13 
4245	9 
4246	7 
4247	9 
4248	8 
4249	9 
4250	16 
4251	26 
4252	26 
4253	9 
4254	12 
4255	10 
4256	17 
4257	32 
4258	31 
4259	5 
4260	22 
4261	17 
4262	8 
4263	10 
4264	7 
4265	11 
4266	23 
4267	20 
4268	25 
4269	30 
4270	16 
4271	24 
4272	8 
4273	22 
4274	15 
4275	30 
4276	9 
4277	4 
4278	32 
4279	18 
4280	30 
4281	22 
4282	26 
4283	16 
4284	4 
4285	1 
4286	25 
4287	9 
4288	21 
4289	3 
4290	3 
4291	16 
4292	11 
4293	1 
4294	29 
4295	23 
4296	26 
4297	12 
4298	10 
4299	9 
4300	18 
4301	19 
4302	17 
4303	2 
4304	22 
4305	14 
4306	21 
4307	14 
4308	14 
4309	27 
4310	2 
4311	21 
4312	19 
4313	20 
4314	5 
4315	13 
4316	25 
4317	8 
4318	8 
4319	24 
4320	31 
4321	17 
4322	29 
4323	15 
4324	7 
4325	26 
4326	14 
4327	16 
4328	20 
4329	7 
4330	10 
4331	19 
4332	8 
4333	26 
4334	23 
4335	23 
4336	24 
4337	3 
4338	17 
4339	15 
4340	13 
4341	30 
4342	27 
4343	23 
4344	25 
4345	1 
4346	31 
4347	25 
4348	2 
4349	1 
4350	19 
4351	6 
4352	19 
4353	18 
4354	6 
4355	11 
4356	28 
4357	30 
4358	23 
4359	12 
4360	26 
4361	8 
4362	13 
4363	2 
4364	10 
4365	20 
4366	7 
4367	29 
4368	18 
4369	23 
4370	9 
4371	3 
4372	7 
4373	25 
4374	29 
4375	16 
4376	18 
4377	30 
4378	6 
4379	18 
4380	3 
4381	26 
4382	1 
4383	17 
4384	15 
4385	22 
4386	28 
4387	7 
4388	24 
4389	6 
4390	3 
4391	11 
4392	5 
4393	5 
4394	12 
4395	19 
4396	4 
4397	15 
4398	15 
4399	2 
4400	3 
4401	11 
4402	29 
4403	25 
4404	14 
4405	22 
4406	2 
4407	9 
4408	2 
4409	5 
4410	15 
4411	31 
4412	16 
4413	19 
4414	19 
4415	22 
4416	8 
4417	15 
4418	12 
4419	12 
4420	15 
4421	21 
4422	20 
4423	20 
4424	5 
4425	3 
4426	31 
4427	14 
4428	26 
4429	1 
4430	32 
4431	26 
4432	16 
4433	9 
4434	7 
4435	4 
4436	26 
4437	21 
4438	17 
4439	16 
4440	9 
4441	27 
4442	1 
4443	26 
4444	29 
4445	26 
4446	26 
4447	3 
4448	21 
4449	25 
4450	4 
4451	6 
4452	10 
4453	1 
4454	15 
4455	6 
4456	9 
4457	6 
4458	11 
4459	26 
4460	23 
4461	24 
4462	10 
4463	6 
4464	7 
4465	3 
4466	10 
4467	31 
4468	19 
4469	24 
4470	4 
4471	28 
4472	19 
4473	24 
4474	28 
4475	21 
4476	14 
4477	1 
4478	17 
4479	26 
4480	12 
4481	28 
4482	1 
4483	28 
4484	1 
4485	18 
4486	28 
4487	28 
4488	21 
4489	26 
4490	5 
4491	5 
4492	2 
4493	6 
4494	1 
4495	14 
4496	3 
4497	32 
4498	29 
4499	14 
4500	23 
4501	32 
4502	2 
4503	16 
4504	10 
4505	29 
4506	18 
4507	10 
4508	31 
4509	3 
4510	30 
4511	18 
4512	31 
4513	16 
4514	10 
4515	13 
4516	22 
4517	20 
4518	26 
4519	25 
4520	11 
4521	4 
4522	2 
4523	20 
4524	9 
4525	12 
4526	13 
4527	19 
4528	27 
4529	5 
4530	20 
4531	9 
4532	4 
4533	11 
4534	6 
4535	1 
4536	1 
4537	4 
4538	6 
4539	12 
4540	24 
4541	6 
4542	7 
4543	24 
4544	11 
4545	7 
4546	22 
4547	28 
4548	20 
4549	8 
4550	18 
4551	9 
4552	7 
4553	20 
4554	32 
4555	15 
4556	9 
4557	2 
4558	1 
4559	26 
4560	31 
4561	6 
4562	9 
4563	27 
4564	21 
4565	6 
4566	28 
4567	12 
4568	12 
4569	31 
4570	29 
4571	16 
4572	31 
4573	14 
4574	29 
4575	32 
4576	20 
4577	6 
4578	10 
4579	12 
4580	29 
4581	31 
4582	20 
4583	3 
4584	12 
4585	15 
4586	26 
4587	20 
4588	2 
4589	20 
4590	19 
4591	22 
4592	21 
4593	26 
4594	13 
4595	29 
4596	17 
4597	6 
4598	2 
4599	8 
4600	5 
4601	10 
4602	1 
4603	27 
4604	31 
4605	26 
4606	4 
4607	32 
4608	19 
4609	16 
4610	19 
4611	6 
4612	15 
4613	29 
4614	25 
4615	19 
4616	28 
4617	29 
4618	29 
4619	25 
4620	11 
4621	32 
4622	11 
4623	30 
4624	9 
4625	5 
4626	5 
4627	6 
4628	13 
4629	16 
4630	9 
4631	8 
4632	7 
4633	7 
4634	18 
4635	8 
4636	2 
4637	24 
4638	27 
4639	8 
4640	29 
4641	9 
4642	27 
4643	19 
4644	18 
4645	8 
4646	16 
4647	24 
4648	18 
4649	12 
4650	9 
4651	9 
4652	19 
4653	24 
4654	13 
4655	21 
4656	25 
4657	8 
4658	11 
4659	26 
4660	13 
4661	8 
4662	29 
4663	1 
4664	6 
4665	22 
4666	2 
4667	19 
4668	12 
4669	1 
4670	12 
4671	15 
4672	29 
4673	19 
4674	30 
4675	9 
4676	10 
4677	31 
4678	23 
4679	10 
4680	6 
4681	31 
4682	9 
4683	4 
4684	29 
4685	4 
4686	5 
4687	5 
4688	3 
4689	24 
4690	6 
4691	14 
4692	26 
4693	24 
4694	6 
4695	1 
4696	9 
4697	26 
4698	32 
4699	18 
4700	32 
4701	5 
4702	28 
4703	16 
4704	8 
4705	22 
4706	24 
4707	6 
4708	27 
4709	23 
4710	18 
4711	22 
4712	13 
4713	15 
4714	15 
4715	2 
4716	24 
4717	32 
4718	29 
4719	10 
4720	14 
4721	27 
4722	20 
4723	8 
4724	5 
4725	15 
4726	2 
4727	27 
4728	26 
4729	32 
4730	14 
4731	20 
4732	25 
4733	4 
4734	31 
4735	14 
4736	23 
4737	28 
4738	31 
4739	20 
4740	3 
4741	14 
4742	15 
4743	8 
4744	12 
4745	6 
4746	17 
4747	12 
4748	4 
4749	24 
4750	20 
4751	1 
4752	2 
4753	11 
4754	25 
4755	4 
4756	6 
4757	6 
4758	28 
4759	21 
4760	30 
4761	27 
4762	10 
4763	29 
4764	8 
4765	14 
4766	4 
4767	20 
4768	11 
4769	5 
4770	4 
4771	9 
4772	31 
4773	4 
4774	5 
4775	30 
4776	23 
4777	20 
4778	9 
4779	12 
4780	13 
4781	18 
4782	7 
4783	15 
4784	32 
4785	16 
4786	30 
4787	14 
4788	10 
4789	10 
4790	20 
4791	16 
4792	25 
4793	4 
4794	22 
4795	20 
4796	22 
4797	28 
4798	29 
4799	3 
4800	30 
4801	29 
4802	2 
4803	29 
4804	15 
4805	9 
4806	15 
4807	28 
4808	24 
4809	26 
4810	2 
4811	4 
4812	9 
4813	29 
4814	18 
4815	10 
4816	32 
4817	4 
4818	4 
4819	23 
4820	10 
4821	12 
4822	12 
4823	26 
4824	3 
4825	29 
4826	25 
4827	15 
4828	8 
4829	6 
4830	5 
4831	3 
4832	23 
4833	27 
4834	23 
4835	10 
4836	31 
4837	12 
4838	4 
4839	8 
4840	32 
4841	18 
4842	29 
4843	12 
4844	4 
4845	8 
4846	9 
4847	7 
4848	3 
4849	32 
4850	9 
4851	30 
4852	29 
4853	16 
4854	2 
4855	16 
4856	14 
4857	7 
4858	6 
4859	4 
4860	10 
4861	11 
4862	26 
4863	30 
4864	16 
4865	13 
4866	32 
4867	28 
4868	17 
4869	9 
4870	6 
4871	8 
4872	20 
4873	29 
4874	4 
4875	15 
4876	9 
4877	7 
4878	7 
4879	22 
4880	19 
4881	2 
4882	19 
4883	32 
4884	9 
4885	32 
4886	5 
4887	6 
4888	13 
4889	21 
4890	10 
4891	17 
4892	6 
4893	6 
4894	31 
4895	10 
4896	15 
4897	16 
4898	2 
4899	12 
4900	24 
4901	29 
4902	17 
4903	21 
4904	22 
4905	25 
4906	17 
4907	7 
4908	5 
4909	14 
4910	1 
4911	15 
4912	17 
4913	13 
4914	1 
4915	4 
4916	11 
4917	1 
4918	9 
4919	5 
4920	9 
4921	32 
4922	8 
4923	6 
4924	8 
4925	3 
4926	16 
4927	17 
4928	31 
4929	9 
4930	23 
4931	18 
4932	11 
4933	6 
4934	28 
4935	17 
4936	25 
4937	21 
4938	17 
4939	9 
4940	4 
4941	9 
4942	1 
4943	5 
4944	21 
4945	7 
4946	8 
4947	15 
4948	25 
4949	18 
4950	8 
4951	1 
4952	3 
4953	18 
4954	8 
4955	22 
4956	25 
4957	15 
4958	26 
4959	20 
4960	5 
4961	2 
4962	3 
4963	4 
4964	26 
4965	32 
4966	1 
4967	3 
4968	2 
4969	26 
4970	4 
4971	14 
4972	29 
4973	1 
4974	18 
4975	4 
4976	15 
4977	2 
4978	25 
4979	6 
4980	18 
4981	18 
4982	9 
4983	9 
4984	29 
4985	29 
4986	31 
4987	31 
4988	4 
4989	4 
4990	29 
4991	1 
4992	29 
4993	29 
4994	29 
4995	29 
4996	31 
4997	29 
4998	18 
4999	18 
5000	18 
