1	19 
2	26 
3	16 
4	10 
5	23 
6	2 
7	11 
8	16 
9	16 
10	1 
11	6 
12	26 
13	8 
14	15 
15	14 
16	25 
17	12 
18	16 
19	10 
20	14 
21	14 
22	10 
23	17 
24	8 
25	3 
26	18 
27	20 
28	23 
29	24 
30	24 
31	6 
32	5 
33	26 
34	7 
35	27 
36	8 
37	4 
38	18 
39	7 
40	15 
41	27 
42	21 
43	28 
44	27 
45	16 
46	11 
47	19 
48	18 
49	21 
50	19 
51	17 
52	11 
53	7 
54	20 
55	6 
56	17 
57	20 
58	11 
59	9 
60	19 
61	5 
62	3 
63	16 
64	27 
65	23 
66	22 
67	26 
68	10 
69	19 
70	3 
71	18 
72	2 
73	12 
74	11 
75	19 
76	23 
77	2 
78	2 
79	25 
80	12 
81	5 
82	12 
83	9 
84	18 
85	11 
86	12 
87	11 
88	26 
89	14 
90	18 
91	25 
92	16 
93	4 
94	12 
95	18 
96	5 
97	28 
98	15 
99	16 
100	27 
101	23 
102	15 
103	19 
104	1 
105	6 
106	13 
107	7 
108	25 
109	10 
110	17 
111	10 
112	8 
113	1 
114	13 
115	1 
116	5 
117	7 
118	3 
119	25 
120	27 
121	3 
122	26 
123	4 
124	25 
125	16 
126	3 
127	1 
128	14 
129	2 
130	16 
131	23 
132	22 
133	26 
134	14 
135	9 
136	19 
137	23 
138	25 
139	16 
140	22 
141	17 
142	17 
143	19 
144	11 
145	19 
146	26 
147	27 
148	3 
149	8 
150	10 
151	11 
152	26 
153	13 
154	20 
155	3 
156	1 
157	14 
158	2 
159	12 
160	4 
161	19 
162	7 
163	5 
164	4 
165	3 
166	11 
167	1 
168	2 
169	5 
170	22 
171	2 
172	6 
173	19 
174	1 
175	13 
176	10 
177	4 
178	19 
179	16 
180	15 
181	16 
182	19 
183	23 
184	8 
185	12 
186	2 
187	26 
188	19 
189	25 
190	9 
191	7 
192	24 
193	17 
194	21 
195	25 
196	17 
197	28 
198	5 
199	19 
200	10 
201	4 
202	17 
203	6 
204	26 
205	21 
206	7 
207	18 
208	26 
209	7 
210	3 
211	24 
212	25 
213	9 
214	13 
215	27 
216	20 
217	17 
218	20 
219	6 
220	25 
221	10 
222	13 
223	18 
224	14 
225	25 
226	2 
227	28 
228	13 
229	15 
230	1 
231	14 
232	5 
233	12 
234	20 
235	4 
236	5 
237	4 
238	26 
239	13 
240	14 
241	19 
242	22 
243	4 
244	28 
245	25 
246	26 
247	2 
248	15 
249	24 
250	12 
251	22 
252	18 
253	2 
254	19 
255	26 
256	7 
257	14 
258	25 
259	14 
260	10 
261	14 
262	22 
263	25 
264	21 
265	27 
266	11 
267	27 
268	22 
269	13 
270	26 
271	19 
272	17 
273	14 
274	9 
275	18 
276	12 
277	22 
278	27 
279	12 
280	6 
281	10 
282	11 
283	21 
284	6 
285	25 
286	22 
287	26 
288	17 
289	4 
290	17 
291	14 
292	9 
293	12 
294	24 
295	3 
296	22 
297	16 
298	1 
299	12 
300	2 
301	5 
302	19 
303	19 
304	27 
305	15 
306	17 
307	11 
308	12 
309	27 
310	1 
311	13 
312	5 
313	9 
314	5 
315	7 
316	9 
317	26 
318	12 
319	9 
320	19 
321	26 
322	12 
323	28 
324	21 
325	24 
326	27 
327	9 
328	18 
329	2 
330	21 
331	7 
332	7 
333	26 
334	9 
335	12 
336	7 
337	21 
338	25 
339	8 
340	21 
341	16 
342	10 
343	16 
344	13 
345	5 
346	17 
347	4 
348	22 
349	10 
350	9 
351	17 
352	13 
353	18 
354	18 
355	28 
356	22 
357	16 
358	7 
359	7 
360	12 
361	7 
362	1 
363	1 
364	4 
365	9 
366	20 
367	8 
368	4 
369	12 
370	6 
371	21 
372	23 
373	26 
374	20 
375	19 
376	7 
377	20 
378	4 
379	19 
380	25 
381	23 
382	5 
383	9 
384	20 
385	19 
386	28 
387	18 
388	22 
389	13 
390	15 
391	24 
392	16 
393	1 
394	10 
395	1 
396	14 
397	2 
398	12 
399	22 
400	22 
401	26 
402	20 
403	12 
404	7 
405	13 
406	10 
407	13 
408	17 
409	12 
410	2 
411	18 
412	9 
413	3 
414	28 
415	14 
416	19 
417	28 
418	5 
419	3 
420	4 
421	1 
422	25 
423	9 
424	26 
425	14 
426	6 
427	8 
428	19 
429	5 
430	21 
431	10 
432	26 
433	10 
434	4 
435	1 
436	17 
437	12 
438	11 
439	22 
440	22 
441	17 
442	21 
443	13 
444	17 
445	5 
446	24 
447	13 
448	25 
449	2 
450	14 
451	10 
452	20 
453	7 
454	4 
455	14 
456	28 
457	13 
458	16 
459	23 
460	9 
461	7 
462	13 
463	19 
464	14 
465	7 
466	18 
467	21 
468	25 
469	28 
470	5 
471	2 
472	20 
473	1 
474	4 
475	24 
476	16 
477	17 
478	23 
479	1 
480	14 
481	19 
482	23 
483	19 
484	20 
485	20 
486	20 
487	23 
488	4 
489	16 
490	25 
491	6 
492	18 
493	2 
494	3 
495	11 
496	3 
497	8 
498	3 
499	25 
500	20 
501	18 
502	12 
503	4 
504	19 
505	15 
506	22 
507	5 
508	28 
509	12 
510	14 
511	26 
512	14 
513	8 
514	18 
515	20 
516	24 
517	25 
518	24 
519	7 
520	22 
521	12 
522	21 
523	6 
524	27 
525	14 
526	22 
527	26 
528	7 
529	15 
530	26 
531	14 
532	11 
533	3 
534	27 
535	7 
536	11 
537	17 
538	20 
539	27 
540	25 
541	22 
542	11 
543	6 
544	1 
545	26 
546	28 
547	18 
548	21 
549	11 
550	1 
551	2 
552	13 
553	11 
554	2 
555	22 
556	13 
557	17 
558	12 
559	22 
560	12 
561	26 
562	14 
563	17 
564	9 
565	24 
566	5 
567	7 
568	20 
569	20 
570	27 
571	15 
572	12 
573	19 
574	11 
575	15 
576	4 
577	12 
578	7 
579	28 
580	26 
581	17 
582	1 
583	19 
584	15 
585	1 
586	13 
587	6 
588	19 
589	5 
590	27 
591	12 
592	24 
593	13 
594	27 
595	9 
596	3 
597	16 
598	15 
599	10 
600	7 
601	1 
602	11 
603	15 
604	15 
605	23 
606	18 
607	19 
608	14 
609	22 
610	21 
611	4 
612	10 
613	27 
614	6 
615	11 
616	22 
617	26 
618	14 
619	26 
620	1 
621	3 
622	11 
623	22 
624	20 
625	18 
626	2 
627	3 
628	10 
629	6 
630	9 
631	2 
632	7 
633	15 
634	4 
635	24 
636	15 
637	26 
638	1 
639	11 
640	19 
641	17 
642	28 
643	17 
644	2 
645	19 
646	19 
647	10 
648	11 
649	24 
650	19 
651	14 
652	18 
653	7 
654	14 
655	25 
656	12 
657	12 
658	1 
659	15 
660	20 
661	19 
662	27 
663	2 
664	4 
665	10 
666	12 
667	15 
668	6 
669	13 
670	13 
671	28 
672	13 
673	10 
674	4 
675	5 
676	20 
677	26 
678	27 
679	6 
680	23 
681	27 
682	22 
683	24 
684	5 
685	24 
686	13 
687	6 
688	16 
689	26 
690	3 
691	6 
692	25 
693	19 
694	1 
695	8 
696	15 
697	7 
698	27 
699	10 
700	22 
701	18 
702	5 
703	14 
704	1 
705	1 
706	25 
707	20 
708	18 
709	1 
710	16 
711	7 
712	18 
713	14 
714	6 
715	7 
716	22 
717	14 
718	4 
719	3 
720	8 
721	3 
722	7 
723	25 
724	14 
725	28 
726	15 
727	23 
728	22 
729	9 
730	16 
731	24 
732	22 
733	26 
734	21 
735	24 
736	13 
737	9 
738	23 
739	13 
740	1 
741	3 
742	24 
743	6 
744	22 
745	1 
746	22 
747	24 
748	15 
749	24 
750	25 
751	20 
752	7 
753	18 
754	9 
755	24 
756	10 
757	12 
758	2 
759	7 
760	2 
761	16 
762	21 
763	14 
764	26 
765	20 
766	5 
767	14 
768	5 
769	24 
770	27 
771	27 
772	3 
773	22 
774	12 
775	28 
776	26 
777	19 
778	26 
779	26 
780	24 
781	24 
782	5 
783	14 
784	26 
785	7 
786	14 
787	27 
788	27 
789	9 
790	22 
791	14 
792	28 
793	5 
794	2 
795	11 
796	23 
797	19 
798	3 
799	17 
800	6 
801	10 
802	26 
803	7 
804	28 
805	27 
806	26 
807	9 
808	4 
809	1 
810	18 
811	10 
812	27 
813	19 
814	25 
815	18 
816	26 
817	24 
818	15 
819	6 
820	8 
821	28 
822	8 
823	17 
824	9 
825	25 
826	4 
827	16 
828	20 
829	21 
830	28 
831	19 
832	23 
833	12 
834	19 
835	24 
836	11 
837	11 
838	10 
839	5 
840	2 
841	2 
842	19 
843	11 
844	2 
845	19 
846	16 
847	13 
848	25 
849	28 
850	18 
851	21 
852	8 
853	12 
854	27 
855	24 
856	13 
857	7 
858	23 
859	23 
860	16 
861	20 
862	26 
863	11 
864	8 
865	18 
866	24 
867	14 
868	20 
869	28 
870	24 
871	10 
872	9 
873	6 
874	25 
875	8 
876	24 
877	16 
878	12 
879	5 
880	1 
881	26 
882	6 
883	25 
884	24 
885	4 
886	4 
887	20 
888	2 
889	9 
890	21 
891	20 
892	23 
893	24 
894	12 
895	26 
896	23 
897	25 
898	8 
899	22 
900	3 
901	10 
902	2 
903	1 
904	21 
905	8 
906	11 
907	20 
908	17 
909	18 
910	11 
911	11 
912	21 
913	20 
914	19 
915	27 
916	10 
917	2 
918	7 
919	13 
920	13 
921	9 
922	10 
923	17 
924	22 
925	9 
926	28 
927	28 
928	20 
929	26 
930	16 
931	10 
932	19 
933	12 
934	3 
935	14 
936	24 
937	10 
938	19 
939	1 
940	5 
941	27 
942	17 
943	23 
944	26 
945	28 
946	25 
947	24 
948	24 
949	22 
950	14 
951	3 
952	28 
953	23 
954	16 
955	19 
956	11 
957	23 
958	7 
959	26 
960	17 
961	2 
962	19 
963	13 
964	25 
965	27 
966	21 
967	28 
968	23 
969	27 
970	3 
971	28 
972	26 
973	5 
974	5 
975	20 
976	23 
977	11 
978	25 
979	11 
980	28 
981	27 
982	2 
983	14 
984	14 
985	23 
986	5 
987	12 
988	20 
989	5 
990	10 
991	20 
992	18 
993	23 
994	26 
995	11 
996	3 
997	11 
998	28 
999	20 
1000	24 
1001	7 
1002	8 
1003	1 
1004	28 
1005	23 
1006	1 
1007	10 
1008	14 
1009	17 
1010	18 
1011	23 
1012	25 
1013	6 
1014	26 
1015	5 
1016	27 
1017	16 
1018	16 
1019	26 
1020	1 
1021	26 
1022	21 
1023	20 
1024	27 
1025	25 
1026	2 
1027	13 
1028	27 
1029	8 
1030	10 
1031	28 
1032	13 
1033	19 
1034	21 
1035	16 
1036	5 
1037	14 
1038	20 
1039	26 
1040	24 
1041	4 
1042	2 
1043	14 
1044	8 
1045	26 
1046	25 
1047	21 
1048	20 
1049	12 
1050	5 
1051	7 
1052	27 
1053	22 
1054	24 
1055	13 
1056	25 
1057	27 
1058	13 
1059	4 
1060	26 
1061	11 
1062	14 
1063	23 
1064	20 
1065	21 
1066	5 
1067	28 
1068	9 
1069	21 
1070	8 
1071	11 
1072	5 
1073	23 
1074	4 
1075	1 
1076	3 
1077	8 
1078	20 
1079	28 
1080	20 
1081	4 
1082	12 
1083	5 
1084	3 
1085	12 
1086	24 
1087	6 
1088	23 
1089	24 
1090	12 
1091	27 
1092	23 
1093	16 
1094	18 
1095	20 
1096	28 
1097	22 
1098	11 
1099	6 
1100	26 
1101	1 
1102	3 
1103	5 
1104	26 
1105	11 
1106	12 
1107	10 
1108	23 
1109	17 
1110	22 
1111	7 
1112	17 
1113	2 
1114	16 
1115	6 
1116	8 
1117	20 
1118	16 
1119	3 
1120	5 
1121	3 
1122	27 
1123	15 
1124	15 
1125	20 
1126	19 
1127	6 
1128	1 
1129	19 
1130	25 
1131	22 
1132	13 
1133	14 
1134	26 
1135	2 
1136	15 
1137	12 
1138	22 
1139	5 
1140	7 
1141	14 
1142	26 
1143	2 
1144	6 
1145	24 
1146	24 
1147	21 
1148	11 
1149	1 
1150	1 
1151	8 
1152	19 
1153	12 
1154	4 
1155	12 
1156	23 
1157	19 
1158	26 
1159	17 
1160	28 
1161	5 
1162	3 
1163	28 
1164	20 
1165	3 
1166	3 
1167	23 
1168	21 
1169	18 
1170	20 
1171	23 
1172	26 
1173	9 
1174	21 
1175	21 
1176	10 
1177	26 
1178	9 
1179	16 
1180	7 
1181	7 
1182	16 
1183	21 
1184	25 
1185	7 
1186	23 
1187	9 
1188	1 
1189	27 
1190	7 
1191	27 
1192	18 
1193	26 
1194	19 
1195	12 
1196	18 
1197	15 
1198	10 
1199	28 
1200	23 
1201	3 
1202	8 
1203	8 
1204	5 
1205	10 
1206	25 
1207	24 
1208	3 
1209	24 
1210	3 
1211	5 
1212	2 
1213	26 
1214	16 
1215	22 
1216	15 
1217	1 
1218	5 
1219	22 
1220	24 
1221	13 
1222	26 
1223	22 
1224	14 
1225	18 
1226	24 
1227	26 
1228	14 
1229	27 
1230	26 
1231	25 
1232	24 
1233	14 
1234	18 
1235	21 
1236	24 
1237	25 
1238	17 
1239	7 
1240	25 
1241	21 
1242	5 
1243	6 
1244	15 
1245	6 
1246	26 
1247	24 
1248	21 
1249	19 
1250	15 
1251	1 
1252	15 
1253	18 
1254	28 
1255	17 
1256	16 
1257	4 
1258	10 
1259	18 
1260	13 
1261	7 
1262	18 
1263	13 
1264	16 
1265	1 
1266	16 
1267	3 
1268	17 
1269	18 
1270	8 
1271	4 
1272	14 
1273	20 
1274	14 
1275	7 
1276	15 
1277	6 
1278	8 
1279	2 
1280	23 
1281	26 
1282	16 
1283	13 
1284	3 
1285	19 
1286	28 
1287	19 
1288	28 
1289	20 
1290	19 
1291	23 
1292	12 
1293	3 
1294	22 
1295	2 
1296	11 
1297	2 
1298	2 
1299	2 
1300	20 
1301	20 
1302	6 
1303	20 
1304	23 
1305	20 
1306	15 
1307	13 
1308	25 
1309	28 
1310	23 
1311	17 
1312	26 
1313	25 
1314	2 
1315	5 
1316	6 
1317	15 
1318	21 
1319	27 
1320	14 
1321	21 
1322	12 
1323	17 
1324	21 
1325	8 
1326	10 
1327	18 
1328	28 
1329	18 
1330	10 
1331	19 
1332	7 
1333	16 
1334	14 
1335	4 
1336	9 
1337	6 
1338	8 
1339	18 
1340	14 
1341	12 
1342	14 
1343	24 
1344	23 
1345	26 
1346	17 
1347	1 
1348	9 
1349	23 
1350	4 
1351	19 
1352	24 
1353	13 
1354	19 
1355	13 
1356	23 
1357	12 
1358	1 
1359	1 
1360	14 
1361	22 
1362	14 
1363	16 
1364	14 
1365	7 
1366	13 
1367	1 
1368	14 
1369	8 
1370	17 
1371	5 
1372	5 
1373	1 
1374	5 
1375	19 
1376	28 
1377	27 
1378	3 
1379	13 
1380	27 
1381	27 
1382	16 
1383	10 
1384	21 
1385	18 
1386	24 
1387	25 
1388	27 
1389	25 
1390	26 
1391	1 
1392	19 
1393	2 
1394	17 
1395	28 
1396	12 
1397	20 
1398	7 
1399	22 
1400	23 
1401	2 
1402	15 
1403	5 
1404	13 
1405	17 
1406	11 
1407	26 
1408	25 
1409	28 
1410	15 
1411	20 
1412	18 
1413	11 
1414	5 
1415	6 
1416	22 
1417	12 
1418	10 
1419	5 
1420	26 
1421	10 
1422	19 
1423	11 
1424	5 
1425	15 
1426	21 
1427	22 
1428	4 
1429	1 
1430	28 
1431	25 
1432	23 
1433	24 
1434	27 
1435	1 
1436	22 
1437	23 
1438	7 
1439	12 
1440	11 
1441	11 
1442	2 
1443	22 
1444	27 
1445	18 
1446	20 
1447	26 
1448	16 
1449	7 
1450	21 
1451	12 
1452	10 
1453	22 
1454	28 
1455	5 
1456	8 
1457	9 
1458	23 
1459	28 
1460	1 
1461	15 
1462	25 
1463	23 
1464	4 
1465	1 
1466	25 
1467	16 
1468	7 
1469	4 
1470	23 
1471	5 
1472	9 
1473	23 
1474	10 
1475	12 
1476	13 
1477	10 
1478	17 
1479	22 
1480	19 
1481	26 
1482	25 
1483	6 
1484	21 
1485	20 
1486	23 
1487	21 
1488	21 
1489	8 
1490	13 
1491	2 
1492	16 
1493	14 
1494	4 
1495	10 
1496	7 
1497	17 
1498	8 
1499	24 
1500	24 
1501	27 
1502	9 
1503	25 
1504	17 
1505	10 
1506	7 
1507	28 
1508	12 
1509	22 
1510	19 
1511	24 
1512	16 
1513	7 
1514	1 
1515	25 
1516	8 
1517	7 
1518	1 
1519	24 
1520	7 
1521	10 
1522	20 
1523	2 
1524	20 
1525	20 
1526	15 
1527	1 
1528	12 
1529	25 
1530	21 
1531	27 
1532	19 
1533	17 
1534	15 
1535	14 
1536	12 
1537	12 
1538	20 
1539	7 
1540	20 
1541	10 
1542	8 
1543	25 
1544	4 
1545	15 
1546	2 
1547	2 
1548	13 
1549	18 
1550	22 
1551	12 
1552	25 
1553	18 
1554	27 
1555	19 
1556	22 
1557	14 
1558	23 
1559	2 
1560	14 
1561	1 
1562	10 
1563	28 
1564	19 
1565	13 
1566	27 
1567	6 
1568	19 
1569	12 
1570	22 
1571	10 
1572	22 
1573	5 
1574	4 
1575	8 
1576	23 
1577	28 
1578	14 
1579	20 
1580	4 
1581	8 
1582	25 
1583	1 
1584	26 
1585	23 
1586	21 
1587	9 
1588	19 
1589	26 
1590	7 
1591	21 
1592	10 
1593	7 
1594	27 
1595	8 
1596	26 
1597	8 
1598	1 
1599	21 
1600	28 
1601	12 
1602	23 
1603	7 
1604	17 
1605	27 
1606	4 
1607	4 
1608	2 
1609	11 
1610	28 
1611	12 
1612	12 
1613	23 
1614	11 
1615	23 
1616	7 
1617	25 
1618	19 
1619	21 
1620	9 
1621	10 
1622	1 
1623	27 
1624	28 
1625	15 
1626	8 
1627	5 
1628	7 
1629	23 
1630	7 
1631	9 
1632	23 
1633	13 
1634	4 
1635	20 
1636	3 
1637	4 
1638	14 
1639	20 
1640	23 
1641	11 
1642	4 
1643	10 
1644	13 
1645	10 
1646	10 
1647	8 
1648	13 
1649	19 
1650	5 
1651	20 
1652	17 
1653	16 
1654	2 
1655	21 
1656	26 
1657	5 
1658	16 
1659	23 
1660	12 
1661	1 
1662	18 
1663	22 
1664	18 
1665	28 
1666	6 
1667	23 
1668	20 
1669	20 
1670	6 
1671	14 
1672	1 
1673	9 
1674	14 
1675	16 
1676	2 
1677	12 
1678	25 
1679	18 
1680	25 
1681	18 
1682	22 
1683	5 
1684	6 
1685	7 
1686	9 
1687	16 
1688	20 
1689	25 
1690	14 
1691	24 
1692	19 
1693	28 
1694	27 
1695	3 
1696	23 
1697	15 
1698	4 
1699	27 
1700	8 
1701	5 
1702	24 
1703	7 
1704	3 
1705	28 
1706	9 
1707	3 
1708	4 
1709	13 
1710	10 
1711	12 
1712	26 
1713	19 
1714	23 
1715	28 
1716	28 
1717	4 
1718	25 
1719	26 
1720	28 
1721	12 
1722	9 
1723	21 
1724	20 
1725	3 
1726	25 
1727	26 
1728	9 
1729	11 
1730	4 
1731	11 
1732	4 
1733	7 
1734	4 
1735	24 
1736	16 
1737	24 
1738	1 
1739	20 
1740	11 
1741	24 
1742	15 
1743	16 
1744	26 
1745	26 
1746	7 
1747	5 
1748	10 
1749	22 
1750	17 
1751	1 
1752	19 
1753	9 
1754	19 
1755	7 
1756	19 
1757	5 
1758	19 
1759	7 
1760	17 
1761	27 
1762	18 
1763	17 
1764	21 
1765	8 
1766	13 
1767	28 
1768	22 
1769	14 
1770	4 
1771	13 
1772	26 
1773	3 
1774	2 
1775	1 
1776	15 
1777	13 
1778	2 
1779	19 
1780	10 
1781	23 
1782	23 
1783	24 
1784	5 
1785	20 
1786	16 
1787	8 
1788	23 
1789	4 
1790	21 
1791	16 
1792	1 
1793	1 
1794	27 
1795	15 
1796	23 
1797	14 
1798	19 
1799	28 
1800	28 
1801	20 
1802	18 
1803	25 
1804	12 
1805	25 
1806	3 
1807	26 
1808	4 
1809	6 
1810	14 
1811	6 
1812	13 
1813	13 
1814	24 
1815	13 
1816	18 
1817	25 
1818	25 
1819	3 
1820	7 
1821	22 
1822	7 
1823	8 
1824	2 
1825	8 
1826	28 
1827	27 
1828	21 
1829	1 
1830	16 
1831	20 
1832	18 
1833	9 
1834	7 
1835	12 
1836	25 
1837	21 
1838	17 
1839	27 
1840	5 
1841	11 
1842	3 
1843	14 
1844	21 
1845	2 
1846	3 
1847	13 
1848	1 
1849	23 
1850	4 
1851	6 
1852	11 
1853	10 
1854	15 
1855	16 
1856	7 
1857	25 
1858	15 
1859	2 
1860	21 
1861	12 
1862	27 
1863	5 
1864	4 
1865	20 
1866	26 
1867	17 
1868	13 
1869	22 
1870	1 
1871	14 
1872	13 
1873	18 
1874	26 
1875	21 
1876	8 
1877	26 
1878	4 
1879	9 
1880	23 
1881	2 
1882	16 
1883	2 
1884	18 
1885	14 
1886	18 
1887	20 
1888	14 
1889	23 
1890	17 
1891	17 
1892	20 
1893	15 
1894	23 
1895	28 
1896	4 
1897	15 
1898	3 
1899	19 
1900	21 
1901	19 
1902	4 
1903	14 
1904	21 
1905	16 
1906	15 
1907	10 
1908	5 
1909	3 
1910	16 
1911	10 
1912	11 
1913	6 
1914	6 
1915	5 
1916	8 
1917	20 
1918	7 
1919	3 
1920	28 
1921	2 
1922	1 
1923	7 
1924	24 
1925	22 
1926	12 
1927	12 
1928	18 
1929	14 
1930	28 
1931	28 
1932	15 
1933	10 
1934	6 
1935	28 
1936	18 
1937	23 
1938	9 
1939	23 
1940	1 
1941	17 
1942	7 
1943	13 
1944	6 
1945	14 
1946	2 
1947	11 
1948	15 
1949	23 
1950	13 
1951	27 
1952	21 
1953	4 
1954	11 
1955	14 
1956	7 
1957	5 
1958	6 
1959	22 
1960	8 
1961	2 
1962	9 
1963	11 
1964	1 
1965	3 
1966	6 
1967	19 
1968	26 
1969	21 
1970	17 
1971	9 
1972	20 
1973	13 
1974	14 
1975	15 
1976	18 
1977	19 
1978	16 
1979	26 
1980	22 
1981	7 
1982	12 
1983	18 
1984	23 
1985	2 
1986	8 
1987	5 
1988	8 
1989	15 
1990	14 
1991	4 
1992	14 
1993	19 
1994	16 
1995	12 
1996	27 
1997	5 
1998	12 
1999	24 
2000	25 
2001	14 
2002	19 
2003	13 
2004	23 
2005	3 
2006	15 
2007	1 
2008	2 
2009	3 
2010	17 
2011	17 
2012	25 
2013	7 
2014	5 
2015	4 
2016	21 
2017	23 
2018	3 
2019	13 
2020	26 
2021	16 
2022	7 
2023	25 
2024	14 
2025	26 
2026	6 
2027	6 
2028	20 
2029	25 
2030	3 
2031	28 
2032	25 
2033	21 
2034	13 
2035	6 
2036	20 
2037	20 
2038	21 
2039	5 
2040	12 
2041	4 
2042	12 
2043	15 
2044	28 
2045	28 
2046	6 
2047	19 
2048	21 
2049	14 
2050	5 
2051	13 
2052	14 
2053	8 
2054	7 
2055	11 
2056	16 
2057	15 
2058	6 
2059	6 
2060	11 
2061	7 
2062	15 
2063	5 
2064	19 
2065	22 
2066	26 
2067	14 
2068	7 
2069	16 
2070	1 
2071	14 
2072	14 
2073	20 
2074	12 
2075	23 
2076	14 
2077	10 
2078	28 
2079	25 
2080	1 
2081	19 
2082	12 
2083	3 
2084	19 
2085	16 
2086	12 
2087	13 
2088	10 
2089	5 
2090	10 
2091	8 
2092	14 
2093	7 
2094	21 
2095	11 
2096	20 
2097	22 
2098	16 
2099	25 
2100	25 
2101	3 
2102	21 
2103	11 
2104	16 
2105	25 
2106	21 
2107	13 
2108	5 
2109	19 
2110	20 
2111	28 
2112	25 
2113	5 
2114	28 
2115	18 
2116	1 
2117	19 
2118	7 
2119	9 
2120	9 
2121	26 
2122	22 
2123	28 
2124	28 
2125	1 
2126	8 
2127	22 
2128	19 
2129	8 
2130	22 
2131	28 
2132	16 
2133	14 
2134	8 
2135	7 
2136	7 
2137	3 
2138	22 
2139	2 
2140	19 
2141	1 
2142	1 
2143	12 
2144	20 
2145	21 
2146	7 
2147	23 
2148	28 
2149	21 
2150	19 
2151	1 
2152	22 
2153	10 
2154	19 
2155	4 
2156	7 
2157	3 
2158	3 
2159	11 
2160	15 
2161	1 
2162	21 
2163	5 
2164	8 
2165	22 
2166	26 
2167	22 
2168	14 
2169	25 
2170	17 
2171	12 
2172	21 
2173	13 
2174	22 
2175	23 
2176	1 
2177	25 
2178	23 
2179	5 
2180	22 
2181	7 
2182	7 
2183	24 
2184	4 
2185	20 
2186	9 
2187	3 
2188	5 
2189	13 
2190	15 
2191	4 
2192	7 
2193	14 
2194	2 
2195	12 
2196	3 
2197	4 
2198	10 
2199	21 
2200	3 
2201	27 
2202	22 
2203	26 
2204	10 
2205	23 
2206	5 
2207	25 
2208	14 
2209	11 
2210	12 
2211	28 
2212	17 
2213	10 
2214	20 
2215	17 
2216	10 
2217	22 
2218	17 
2219	2 
2220	19 
2221	19 
2222	19 
2223	13 
2224	20 
2225	10 
2226	4 
2227	14 
2228	25 
2229	15 
2230	26 
2231	20 
2232	12 
2233	20 
2234	4 
2235	24 
2236	14 
2237	12 
2238	7 
2239	3 
2240	1 
2241	27 
2242	27 
2243	7 
2244	9 
2245	10 
2246	12 
2247	9 
2248	23 
2249	23 
2250	15 
2251	25 
2252	27 
2253	19 
2254	25 
2255	20 
2256	3 
2257	28 
2258	28 
2259	2 
2260	5 
2261	3 
2262	24 
2263	7 
2264	14 
2265	28 
2266	8 
2267	10 
2268	11 
2269	5 
2270	18 
2271	23 
2272	23 
2273	28 
2274	25 
2275	25 
2276	28 
2277	26 
2278	2 
2279	21 
2280	21 
2281	24 
2282	1 
2283	5 
2284	19 
2285	15 
2286	5 
2287	9 
2288	27 
2289	6 
2290	27 
2291	14 
2292	2 
2293	6 
2294	20 
2295	14 
2296	10 
2297	12 
2298	1 
2299	5 
2300	14 
2301	7 
2302	10 
2303	23 
2304	21 
2305	10 
2306	21 
2307	8 
2308	28 
2309	4 
2310	10 
2311	5 
2312	2 
2313	19 
2314	27 
2315	8 
2316	6 
2317	12 
2318	25 
2319	6 
2320	28 
2321	26 
2322	19 
2323	7 
2324	13 
2325	15 
2326	25 
2327	12 
2328	20 
2329	14 
2330	12 
2331	6 
2332	20 
2333	15 
2334	11 
2335	9 
2336	7 
2337	6 
2338	10 
2339	7 
2340	17 
2341	13 
2342	14 
2343	4 
2344	28 
2345	16 
2346	9 
2347	8 
2348	13 
2349	21 
2350	2 
2351	9 
2352	5 
2353	20 
2354	7 
2355	14 
2356	6 
2357	2 
2358	16 
2359	25 
2360	5 
2361	1 
2362	7 
2363	23 
2364	19 
2365	24 
2366	1 
2367	28 
2368	12 
2369	14 
2370	25 
2371	24 
2372	14 
2373	9 
2374	8 
2375	6 
2376	25 
2377	28 
2378	15 
2379	8 
2380	1 
2381	7 
2382	7 
2383	26 
2384	27 
2385	6 
2386	20 
2387	19 
2388	18 
2389	26 
2390	1 
2391	2 
2392	4 
2393	26 
2394	12 
2395	21 
2396	4 
2397	19 
2398	3 
2399	20 
2400	7 
2401	9 
2402	22 
2403	18 
2404	16 
2405	24 
2406	24 
2407	27 
2408	21 
2409	7 
2410	25 
2411	28 
2412	21 
2413	26 
2414	2 
2415	21 
2416	20 
2417	8 
2418	10 
2419	23 
2420	12 
2421	26 
2422	3 
2423	21 
2424	12 
2425	27 
2426	1 
2427	21 
2428	6 
2429	10 
2430	27 
2431	7 
2432	5 
2433	5 
2434	10 
2435	14 
2436	19 
2437	6 
2438	24 
2439	11 
2440	9 
2441	20 
2442	6 
2443	5 
2444	17 
2445	12 
2446	1 
2447	7 
2448	13 
2449	10 
2450	25 
2451	5 
2452	16 
2453	8 
2454	14 
2455	26 
2456	1 
2457	19 
2458	25 
2459	5 
2460	20 
2461	4 
2462	27 
2463	23 
2464	26 
2465	28 
2466	13 
2467	24 
2468	20 
2469	19 
2470	28 
2471	15 
2472	24 
2473	22 
2474	22 
2475	1 
2476	9 
2477	3 
2478	1 
2479	17 
2480	22 
2481	13 
2482	1 
2483	5 
2484	25 
2485	26 
2486	18 
2487	6 
2488	20 
2489	1 
2490	19 
2491	8 
2492	23 
2493	26 
2494	28 
2495	23 
2496	13 
2497	5 
2498	27 
2499	1 
2500	24 
2501	2 
2502	15 
2503	9 
2504	4 
2505	28 
2506	19 
2507	7 
2508	7 
2509	3 
2510	23 
2511	21 
2512	8 
2513	20 
2514	19 
2515	4 
2516	5 
2517	7 
2518	24 
2519	18 
2520	2 
2521	27 
2522	21 
2523	11 
2524	27 
2525	7 
2526	7 
2527	9 
2528	1 
2529	20 
2530	19 
2531	11 
2532	2 
2533	25 
2534	4 
2535	15 
2536	7 
2537	28 
2538	11 
2539	25 
2540	13 
2541	20 
2542	11 
2543	22 
2544	18 
2545	28 
2546	12 
2547	25 
2548	7 
2549	10 
2550	24 
2551	22 
2552	25 
2553	5 
2554	17 
2555	2 
2556	12 
2557	9 
2558	21 
2559	6 
2560	19 
2561	26 
2562	26 
2563	28 
2564	27 
2565	26 
2566	16 
2567	24 
2568	20 
2569	15 
2570	9 
2571	27 
2572	24 
2573	9 
2574	17 
2575	23 
2576	17 
2577	6 
2578	1 
2579	11 
2580	25 
2581	25 
2582	8 
2583	16 
2584	28 
2585	26 
2586	22 
2587	7 
2588	27 
2589	13 
2590	9 
2591	4 
2592	12 
2593	28 
2594	14 
2595	14 
2596	5 
2597	23 
2598	10 
2599	11 
2600	5 
2601	2 
2602	14 
2603	16 
2604	6 
2605	5 
2606	17 
2607	20 
2608	13 
2609	5 
2610	1 
2611	15 
2612	15 
2613	12 
2614	16 
2615	27 
2616	24 
2617	24 
2618	23 
2619	1 
2620	12 
2621	25 
2622	23 
2623	4 
2624	18 
2625	19 
2626	19 
2627	15 
2628	6 
2629	26 
2630	25 
2631	7 
2632	8 
2633	7 
2634	10 
2635	20 
2636	23 
2637	14 
2638	14 
2639	14 
2640	6 
2641	4 
2642	25 
2643	6 
2644	12 
2645	4 
2646	17 
2647	15 
2648	20 
2649	23 
2650	21 
2651	15 
2652	26 
2653	15 
2654	6 
2655	16 
2656	11 
2657	21 
2658	24 
2659	20 
2660	17 
2661	5 
2662	7 
2663	12 
2664	21 
2665	25 
2666	8 
2667	26 
2668	16 
2669	2 
2670	7 
2671	23 
2672	15 
2673	2 
2674	14 
2675	9 
2676	24 
2677	7 
2678	26 
2679	20 
2680	20 
2681	16 
2682	28 
2683	8 
2684	28 
2685	1 
2686	2 
2687	7 
2688	4 
2689	22 
2690	27 
2691	22 
2692	7 
2693	1 
2694	13 
2695	26 
2696	28 
2697	4 
2698	25 
2699	7 
2700	12 
2701	16 
2702	14 
2703	28 
2704	6 
2705	21 
2706	7 
2707	28 
2708	27 
2709	25 
2710	7 
2711	6 
2712	4 
2713	14 
2714	14 
2715	22 
2716	14 
2717	3 
2718	14 
2719	14 
2720	19 
2721	4 
2722	9 
2723	22 
2724	23 
2725	24 
2726	9 
2727	23 
2728	12 
2729	17 
2730	21 
2731	18 
2732	24 
2733	23 
2734	22 
2735	22 
2736	11 
2737	25 
2738	14 
2739	2 
2740	26 
2741	21 
2742	21 
2743	5 
2744	21 
2745	11 
2746	22 
2747	23 
2748	20 
2749	12 
2750	25 
2751	25 
2752	4 
2753	22 
2754	19 
2755	27 
2756	13 
2757	17 
2758	26 
2759	2 
2760	1 
2761	25 
2762	26 
2763	11 
2764	28 
2765	7 
2766	10 
2767	6 
2768	25 
2769	15 
2770	12 
2771	25 
2772	16 
2773	17 
2774	5 
2775	26 
2776	22 
2777	14 
2778	14 
2779	20 
2780	25 
2781	21 
2782	5 
2783	14 
2784	20 
2785	4 
2786	17 
2787	7 
2788	12 
2789	12 
2790	8 
2791	18 
2792	17 
2793	21 
2794	5 
2795	10 
2796	9 
2797	17 
2798	13 
2799	11 
2800	13 
2801	1 
2802	2 
2803	27 
2804	3 
2805	7 
2806	24 
2807	25 
2808	12 
2809	9 
2810	12 
2811	2 
2812	17 
2813	7 
2814	7 
2815	7 
2816	5 
2817	14 
2818	14 
2819	11 
2820	25 
2821	8 
2822	20 
2823	15 
2824	10 
2825	10 
2826	25 
2827	4 
2828	27 
2829	19 
2830	14 
2831	27 
2832	4 
2833	14 
2834	14 
2835	18 
2836	11 
2837	11 
2838	14 
2839	24 
2840	26 
2841	23 
2842	26 
2843	11 
2844	27 
2845	27 
2846	3 
2847	4 
2848	19 
2849	14 
2850	1 
2851	3 
2852	11 
2853	24 
2854	12 
2855	28 
2856	23 
2857	4 
2858	11 
2859	11 
2860	19 
2861	12 
2862	8 
2863	20 
2864	1 
2865	7 
2866	13 
2867	3 
2868	15 
2869	15 
2870	8 
2871	24 
2872	5 
2873	11 
2874	26 
2875	13 
2876	23 
2877	16 
2878	24 
2879	7 
2880	21 
2881	17 
2882	16 
2883	26 
2884	26 
2885	21 
2886	1 
2887	2 
2888	5 
2889	2 
2890	16 
2891	28 
2892	16 
2893	21 
2894	12 
2895	28 
2896	3 
2897	6 
2898	10 
2899	12 
2900	6 
2901	12 
2902	18 
2903	26 
2904	20 
2905	17 
2906	5 
2907	26 
2908	20 
2909	28 
2910	22 
2911	2 
2912	6 
2913	27 
2914	9 
2915	12 
2916	1 
2917	10 
2918	27 
2919	17 
2920	15 
2921	19 
2922	13 
2923	12 
2924	7 
2925	17 
2926	2 
2927	25 
2928	4 
2929	12 
2930	4 
2931	19 
2932	18 
2933	18 
2934	2 
2935	21 
2936	15 
2937	19 
2938	18 
2939	18 
2940	23 
2941	5 
2942	10 
2943	17 
2944	2 
2945	20 
2946	22 
2947	20 
2948	8 
2949	16 
2950	27 
2951	1 
2952	18 
2953	9 
2954	9 
2955	15 
2956	18 
2957	18 
2958	22 
2959	28 
2960	1 
2961	26 
2962	22 
2963	6 
2964	20 
2965	2 
2966	24 
2967	13 
2968	1 
2969	27 
2970	9 
2971	19 
2972	11 
2973	9 
2974	23 
2975	28 
2976	24 
2977	28 
2978	19 
2979	3 
2980	4 
2981	26 
2982	13 
2983	11 
2984	2 
2985	23 
2986	24 
2987	16 
2988	23 
2989	18 
2990	23 
2991	2 
2992	1 
2993	22 
2994	14 
2995	3 
2996	23 
2997	4 
2998	16 
2999	19 
3000	6 
3001	8 
3002	21 
3003	7 
3004	27 
3005	23 
3006	17 
3007	3 
3008	8 
3009	15 
3010	7 
3011	16 
3012	25 
3013	10 
3014	12 
3015	12 
3016	12 
3017	13 
3018	6 
3019	24 
3020	23 
3021	12 
3022	13 
3023	2 
3024	9 
3025	11 
3026	7 
3027	22 
3028	26 
3029	18 
3030	9 
3031	5 
3032	16 
3033	6 
3034	17 
3035	6 
3036	6 
3037	25 
3038	19 
3039	14 
3040	7 
3041	1 
3042	20 
3043	2 
3044	5 
3045	13 
3046	1 
3047	21 
3048	12 
3049	24 
3050	28 
3051	23 
3052	14 
3053	28 
3054	25 
3055	17 
3056	25 
3057	3 
3058	20 
3059	20 
3060	7 
3061	21 
3062	25 
3063	7 
3064	7 
3065	15 
3066	20 
3067	17 
3068	15 
3069	16 
3070	26 
3071	4 
3072	25 
3073	24 
3074	2 
3075	18 
3076	22 
3077	20 
3078	22 
3079	17 
3080	24 
3081	20 
3082	25 
3083	13 
3084	25 
3085	4 
3086	13 
3087	27 
3088	28 
3089	2 
3090	6 
3091	15 
3092	20 
3093	25 
3094	3 
3095	17 
3096	28 
3097	27 
3098	20 
3099	23 
3100	28 
3101	25 
3102	7 
3103	8 
3104	8 
3105	7 
3106	7 
3107	25 
3108	20 
3109	7 
3110	7 
3111	4 
3112	2 
3113	16 
3114	12 
3115	16 
3116	6 
3117	10 
3118	5 
3119	15 
3120	11 
3121	15 
3122	18 
3123	7 
3124	7 
3125	19 
3126	21 
3127	1 
3128	20 
3129	17 
3130	18 
3131	27 
3132	26 
3133	24 
3134	23 
3135	7 
3136	5 
3137	3 
3138	7 
3139	22 
3140	2 
3141	16 
3142	17 
3143	4 
3144	9 
3145	20 
3146	24 
3147	19 
3148	4 
3149	12 
3150	26 
3151	19 
3152	11 
3153	26 
3154	27 
3155	7 
3156	6 
3157	19 
3158	22 
3159	8 
3160	20 
3161	2 
3162	9 
3163	1 
3164	28 
3165	1 
3166	8 
3167	16 
3168	21 
3169	7 
3170	18 
3171	19 
3172	25 
3173	13 
3174	19 
3175	27 
3176	8 
3177	21 
3178	4 
3179	12 
3180	19 
3181	23 
3182	4 
3183	4 
3184	7 
3185	21 
3186	24 
3187	23 
3188	25 
3189	7 
3190	12 
3191	23 
3192	6 
3193	5 
3194	18 
3195	1 
3196	25 
3197	14 
3198	7 
3199	23 
3200	26 
3201	22 
3202	15 
3203	14 
3204	19 
3205	4 
3206	2 
3207	20 
3208	2 
3209	27 
3210	2 
3211	27 
3212	16 
3213	22 
3214	14 
3215	13 
3216	7 
3217	3 
3218	27 
3219	27 
3220	13 
3221	5 
3222	23 
3223	21 
3224	10 
3225	12 
3226	6 
3227	22 
3228	20 
3229	11 
3230	3 
3231	3 
3232	19 
3233	26 
3234	26 
3235	6 
3236	6 
3237	6 
3238	26 
3239	3 
3240	18 
3241	27 
3242	20 
3243	2 
3244	9 
3245	20 
3246	21 
3247	13 
3248	23 
3249	8 
3250	19 
3251	7 
3252	26 
3253	2 
3254	1 
3255	9 
3256	6 
3257	23 
3258	2 
3259	16 
3260	10 
3261	4 
3262	4 
3263	20 
3264	9 
3265	13 
3266	21 
3267	20 
3268	24 
3269	20 
3270	26 
3271	13 
3272	15 
3273	27 
3274	9 
3275	5 
3276	6 
3277	8 
3278	24 
3279	11 
3280	23 
3281	19 
3282	14 
3283	19 
3284	15 
3285	15 
3286	12 
3287	4 
3288	16 
3289	23 
3290	21 
3291	1 
3292	27 
3293	9 
3294	24 
3295	20 
3296	20 
3297	16 
3298	18 
3299	16 
3300	14 
3301	20 
3302	1 
3303	27 
3304	17 
3305	22 
3306	14 
3307	17 
3308	6 
3309	7 
3310	1 
3311	25 
3312	18 
3313	14 
3314	21 
3315	26 
3316	4 
3317	28 
3318	1 
3319	23 
3320	26 
3321	27 
3322	10 
3323	25 
3324	5 
3325	3 
3326	21 
3327	2 
3328	15 
3329	14 
3330	9 
3331	10 
3332	7 
3333	24 
3334	22 
3335	8 
3336	26 
3337	1 
3338	21 
3339	10 
3340	22 
3341	19 
3342	11 
3343	2 
3344	22 
3345	11 
3346	4 
3347	3 
3348	10 
3349	5 
3350	4 
3351	4 
3352	13 
3353	10 
3354	1 
3355	13 
3356	8 
3357	6 
3358	15 
3359	20 
3360	10 
3361	9 
3362	28 
3363	14 
3364	3 
3365	20 
3366	23 
3367	23 
3368	4 
3369	11 
3370	20 
3371	1 
3372	20 
3373	16 
3374	26 
3375	26 
3376	13 
3377	17 
3378	8 
3379	18 
3380	6 
3381	28 
3382	19 
3383	27 
3384	15 
3385	5 
3386	26 
3387	5 
3388	22 
3389	23 
3390	11 
3391	6 
3392	19 
3393	9 
3394	28 
3395	26 
3396	26 
3397	2 
3398	20 
3399	19 
3400	19 
3401	10 
3402	4 
3403	14 
3404	11 
3405	19 
3406	14 
3407	19 
3408	20 
3409	5 
3410	2 
3411	4 
3412	20 
3413	15 
3414	26 
3415	11 
3416	28 
3417	27 
3418	17 
3419	23 
3420	22 
3421	7 
3422	19 
3423	4 
3424	18 
3425	13 
3426	21 
3427	5 
3428	15 
3429	3 
3430	8 
3431	17 
3432	2 
3433	22 
3434	21 
3435	27 
3436	27 
3437	28 
3438	23 
3439	25 
3440	17 
3441	23 
3442	23 
3443	17 
3444	22 
3445	22 
3446	26 
3447	26 
3448	28 
3449	9 
3450	21 
3451	28 
3452	10 
3453	4 
3454	5 
3455	5 
3456	2 
3457	27 
3458	9 
3459	17 
3460	12 
3461	13 
3462	20 
3463	24 
3464	23 
3465	26 
3466	7 
3467	15 
3468	9 
3469	13 
3470	5 
3471	13 
3472	25 
3473	24 
3474	27 
3475	23 
3476	28 
3477	11 
3478	6 
3479	12 
3480	21 
3481	6 
3482	18 
3483	21 
3484	23 
3485	25 
3486	5 
3487	26 
3488	14 
3489	25 
3490	16 
3491	18 
3492	22 
3493	5 
3494	11 
3495	13 
3496	18 
3497	19 
3498	20 
3499	12 
3500	23 
3501	7 
3502	23 
3503	11 
3504	6 
3505	7 
3506	23 
3507	3 
3508	14 
3509	16 
3510	28 
3511	18 
3512	3 
3513	10 
3514	18 
3515	17 
3516	15 
3517	4 
3518	27 
3519	4 
3520	1 
3521	14 
3522	5 
3523	3 
3524	14 
3525	9 
3526	16 
3527	8 
3528	4 
3529	1 
3530	26 
3531	2 
3532	24 
3533	3 
3534	19 
3535	10 
3536	2 
3537	16 
3538	10 
3539	13 
3540	18 
3541	25 
3542	21 
3543	13 
3544	18 
3545	16 
3546	21 
3547	12 
3548	4 
3549	14 
3550	2 
3551	25 
3552	25 
3553	4 
3554	14 
3555	5 
3556	27 
3557	20 
3558	9 
3559	23 
3560	8 
3561	4 
3562	10 
3563	12 
3564	20 
3565	25 
3566	10 
3567	26 
3568	13 
3569	10 
3570	21 
3571	4 
3572	24 
3573	9 
3574	5 
3575	7 
3576	3 
3577	17 
3578	8 
3579	11 
3580	5 
3581	11 
3582	28 
3583	21 
3584	12 
3585	24 
3586	13 
3587	27 
3588	21 
3589	5 
3590	26 
3591	27 
3592	13 
3593	7 
3594	19 
3595	14 
3596	16 
3597	16 
3598	11 
3599	4 
3600	8 
3601	16 
3602	6 
3603	10 
3604	12 
3605	10 
3606	27 
3607	1 
3608	4 
3609	11 
3610	12 
3611	11 
3612	10 
3613	2 
3614	25 
3615	4 
3616	24 
3617	6 
3618	6 
3619	25 
3620	5 
3621	19 
3622	14 
3623	14 
3624	19 
3625	21 
3626	25 
3627	20 
3628	16 
3629	11 
3630	23 
3631	23 
3632	3 
3633	19 
3634	5 
3635	4 
3636	11 
3637	18 
3638	26 
3639	6 
3640	19 
3641	23 
3642	15 
3643	5 
3644	22 
3645	15 
3646	19 
3647	9 
3648	12 
3649	28 
3650	20 
3651	14 
3652	13 
3653	21 
3654	16 
3655	21 
3656	21 
3657	24 
3658	7 
3659	10 
3660	12 
3661	9 
3662	26 
3663	11 
3664	3 
3665	5 
3666	4 
3667	21 
3668	16 
3669	12 
3670	21 
3671	15 
3672	13 
3673	5 
3674	2 
3675	9 
3676	20 
3677	17 
3678	1 
3679	22 
3680	25 
3681	11 
3682	25 
3683	18 
3684	14 
3685	25 
3686	26 
3687	20 
3688	21 
3689	25 
3690	24 
3691	18 
3692	15 
3693	9 
3694	14 
3695	13 
3696	9 
3697	26 
3698	10 
3699	11 
3700	26 
3701	20 
3702	22 
3703	11 
3704	10 
3705	26 
3706	10 
3707	26 
3708	2 
3709	19 
3710	7 
3711	16 
3712	2 
3713	24 
3714	20 
3715	12 
3716	28 
3717	9 
3718	8 
3719	14 
3720	20 
3721	9 
3722	7 
3723	25 
3724	23 
3725	12 
3726	26 
3727	14 
3728	3 
3729	19 
3730	6 
3731	15 
3732	27 
3733	17 
3734	13 
3735	20 
3736	4 
3737	18 
3738	26 
3739	4 
3740	19 
3741	27 
3742	16 
3743	23 
3744	12 
3745	4 
3746	1 
3747	14 
3748	25 
3749	26 
3750	8 
3751	21 
3752	27 
3753	7 
3754	22 
3755	13 
3756	7 
3757	3 
3758	1 
3759	22 
3760	27 
3761	14 
3762	14 
3763	20 
3764	7 
3765	9 
3766	18 
3767	10 
3768	26 
3769	18 
3770	5 
3771	8 
3772	20 
3773	22 
3774	8 
3775	18 
3776	5 
3777	19 
3778	11 
3779	11 
3780	25 
3781	7 
3782	7 
3783	10 
3784	13 
3785	7 
3786	27 
3787	15 
3788	13 
3789	8 
3790	2 
3791	13 
3792	3 
3793	26 
3794	23 
3795	21 
3796	18 
3797	5 
3798	28 
3799	15 
3800	2 
3801	2 
3802	26 
3803	20 
3804	13 
3805	8 
3806	25 
3807	15 
3808	13 
3809	14 
3810	8 
3811	22 
3812	22 
3813	14 
3814	18 
3815	14 
3816	26 
3817	20 
3818	17 
3819	7 
3820	22 
3821	14 
3822	14 
3823	26 
3824	12 
3825	3 
3826	15 
3827	7 
3828	3 
3829	1 
3830	15 
3831	9 
3832	10 
3833	19 
3834	7 
3835	18 
3836	4 
3837	5 
3838	27 
3839	28 
3840	3 
3841	20 
3842	12 
3843	14 
3844	12 
3845	1 
3846	16 
3847	18 
3848	9 
3849	8 
3850	20 
3851	19 
3852	27 
3853	23 
3854	18 
3855	20 
3856	22 
3857	17 
3858	23 
3859	4 
3860	12 
3861	16 
3862	18 
3863	19 
3864	2 
3865	3 
3866	10 
3867	13 
3868	14 
3869	8 
3870	24 
3871	26 
3872	17 
3873	8 
3874	6 
3875	1 
3876	16 
3877	1 
3878	27 
3879	27 
3880	11 
3881	7 
3882	18 
3883	17 
3884	5 
3885	26 
3886	21 
3887	23 
3888	6 
3889	13 
3890	10 
3891	10 
3892	19 
3893	15 
3894	20 
3895	7 
3896	18 
3897	16 
3898	24 
3899	21 
3900	21 
3901	12 
3902	28 
3903	1 
3904	3 
3905	7 
3906	2 
3907	13 
3908	16 
3909	23 
3910	24 
3911	2 
3912	22 
3913	7 
3914	7 
3915	9 
3916	7 
3917	11 
3918	24 
3919	15 
3920	26 
3921	10 
3922	25 
3923	1 
3924	27 
3925	11 
3926	8 
3927	20 
3928	1 
3929	27 
3930	6 
3931	24 
3932	13 
3933	9 
3934	11 
3935	19 
3936	18 
3937	1 
3938	12 
3939	7 
3940	12 
3941	14 
3942	12 
3943	2 
3944	27 
3945	24 
3946	2 
3947	26 
3948	10 
3949	26 
3950	21 
3951	7 
3952	28 
3953	20 
3954	3 
3955	14 
3956	5 
3957	7 
3958	27 
3959	11 
3960	5 
3961	12 
3962	19 
3963	1 
3964	15 
3965	26 
3966	27 
3967	19 
3968	18 
3969	2 
3970	17 
3971	2 
3972	10 
3973	28 
3974	22 
3975	6 
3976	28 
3977	19 
3978	20 
3979	24 
3980	7 
3981	22 
3982	1 
3983	19 
3984	27 
3985	2 
3986	1 
3987	10 
3988	25 
3989	9 
3990	15 
3991	11 
3992	19 
3993	1 
3994	1 
3995	12 
3996	17 
3997	10 
3998	5 
3999	14 
4000	17 
4001	15 
4002	22 
4003	6 
4004	27 
4005	4 
4006	25 
4007	4 
4008	20 
4009	14 
4010	22 
4011	26 
4012	5 
4013	15 
4014	27 
4015	24 
4016	22 
4017	6 
4018	9 
4019	26 
4020	2 
4021	2 
4022	1 
4023	18 
4024	11 
4025	6 
4026	26 
4027	19 
4028	16 
4029	28 
4030	22 
4031	19 
4032	25 
4033	17 
4034	21 
4035	18 
4036	11 
4037	28 
4038	12 
4039	4 
4040	28 
4041	1 
4042	5 
4043	5 
4044	18 
4045	5 
4046	11 
4047	26 
4048	21 
4049	19 
4050	4 
4051	8 
4052	3 
4053	17 
4054	1 
4055	21 
4056	20 
4057	14 
4058	21 
4059	9 
4060	7 
4061	21 
4062	19 
4063	26 
4064	27 
4065	22 
4066	23 
4067	12 
4068	27 
4069	26 
4070	27 
4071	15 
4072	11 
4073	19 
4074	19 
4075	28 
4076	11 
4077	14 
4078	27 
4079	7 
4080	20 
4081	20 
4082	24 
4083	12 
4084	22 
4085	5 
4086	7 
4087	25 
4088	27 
4089	24 
4090	24 
4091	20 
4092	25 
4093	14 
4094	11 
4095	10 
4096	27 
4097	21 
4098	16 
4099	20 
4100	6 
4101	18 
4102	13 
4103	19 
4104	5 
4105	5 
4106	4 
4107	22 
4108	20 
4109	22 
4110	17 
4111	5 
4112	20 
4113	19 
4114	19 
4115	2 
4116	11 
4117	19 
4118	4 
4119	19 
4120	6 
4121	22 
4122	20 
4123	25 
4124	8 
4125	26 
4126	18 
4127	6 
4128	10 
4129	7 
4130	25 
4131	11 
4132	14 
4133	24 
4134	16 
4135	26 
4136	21 
4137	14 
4138	18 
4139	11 
4140	20 
4141	3 
4142	13 
4143	24 
4144	25 
4145	23 
4146	4 
4147	21 
4148	13 
4149	27 
4150	8 
4151	17 
4152	1 
4153	27 
4154	20 
4155	16 
4156	11 
4157	26 
4158	10 
4159	28 
4160	4 
4161	12 
4162	5 
4163	20 
4164	6 
4165	27 
4166	9 
4167	5 
4168	28 
4169	12 
4170	28 
4171	27 
4172	27 
4173	7 
4174	24 
4175	19 
4176	21 
4177	2 
4178	11 
4179	4 
4180	12 
4181	26 
4182	3 
4183	1 
4184	5 
4185	25 
4186	2 
4187	15 
4188	24 
4189	26 
4190	9 
4191	17 
4192	9 
4193	15 
4194	4 
4195	26 
4196	18 
4197	20 
4198	26 
4199	24 
4200	4 
4201	22 
4202	16 
4203	8 
4204	2 
4205	28 
4206	28 
4207	24 
4208	25 
4209	23 
4210	22 
4211	1 
4212	15 
4213	5 
4214	17 
4215	23 
4216	6 
4217	7 
4218	15 
4219	20 
4220	26 
4221	16 
4222	8 
4223	19 
4224	1 
4225	23 
4226	21 
4227	12 
4228	10 
4229	22 
4230	20 
4231	10 
4232	22 
4233	18 
4234	21 
4235	8 
4236	19 
4237	22 
4238	4 
4239	11 
4240	9 
4241	18 
4242	3 
4243	9 
4244	28 
4245	20 
4246	19 
4247	4 
4248	26 
4249	14 
4250	26 
4251	8 
4252	18 
4253	12 
4254	13 
4255	23 
4256	21 
4257	15 
4258	28 
4259	27 
4260	28 
4261	1 
4262	21 
4263	2 
4264	28 
4265	14 
4266	22 
4267	21 
4268	20 
4269	22 
4270	17 
4271	27 
4272	16 
4273	6 
4274	27 
4275	25 
4276	9 
4277	24 
4278	20 
4279	6 
4280	3 
4281	22 
4282	14 
4283	23 
4284	20 
4285	25 
4286	7 
4287	19 
4288	7 
4289	28 
4290	27 
4291	22 
4292	27 
4293	23 
4294	22 
4295	28 
4296	17 
4297	27 
4298	10 
4299	11 
4300	1 
4301	26 
4302	20 
4303	27 
4304	17 
4305	27 
4306	3 
4307	23 
4308	11 
4309	23 
4310	21 
4311	4 
4312	12 
4313	1 
4314	25 
4315	20 
4316	9 
4317	12 
4318	1 
4319	27 
4320	16 
4321	16 
4322	2 
4323	16 
4324	1 
4325	23 
4326	19 
4327	17 
4328	10 
4329	17 
4330	21 
4331	21 
4332	18 
4333	10 
4334	22 
4335	5 
4336	8 
4337	5 
4338	7 
4339	20 
4340	28 
4341	26 
4342	21 
4343	6 
4344	14 
4345	21 
4346	17 
4347	18 
4348	8 
4349	5 
4350	8 
4351	12 
4352	20 
4353	15 
4354	20 
4355	11 
4356	11 
4357	16 
4358	6 
4359	23 
4360	2 
4361	27 
4362	27 
4363	7 
4364	22 
4365	20 
4366	11 
4367	26 
4368	5 
4369	20 
4370	16 
4371	16 
4372	23 
4373	24 
4374	24 
4375	23 
4376	2 
4377	11 
4378	7 
4379	16 
4380	26 
4381	7 
4382	11 
4383	16 
4384	19 
4385	19 
4386	4 
4387	19 
4388	13 
4389	4 
4390	10 
4391	11 
4392	22 
4393	20 
4394	27 
4395	7 
4396	18 
4397	19 
4398	25 
4399	3 
4400	21 
4401	13 
4402	2 
4403	12 
4404	14 
4405	20 
4406	4 
4407	13 
4408	28 
4409	5 
4410	19 
4411	25 
4412	28 
4413	1 
4414	7 
4415	7 
4416	16 
4417	1 
4418	21 
4419	10 
4420	28 
4421	3 
4422	19 
4423	18 
4424	28 
4425	13 
4426	15 
4427	4 
4428	27 
4429	25 
4430	19 
4431	19 
4432	16 
4433	25 
4434	6 
4435	21 
4436	21 
4437	17 
4438	2 
4439	25 
4440	24 
4441	2 
4442	28 
4443	11 
4444	1 
4445	26 
4446	27 
4447	18 
4448	21 
4449	18 
4450	19 
4451	16 
4452	2 
4453	14 
4454	11 
4455	22 
4456	18 
4457	26 
4458	21 
4459	13 
4460	6 
4461	25 
4462	18 
4463	25 
4464	19 
4465	2 
4466	13 
4467	13 
4468	28 
4469	19 
4470	6 
4471	16 
4472	14 
4473	19 
4474	8 
4475	22 
4476	8 
4477	8 
4478	14 
4479	28 
4480	27 
4481	19 
4482	26 
4483	17 
4484	17 
4485	28 
4486	10 
4487	25 
4488	6 
4489	12 
4490	15 
4491	3 
4492	20 
4493	14 
4494	16 
4495	11 
4496	1 
4497	27 
4498	2 
4499	6 
4500	21 
4501	2 
4502	13 
4503	2 
4504	27 
4505	7 
4506	24 
4507	19 
4508	20 
4509	22 
4510	7 
4511	1 
4512	15 
4513	19 
4514	5 
4515	12 
4516	22 
4517	15 
4518	6 
4519	18 
4520	6 
4521	27 
4522	25 
4523	17 
4524	2 
4525	6 
4526	7 
4527	11 
4528	11 
4529	26 
4530	24 
4531	16 
4532	26 
4533	7 
4534	16 
4535	16 
4536	11 
4537	8 
4538	4 
4539	28 
4540	24 
4541	21 
4542	9 
4543	3 
4544	24 
4545	8 
4546	12 
4547	27 
4548	3 
4549	17 
4550	13 
4551	20 
4552	13 
4553	20 
4554	27 
4555	23 
4556	26 
4557	6 
4558	4 
4559	6 
4560	25 
4561	8 
4562	16 
4563	13 
4564	24 
4565	27 
4566	13 
4567	27 
4568	1 
4569	23 
4570	23 
4571	9 
4572	18 
4573	13 
4574	14 
4575	10 
4576	1 
4577	12 
4578	2 
4579	28 
4580	14 
4581	22 
4582	24 
4583	6 
4584	16 
4585	21 
4586	16 
4587	8 
4588	4 
4589	2 
4590	2 
4591	7 
4592	1 
4593	17 
4594	7 
4595	27 
4596	3 
4597	5 
4598	7 
4599	8 
4600	16 
4601	2 
4602	9 
4603	24 
4604	28 
4605	28 
4606	3 
4607	6 
4608	15 
4609	11 
4610	22 
4611	14 
4612	28 
4613	3 
4614	16 
4615	6 
4616	9 
4617	15 
4618	5 
4619	22 
4620	19 
4621	17 
4622	24 
4623	14 
4624	19 
4625	4 
4626	19 
4627	19 
4628	24 
4629	14 
4630	14 
4631	20 
4632	27 
4633	4 
4634	26 
4635	8 
4636	26 
4637	10 
4638	3 
4639	25 
4640	2 
4641	2 
4642	11 
4643	23 
4644	19 
4645	12 
4646	17 
4647	7 
4648	27 
4649	20 
4650	16 
4651	14 
4652	14 
4653	13 
4654	16 
4655	18 
4656	21 
4657	6 
4658	3 
4659	22 
4660	27 
4661	22 
4662	8 
4663	19 
4664	27 
4665	3 
4666	26 
4667	7 
4668	27 
4669	19 
4670	6 
4671	11 
4672	5 
4673	24 
4674	7 
4675	7 
4676	19 
4677	24 
4678	13 
4679	13 
4680	17 
4681	22 
4682	8 
4683	22 
4684	11 
4685	24 
4686	12 
4687	25 
4688	5 
4689	23 
4690	25 
4691	24 
4692	12 
4693	15 
4694	15 
4695	27 
4696	11 
4697	13 
4698	8 
4699	4 
4700	24 
4701	13 
4702	13 
4703	18 
4704	23 
4705	19 
4706	5 
4707	22 
4708	16 
4709	19 
4710	26 
4711	16 
4712	6 
4713	11 
4714	27 
4715	18 
4716	3 
4717	6 
4718	12 
4719	20 
4720	25 
4721	25 
4722	17 
4723	19 
4724	1 
4725	14 
4726	14 
4727	11 
4728	8 
4729	7 
4730	20 
4731	10 
4732	27 
4733	24 
4734	25 
4735	18 
4736	14 
4737	1 
4738	5 
4739	7 
4740	9 
4741	17 
4742	3 
4743	19 
4744	17 
4745	1 
4746	22 
4747	28 
4748	8 
4749	18 
4750	18 
4751	7 
4752	11 
4753	25 
4754	15 
4755	7 
4756	8 
4757	13 
4758	2 
4759	23 
4760	2 
4761	15 
4762	16 
4763	27 
4764	4 
4765	18 
4766	23 
4767	12 
4768	28 
4769	7 
4770	16 
4771	9 
4772	9 
4773	8 
4774	18 
4775	27 
4776	26 
4777	24 
4778	2 
4779	5 
4780	19 
4781	19 
4782	20 
4783	20 
4784	25 
4785	13 
4786	19 
4787	22 
4788	15 
4789	1 
4790	27 
4791	14 
4792	7 
4793	25 
4794	15 
4795	13 
4796	18 
4797	5 
4798	7 
4799	20 
4800	2 
4801	6 
4802	19 
4803	2 
4804	25 
4805	16 
4806	26 
4807	26 
4808	15 
4809	12 
4810	24 
4811	16 
4812	27 
4813	10 
4814	6 
4815	28 
4816	15 
4817	25 
4818	15 
4819	17 
4820	15 
4821	15 
4822	5 
4823	13 
4824	21 
4825	17 
4826	11 
4827	2 
4828	13 
4829	5 
4830	12 
4831	22 
4832	24 
4833	27 
4834	11 
4835	27 
4836	11 
4837	6 
4838	6 
4839	15 
4840	21 
4841	18 
4842	28 
4843	12 
4844	26 
4845	3 
4846	13 
4847	11 
4848	4 
4849	16 
4850	10 
4851	18 
4852	21 
4853	21 
4854	2 
4855	26 
4856	6 
4857	8 
4858	13 
4859	3 
4860	5 
4861	27 
4862	20 
4863	14 
4864	26 
4865	12 
4866	19 
4867	23 
4868	28 
4869	16 
4870	15 
4871	27 
4872	15 
4873	13 
4874	11 
4875	25 
4876	5 
4877	28 
4878	7 
4879	21 
4880	15 
4881	22 
4882	16 
4883	20 
4884	17 
4885	3 
4886	19 
4887	11 
4888	24 
4889	24 
4890	15 
4891	28 
4892	23 
4893	4 
4894	24 
4895	7 
4896	23 
4897	20 
4898	21 
4899	23 
4900	27 
4901	20 
4902	12 
4903	13 
4904	10 
4905	19 
4906	20 
4907	1 
4908	18 
4909	20 
4910	7 
4911	1 
4912	5 
4913	10 
4914	21 
4915	8 
4916	25 
4917	16 
4918	16 
4919	2 
4920	5 
4921	5 
4922	27 
4923	10 
4924	19 
4925	24 
4926	10 
4927	16 
4928	15 
4929	23 
4930	23 
4931	1 
4932	4 
4933	24 
4934	12 
4935	15 
4936	16 
4937	10 
4938	3 
4939	26 
4940	11 
4941	17 
4942	22 
4943	22 
4944	6 
4945	1 
4946	13 
4947	2 
4948	2 
4949	1 
4950	20 
4951	11 
4952	19 
4953	21 
4954	22 
4955	12 
4956	1 
4957	11 
4958	25 
4959	26 
4960	28 
4961	12 
4962	2 
4963	23 
4964	7 
4965	7 
4966	26 
4967	5 
4968	26 
4969	5 
4970	27 
4971	25 
4972	19 
4973	7 
4974	25 
4975	14 
4976	19 
4977	20 
4978	14 
4979	7 
4980	26 
4981	20 
4982	7 
4983	19 
4984	19 
4985	26 
4986	26 
4987	20 
4988	19 
4989	7 
4990	19 
4991	7 
4992	20 
4993	26 
4994	7 
4995	19 
4996	26 
4997	19 
4998	7 
4999	20 
5000	7 
