1	16 
2	14 
3	35 
4	39 
5	16 
6	16 
7	39 
8	31 
9	34 
10	16 
11	6 
12	28 
13	16 
14	1 
15	1 
16	6 
17	6 
18	17 
19	20 
20	16 
21	17 
22	15 
23	39 
24	44 
25	42 
26	20 
27	35 
28	28 
29	14 
30	15 
31	22 
32	22 
33	6 
34	22 
35	16 
36	41 
37	14 
38	18 
39	17 
40	35 
41	45 
42	17 
43	15 
44	39 
45	20 
46	16 
47	7 
48	16 
49	39 
50	39 
51	32 
52	1 
53	42 
54	6 
55	18 
56	39 
57	17 
58	6 
59	6 
60	15 
61	6 
62	7 
63	16 
64	18 
65	44 
66	6 
67	16 
68	39 
69	4 
70	28 
71	35 
72	15 
73	22 
74	39 
75	22 
76	39 
77	44 
78	14 
79	14 
80	18 
81	22 
82	31 
83	5 
84	16 
85	39 
86	20 
87	16 
88	6 
89	42 
90	35 
91	39 
92	38 
93	35 
94	35 
95	32 
96	22 
97	35 
98	31 
99	36 
100	6 
101	1 
102	12 
103	20 
104	22 
105	7 
106	16 
107	22 
108	18 
109	1 
110	42 
111	42 
112	3 
113	14 
114	45 
115	45 
116	14 
117	14 
118	18 
119	22 
120	25 
121	1 
122	20 
123	44 
124	32 
125	42 
126	34 
127	29 
128	22 
129	8 
130	7 
131	6 
132	16 
133	6 
134	6 
135	1 
136	13 
137	6 
138	16 
139	15 
140	16 
141	22 
142	22 
143	33 
144	42 
145	27 
146	39 
147	39 
148	6 
149	31 
150	16 
151	22 
152	40 
153	39 
154	22 
155	44 
156	39 
157	6 
158	6 
159	39 
160	15 
161	22 
162	16 
163	16 
164	31 
165	3 
166	6 
167	22 
168	14 
169	8 
170	22 
171	12 
172	39 
173	40 
174	22 
175	11 
176	44 
177	31 
178	8 
179	4 
180	16 
181	22 
182	22 
183	16 
184	20 
185	3 
186	36 
187	35 
188	4 
189	41 
190	6 
191	14 
192	39 
193	17 
194	31 
195	25 
196	16 
197	31 
198	16 
199	1 
200	45 
201	6 
202	18 
203	16 
204	39 
205	14 
206	3 
207	22 
208	22 
209	14 
210	39 
211	31 
212	42 
213	20 
214	20 
215	42 
216	16 
217	39 
218	42 
219	6 
220	22 
221	42 
222	16 
223	1 
224	7 
225	35 
226	16 
227	20 
228	39 
229	31 
230	39 
231	16 
232	39 
233	37 
234	31 
235	20 
236	35 
237	36 
238	16 
239	22 
240	1 
241	16 
242	39 
243	22 
244	20 
245	1 
246	29 
247	20 
248	1 
249	16 
250	16 
251	32 
252	32 
253	14 
254	6 
255	39 
256	45 
257	45 
258	31 
259	18 
260	16 
261	1 
262	19 
263	14 
264	1 
265	22 
266	16 
267	16 
268	1 
269	1 
270	6 
271	42 
272	31 
273	2 
274	29 
275	33 
276	39 
277	18 
278	6 
279	16 
280	6 
281	38 
282	39 
283	39 
284	6 
285	22 
286	30 
287	42 
288	35 
289	22 
290	17 
291	9 
292	19 
293	45 
294	17 
295	32 
296	23 
297	22 
298	31 
299	15 
300	39 
301	39 
302	6 
303	39 
304	35 
305	29 
306	40 
307	22 
308	16 
309	18 
310	31 
311	22 
312	39 
313	1 
314	16 
315	18 
316	40 
317	17 
318	1 
319	42 
320	21 
321	39 
322	6 
323	1 
324	14 
325	20 
326	39 
327	42 
328	39 
329	29 
330	36 
331	7 
332	34 
333	9 
334	17 
335	16 
336	22 
337	45 
338	1 
339	8 
340	31 
341	16 
342	44 
343	16 
344	16 
345	31 
346	45 
347	31 
348	44 
349	22 
350	44 
351	16 
352	32 
353	45 
354	31 
355	31 
356	12 
357	39 
358	22 
359	1 
360	20 
361	31 
362	14 
363	1 
364	17 
365	39 
366	18 
367	42 
368	16 
369	31 
370	22 
371	16 
372	44 
373	17 
374	17 
375	42 
376	42 
377	39 
378	38 
379	16 
380	22 
381	16 
382	6 
383	20 
384	44 
385	18 
386	38 
387	16 
388	34 
389	14 
390	17 
391	16 
392	35 
393	34 
394	16 
395	20 
396	9 
397	43 
398	14 
399	32 
400	15 
401	6 
402	5 
403	3 
404	19 
405	12 
406	14 
407	44 
408	22 
409	22 
410	14 
411	34 
412	32 
413	42 
414	1 
415	6 
416	22 
417	22 
418	14 
419	20 
420	16 
421	1 
422	24 
423	39 
424	6 
425	42 
426	16 
427	32 
428	14 
429	31 
430	1 
431	31 
432	32 
433	39 
434	22 
435	45 
436	18 
437	16 
438	14 
439	39 
440	26 
441	1 
442	17 
443	16 
444	10 
445	45 
446	31 
447	43 
448	42 
449	22 
450	42 
451	14 
452	32 
453	32 
454	35 
455	15 
456	45 
457	39 
458	39 
459	39 
460	18 
461	39 
462	43 
463	32 
464	8 
465	32 
466	22 
467	12 
468	22 
469	22 
470	18 
471	31 
472	18 
473	35 
474	11 
475	32 
476	42 
477	32 
478	35 
479	6 
480	22 
481	39 
482	39 
483	22 
484	18 
485	29 
486	15 
487	28 
488	6 
489	16 
490	32 
491	31 
492	22 
493	16 
494	16 
495	42 
496	1 
497	20 
498	6 
499	6 
500	39 
501	6 
502	34 
503	15 
504	16 
505	22 
506	31 
507	6 
508	44 
509	34 
510	16 
511	6 
512	15 
513	16 
514	39 
515	35 
516	42 
517	42 
518	33 
519	7 
520	6 
521	2 
522	32 
523	39 
524	30 
525	31 
526	42 
527	32 
528	45 
529	35 
530	6 
531	35 
532	39 
533	42 
534	35 
535	6 
536	6 
537	14 
538	18 
539	39 
540	34 
541	22 
542	39 
543	14 
544	39 
545	20 
546	35 
547	1 
548	6 
549	6 
550	22 
551	45 
552	14 
553	7 
554	6 
555	20 
556	44 
557	29 
558	1 
559	39 
560	45 
561	6 
562	42 
563	39 
564	22 
565	16 
566	31 
567	20 
568	22 
569	15 
570	1 
571	42 
572	6 
573	7 
574	11 
575	22 
576	20 
577	21 
578	6 
579	39 
580	22 
581	1 
582	32 
583	6 
584	42 
585	31 
586	32 
587	18 
588	6 
589	6 
590	5 
591	20 
592	22 
593	6 
594	22 
595	7 
596	22 
597	20 
598	22 
599	23 
600	32 
601	39 
602	40 
603	20 
604	6 
605	16 
606	22 
607	17 
608	35 
609	6 
610	40 
611	22 
612	20 
613	39 
614	1 
615	31 
616	31 
617	18 
618	22 
619	20 
620	44 
621	22 
622	1 
623	22 
624	20 
625	1 
626	22 
627	6 
628	1 
629	39 
630	18 
631	44 
632	4 
633	35 
634	42 
635	31 
636	20 
637	16 
638	42 
639	16 
640	1 
641	34 
642	31 
643	35 
644	1 
645	39 
646	22 
647	35 
648	22 
649	44 
650	9 
651	14 
652	35 
653	34 
654	35 
655	19 
656	41 
657	39 
658	9 
659	24 
660	34 
661	35 
662	19 
663	39 
664	10 
665	17 
666	6 
667	36 
668	32 
669	26 
670	44 
671	31 
672	31 
673	20 
674	33 
675	42 
676	32 
677	19 
678	16 
679	39 
680	18 
681	14 
682	7 
683	6 
684	15 
685	16 
686	32 
687	6 
688	37 
689	6 
690	45 
691	15 
692	16 
693	16 
694	20 
695	3 
696	15 
697	31 
698	39 
699	1 
700	37 
701	18 
702	35 
703	14 
704	31 
705	22 
706	15 
707	39 
708	18 
709	1 
710	32 
711	35 
712	17 
713	6 
714	20 
715	31 
716	44 
717	19 
718	39 
719	2 
720	34 
721	18 
722	17 
723	27 
724	14 
725	28 
726	16 
727	31 
728	18 
729	39 
730	34 
731	1 
732	35 
733	8 
734	22 
735	22 
736	15 
737	14 
738	14 
739	20 
740	4 
741	22 
742	32 
743	25 
744	34 
745	16 
746	31 
747	39 
748	9 
749	12 
750	44 
751	39 
752	39 
753	10 
754	17 
755	15 
756	20 
757	6 
758	31 
759	45 
760	31 
761	6 
762	17 
763	22 
764	16 
765	22 
766	6 
767	36 
768	42 
769	45 
770	29 
771	31 
772	31 
773	32 
774	6 
775	1 
776	35 
777	31 
778	31 
779	22 
780	39 
781	39 
782	1 
783	39 
784	31 
785	32 
786	44 
787	16 
788	16 
789	9 
790	12 
791	39 
792	1 
793	6 
794	16 
795	3 
796	3 
797	39 
798	31 
799	22 
800	31 
801	20 
802	42 
803	16 
804	3 
805	44 
806	35 
807	22 
808	16 
809	16 
810	17 
811	30 
812	29 
813	20 
814	20 
815	14 
816	1 
817	31 
818	16 
819	6 
820	32 
821	6 
822	1 
823	19 
824	22 
825	32 
826	32 
827	6 
828	31 
829	20 
830	24 
831	3 
832	22 
833	16 
834	40 
835	45 
836	21 
837	16 
838	16 
839	16 
840	22 
841	35 
842	22 
843	16 
844	34 
845	13 
846	32 
847	42 
848	44 
849	42 
850	36 
851	17 
852	45 
853	14 
854	18 
855	16 
856	39 
857	17 
858	4 
859	16 
860	22 
861	6 
862	22 
863	44 
864	16 
865	39 
866	21 
867	15 
868	1 
869	22 
870	3 
871	39 
872	33 
873	14 
874	14 
875	11 
876	16 
877	16 
878	1 
879	12 
880	31 
881	22 
882	14 
883	16 
884	39 
885	9 
886	18 
887	22 
888	3 
889	35 
890	16 
891	15 
892	22 
893	17 
894	31 
895	31 
896	16 
897	35 
898	35 
899	44 
900	17 
901	14 
902	20 
903	6 
904	15 
905	17 
906	39 
907	6 
908	20 
909	16 
910	22 
911	4 
912	31 
913	44 
914	4 
915	32 
916	6 
917	35 
918	35 
919	6 
920	39 
921	32 
922	30 
923	35 
924	28 
925	6 
926	14 
927	16 
928	42 
929	31 
930	18 
931	22 
932	1 
933	6 
934	32 
935	19 
936	35 
937	23 
938	2 
939	6 
940	18 
941	2 
942	6 
943	6 
944	1 
945	6 
946	20 
947	39 
948	31 
949	12 
950	31 
951	9 
952	14 
953	16 
954	35 
955	7 
956	12 
957	35 
958	31 
959	22 
960	34 
961	38 
962	39 
963	22 
964	1 
965	39 
966	1 
967	15 
968	31 
969	35 
970	39 
971	5 
972	23 
973	14 
974	16 
975	35 
976	31 
977	6 
978	1 
979	45 
980	19 
981	16 
982	15 
983	22 
984	31 
985	14 
986	1 
987	39 
988	16 
989	34 
990	4 
991	39 
992	42 
993	42 
994	39 
995	25 
996	39 
997	6 
998	39 
999	6 
1000	31 
1001	6 
1002	32 
1003	1 
1004	32 
1005	39 
1006	10 
1007	35 
1008	12 
1009	39 
1010	42 
1011	31 
1012	32 
1013	12 
1014	6 
1015	23 
1016	16 
1017	31 
1018	6 
1019	22 
1020	39 
1021	39 
1022	35 
1023	14 
1024	23 
1025	6 
1026	6 
1027	15 
1028	18 
1029	23 
1030	29 
1031	16 
1032	31 
1033	16 
1034	9 
1035	1 
1036	1 
1037	15 
1038	6 
1039	18 
1040	22 
1041	22 
1042	1 
1043	32 
1044	35 
1045	16 
1046	34 
1047	16 
1048	35 
1049	31 
1050	35 
1051	22 
1052	22 
1053	39 
1054	17 
1055	16 
1056	23 
1057	31 
1058	21 
1059	31 
1060	42 
1061	29 
1062	22 
1063	31 
1064	22 
1065	14 
1066	7 
1067	45 
1068	39 
1069	32 
1070	20 
1071	35 
1072	6 
1073	44 
1074	1 
1075	1 
1076	31 
1077	17 
1078	24 
1079	20 
1080	22 
1081	14 
1082	39 
1083	39 
1084	18 
1085	31 
1086	12 
1087	39 
1088	35 
1089	22 
1090	39 
1091	45 
1092	22 
1093	44 
1094	22 
1095	44 
1096	22 
1097	16 
1098	39 
1099	35 
1100	17 
1101	20 
1102	44 
1103	32 
1104	15 
1105	6 
1106	1 
1107	32 
1108	44 
1109	39 
1110	15 
1111	31 
1112	19 
1113	39 
1114	35 
1115	22 
1116	7 
1117	16 
1118	44 
1119	33 
1120	16 
1121	20 
1122	14 
1123	6 
1124	15 
1125	22 
1126	39 
1127	31 
1128	45 
1129	8 
1130	16 
1131	15 
1132	18 
1133	31 
1134	39 
1135	32 
1136	20 
1137	22 
1138	44 
1139	14 
1140	42 
1141	6 
1142	16 
1143	36 
1144	20 
1145	6 
1146	6 
1147	15 
1148	6 
1149	19 
1150	1 
1151	32 
1152	22 
1153	18 
1154	20 
1155	6 
1156	15 
1157	20 
1158	6 
1159	31 
1160	9 
1161	22 
1162	22 
1163	17 
1164	38 
1165	16 
1166	20 
1167	39 
1168	32 
1169	45 
1170	6 
1171	16 
1172	6 
1173	35 
1174	20 
1175	6 
1176	41 
1177	20 
1178	39 
1179	42 
1180	6 
1181	22 
1182	6 
1183	22 
1184	40 
1185	22 
1186	16 
1187	20 
1188	1 
1189	1 
1190	22 
1191	1 
1192	14 
1193	31 
1194	6 
1195	14 
1196	17 
1197	29 
1198	14 
1199	45 
1200	16 
1201	6 
1202	1 
1203	32 
1204	1 
1205	31 
1206	15 
1207	20 
1208	4 
1209	39 
1210	3 
1211	16 
1212	35 
1213	33 
1214	35 
1215	35 
1216	20 
1217	20 
1218	1 
1219	14 
1220	31 
1221	16 
1222	1 
1223	39 
1224	16 
1225	1 
1226	22 
1227	39 
1228	17 
1229	3 
1230	35 
1231	44 
1232	16 
1233	20 
1234	30 
1235	18 
1236	20 
1237	22 
1238	14 
1239	20 
1240	1 
1241	7 
1242	36 
1243	11 
1244	16 
1245	6 
1246	22 
1247	20 
1248	19 
1249	6 
1250	15 
1251	17 
1252	16 
1253	1 
1254	43 
1255	16 
1256	22 
1257	31 
1258	45 
1259	39 
1260	3 
1261	39 
1262	6 
1263	16 
1264	35 
1265	22 
1266	16 
1267	17 
1268	12 
1269	11 
1270	6 
1271	16 
1272	9 
1273	42 
1274	32 
1275	22 
1276	16 
1277	16 
1278	39 
1279	44 
1280	16 
1281	32 
1282	31 
1283	14 
1284	20 
1285	6 
1286	35 
1287	36 
1288	22 
1289	31 
1290	17 
1291	6 
1292	31 
1293	6 
1294	10 
1295	12 
1296	22 
1297	1 
1298	16 
1299	27 
1300	39 
1301	6 
1302	1 
1303	39 
1304	16 
1305	24 
1306	17 
1307	22 
1308	31 
1309	22 
1310	6 
1311	1 
1312	32 
1313	22 
1314	22 
1315	42 
1316	35 
1317	39 
1318	29 
1319	20 
1320	14 
1321	22 
1322	17 
1323	6 
1324	31 
1325	39 
1326	20 
1327	8 
1328	31 
1329	35 
1330	32 
1331	16 
1332	6 
1333	15 
1334	1 
1335	31 
1336	29 
1337	1 
1338	16 
1339	16 
1340	35 
1341	39 
1342	6 
1343	24 
1344	1 
1345	22 
1346	14 
1347	22 
1348	6 
1349	16 
1350	40 
1351	18 
1352	5 
1353	5 
1354	31 
1355	22 
1356	14 
1357	22 
1358	22 
1359	18 
1360	32 
1361	18 
1362	42 
1363	6 
1364	35 
1365	16 
1366	22 
1367	12 
1368	6 
1369	22 
1370	16 
1371	36 
1372	6 
1373	32 
1374	31 
1375	14 
1376	31 
1377	24 
1378	18 
1379	6 
1380	10 
1381	36 
1382	14 
1383	35 
1384	41 
1385	35 
1386	35 
1387	22 
1388	17 
1389	39 
1390	6 
1391	29 
1392	31 
1393	35 
1394	1 
1395	6 
1396	22 
1397	22 
1398	22 
1399	20 
1400	13 
1401	6 
1402	6 
1403	18 
1404	32 
1405	5 
1406	20 
1407	12 
1408	39 
1409	36 
1410	31 
1411	42 
1412	14 
1413	36 
1414	42 
1415	6 
1416	42 
1417	20 
1418	7 
1419	8 
1420	12 
1421	20 
1422	18 
1423	35 
1424	32 
1425	33 
1426	22 
1427	4 
1428	6 
1429	22 
1430	35 
1431	12 
1432	39 
1433	26 
1434	9 
1435	32 
1436	6 
1437	6 
1438	39 
1439	1 
1440	37 
1441	6 
1442	15 
1443	14 
1444	18 
1445	16 
1446	6 
1447	31 
1448	6 
1449	22 
1450	12 
1451	1 
1452	17 
1453	33 
1454	13 
1455	16 
1456	39 
1457	18 
1458	42 
1459	22 
1460	5 
1461	42 
1462	39 
1463	20 
1464	39 
1465	39 
1466	20 
1467	39 
1468	20 
1469	16 
1470	6 
1471	33 
1472	43 
1473	2 
1474	44 
1475	22 
1476	20 
1477	44 
1478	15 
1479	6 
1480	31 
1481	1 
1482	13 
1483	45 
1484	14 
1485	16 
1486	31 
1487	29 
1488	14 
1489	22 
1490	43 
1491	6 
1492	20 
1493	31 
1494	44 
1495	22 
1496	6 
1497	35 
1498	39 
1499	15 
1500	15 
1501	16 
1502	15 
1503	16 
1504	32 
1505	15 
1506	35 
1507	20 
1508	34 
1509	38 
1510	42 
1511	14 
1512	16 
1513	36 
1514	16 
1515	18 
1516	8 
1517	35 
1518	34 
1519	39 
1520	22 
1521	14 
1522	1 
1523	39 
1524	16 
1525	19 
1526	14 
1527	16 
1528	45 
1529	15 
1530	1 
1531	32 
1532	45 
1533	10 
1534	32 
1535	16 
1536	16 
1537	14 
1538	31 
1539	39 
1540	1 
1541	12 
1542	42 
1543	35 
1544	31 
1545	22 
1546	14 
1547	31 
1548	12 
1549	38 
1550	31 
1551	42 
1552	35 
1553	42 
1554	14 
1555	16 
1556	9 
1557	31 
1558	1 
1559	39 
1560	1 
1561	6 
1562	16 
1563	42 
1564	45 
1565	18 
1566	6 
1567	18 
1568	15 
1569	39 
1570	19 
1571	27 
1572	35 
1573	35 
1574	39 
1575	15 
1576	31 
1577	45 
1578	32 
1579	6 
1580	7 
1581	6 
1582	22 
1583	21 
1584	31 
1585	12 
1586	32 
1587	10 
1588	31 
1589	22 
1590	22 
1591	16 
1592	17 
1593	1 
1594	32 
1595	39 
1596	22 
1597	31 
1598	16 
1599	6 
1600	1 
1601	39 
1602	22 
1603	22 
1604	32 
1605	15 
1606	32 
1607	22 
1608	1 
1609	31 
1610	14 
1611	1 
1612	22 
1613	22 
1614	31 
1615	26 
1616	33 
1617	35 
1618	22 
1619	27 
1620	4 
1621	36 
1622	22 
1623	22 
1624	32 
1625	19 
1626	22 
1627	45 
1628	22 
1629	44 
1630	39 
1631	20 
1632	6 
1633	1 
1634	41 
1635	25 
1636	39 
1637	16 
1638	31 
1639	29 
1640	31 
1641	32 
1642	1 
1643	31 
1644	18 
1645	42 
1646	17 
1647	31 
1648	42 
1649	3 
1650	42 
1651	6 
1652	32 
1653	16 
1654	6 
1655	20 
1656	32 
1657	35 
1658	39 
1659	14 
1660	31 
1661	32 
1662	16 
1663	36 
1664	6 
1665	14 
1666	17 
1667	34 
1668	1 
1669	16 
1670	42 
1671	18 
1672	15 
1673	14 
1674	36 
1675	1 
1676	16 
1677	7 
1678	6 
1679	6 
1680	6 
1681	31 
1682	6 
1683	22 
1684	26 
1685	33 
1686	31 
1687	44 
1688	22 
1689	18 
1690	6 
1691	31 
1692	6 
1693	39 
1694	18 
1695	31 
1696	17 
1697	39 
1698	22 
1699	20 
1700	34 
1701	22 
1702	14 
1703	8 
1704	14 
1705	6 
1706	35 
1707	22 
1708	18 
1709	35 
1710	39 
1711	16 
1712	31 
1713	6 
1714	6 
1715	39 
1716	1 
1717	14 
1718	33 
1719	16 
1720	32 
1721	31 
1722	16 
1723	1 
1724	35 
1725	6 
1726	31 
1727	29 
1728	10 
1729	1 
1730	45 
1731	16 
1732	16 
1733	22 
1734	35 
1735	31 
1736	35 
1737	31 
1738	12 
1739	20 
1740	22 
1741	6 
1742	6 
1743	22 
1744	6 
1745	35 
1746	18 
1747	32 
1748	16 
1749	22 
1750	18 
1751	39 
1752	6 
1753	33 
1754	39 
1755	31 
1756	35 
1757	8 
1758	45 
1759	18 
1760	32 
1761	22 
1762	21 
1763	6 
1764	18 
1765	32 
1766	45 
1767	31 
1768	39 
1769	7 
1770	14 
1771	14 
1772	17 
1773	42 
1774	39 
1775	4 
1776	20 
1777	22 
1778	45 
1779	35 
1780	27 
1781	6 
1782	14 
1783	4 
1784	42 
1785	1 
1786	1 
1787	7 
1788	1 
1789	22 
1790	23 
1791	22 
1792	31 
1793	39 
1794	22 
1795	16 
1796	19 
1797	35 
1798	32 
1799	6 
1800	15 
1801	39 
1802	27 
1803	15 
1804	16 
1805	39 
1806	29 
1807	32 
1808	39 
1809	31 
1810	31 
1811	31 
1812	39 
1813	6 
1814	22 
1815	39 
1816	18 
1817	39 
1818	31 
1819	22 
1820	14 
1821	32 
1822	6 
1823	39 
1824	20 
1825	22 
1826	27 
1827	19 
1828	16 
1829	17 
1830	22 
1831	36 
1832	2 
1833	14 
1834	17 
1835	14 
1836	31 
1837	44 
1838	1 
1839	39 
1840	24 
1841	35 
1842	29 
1843	38 
1844	14 
1845	22 
1846	18 
1847	16 
1848	20 
1849	12 
1850	16 
1851	37 
1852	31 
1853	10 
1854	39 
1855	16 
1856	32 
1857	16 
1858	18 
1859	18 
1860	6 
1861	39 
1862	6 
1863	18 
1864	1 
1865	22 
1866	31 
1867	22 
1868	1 
1869	42 
1870	1 
1871	36 
1872	31 
1873	39 
1874	44 
1875	42 
1876	22 
1877	42 
1878	15 
1879	20 
1880	31 
1881	32 
1882	19 
1883	31 
1884	45 
1885	18 
1886	42 
1887	39 
1888	1 
1889	25 
1890	31 
1891	31 
1892	15 
1893	6 
1894	12 
1895	35 
1896	12 
1897	20 
1898	42 
1899	14 
1900	22 
1901	29 
1902	42 
1903	6 
1904	10 
1905	35 
1906	6 
1907	14 
1908	32 
1909	6 
1910	1 
1911	3 
1912	36 
1913	20 
1914	1 
1915	31 
1916	20 
1917	39 
1918	16 
1919	39 
1920	16 
1921	19 
1922	6 
1923	31 
1924	36 
1925	19 
1926	45 
1927	35 
1928	20 
1929	16 
1930	6 
1931	22 
1932	40 
1933	17 
1934	34 
1935	39 
1936	31 
1937	35 
1938	22 
1939	39 
1940	31 
1941	16 
1942	22 
1943	35 
1944	6 
1945	31 
1946	19 
1947	16 
1948	42 
1949	13 
1950	29 
1951	15 
1952	1 
1953	44 
1954	44 
1955	14 
1956	35 
1957	16 
1958	39 
1959	35 
1960	22 
1961	16 
1962	32 
1963	20 
1964	15 
1965	1 
1966	35 
1967	1 
1968	11 
1969	8 
1970	36 
1971	22 
1972	22 
1973	14 
1974	16 
1975	1 
1976	14 
1977	33 
1978	14 
1979	20 
1980	35 
1981	31 
1982	1 
1983	6 
1984	31 
1985	1 
1986	6 
1987	29 
1988	31 
1989	33 
1990	43 
1991	6 
1992	12 
1993	20 
1994	8 
1995	20 
1996	18 
1997	16 
1998	35 
1999	11 
2000	3 
2001	16 
2002	39 
2003	28 
2004	39 
2005	16 
2006	6 
2007	16 
2008	22 
2009	14 
2010	20 
2011	36 
2012	20 
2013	15 
2014	7 
2015	8 
2016	39 
2017	6 
2018	29 
2019	17 
2020	32 
2021	39 
2022	39 
2023	18 
2024	1 
2025	20 
2026	8 
2027	6 
2028	19 
2029	45 
2030	16 
2031	39 
2032	17 
2033	39 
2034	39 
2035	1 
2036	6 
2037	14 
2038	36 
2039	20 
2040	20 
2041	12 
2042	35 
2043	20 
2044	35 
2045	31 
2046	39 
2047	39 
2048	35 
2049	1 
2050	32 
2051	26 
2052	16 
2053	15 
2054	14 
2055	33 
2056	15 
2057	40 
2058	33 
2059	17 
2060	22 
2061	39 
2062	45 
2063	38 
2064	22 
2065	20 
2066	6 
2067	22 
2068	16 
2069	37 
2070	39 
2071	11 
2072	20 
2073	33 
2074	39 
2075	39 
2076	6 
2077	30 
2078	42 
2079	35 
2080	6 
2081	1 
2082	21 
2083	39 
2084	20 
2085	14 
2086	16 
2087	31 
2088	35 
2089	20 
2090	39 
2091	16 
2092	31 
2093	20 
2094	22 
2095	39 
2096	39 
2097	20 
2098	44 
2099	42 
2100	14 
2101	1 
2102	39 
2103	35 
2104	45 
2105	1 
2106	23 
2107	17 
2108	31 
2109	20 
2110	20 
2111	17 
2112	16 
2113	36 
2114	6 
2115	14 
2116	39 
2117	35 
2118	31 
2119	16 
2120	6 
2121	16 
2122	12 
2123	35 
2124	8 
2125	35 
2126	22 
2127	17 
2128	1 
2129	1 
2130	13 
2131	35 
2132	16 
2133	35 
2134	32 
2135	32 
2136	22 
2137	17 
2138	31 
2139	6 
2140	17 
2141	16 
2142	17 
2143	31 
2144	32 
2145	31 
2146	31 
2147	20 
2148	39 
2149	31 
2150	35 
2151	22 
2152	44 
2153	31 
2154	17 
2155	35 
2156	35 
2157	22 
2158	15 
2159	14 
2160	39 
2161	32 
2162	1 
2163	35 
2164	1 
2165	35 
2166	35 
2167	1 
2168	16 
2169	6 
2170	17 
2171	6 
2172	22 
2173	35 
2174	3 
2175	16 
2176	44 
2177	33 
2178	17 
2179	29 
2180	6 
2181	10 
2182	42 
2183	31 
2184	18 
2185	16 
2186	6 
2187	6 
2188	18 
2189	22 
2190	1 
2191	1 
2192	18 
2193	6 
2194	16 
2195	42 
2196	6 
2197	32 
2198	22 
2199	22 
2200	31 
2201	6 
2202	19 
2203	14 
2204	35 
2205	18 
2206	29 
2207	37 
2208	32 
2209	39 
2210	31 
2211	6 
2212	33 
2213	42 
2214	4 
2215	31 
2216	31 
2217	22 
2218	39 
2219	5 
2220	42 
2221	6 
2222	39 
2223	39 
2224	39 
2225	15 
2226	14 
2227	29 
2228	6 
2229	12 
2230	6 
2231	33 
2232	16 
2233	6 
2234	14 
2235	20 
2236	6 
2237	5 
2238	22 
2239	22 
2240	16 
2241	42 
2242	6 
2243	15 
2244	38 
2245	39 
2246	16 
2247	39 
2248	39 
2249	16 
2250	20 
2251	44 
2252	1 
2253	31 
2254	39 
2255	20 
2256	20 
2257	24 
2258	22 
2259	31 
2260	17 
2261	29 
2262	10 
2263	16 
2264	16 
2265	16 
2266	2 
2267	22 
2268	6 
2269	8 
2270	42 
2271	22 
2272	16 
2273	39 
2274	22 
2275	6 
2276	6 
2277	16 
2278	39 
2279	6 
2280	34 
2281	22 
2282	12 
2283	18 
2284	22 
2285	12 
2286	16 
2287	11 
2288	42 
2289	31 
2290	15 
2291	16 
2292	44 
2293	15 
2294	35 
2295	6 
2296	31 
2297	22 
2298	19 
2299	3 
2300	20 
2301	16 
2302	18 
2303	31 
2304	42 
2305	39 
2306	6 
2307	22 
2308	39 
2309	20 
2310	20 
2311	31 
2312	31 
2313	39 
2314	39 
2315	22 
2316	39 
2317	16 
2318	18 
2319	31 
2320	42 
2321	29 
2322	39 
2323	14 
2324	11 
2325	22 
2326	9 
2327	32 
2328	11 
2329	16 
2330	15 
2331	16 
2332	1 
2333	1 
2334	14 
2335	32 
2336	31 
2337	31 
2338	42 
2339	42 
2340	22 
2341	6 
2342	14 
2343	22 
2344	9 
2345	15 
2346	2 
2347	39 
2348	22 
2349	1 
2350	17 
2351	6 
2352	39 
2353	16 
2354	13 
2355	18 
2356	1 
2357	6 
2358	39 
2359	1 
2360	6 
2361	6 
2362	39 
2363	32 
2364	1 
2365	39 
2366	22 
2367	22 
2368	22 
2369	31 
2370	16 
2371	16 
2372	2 
2373	22 
2374	35 
2375	6 
2376	31 
2377	1 
2378	39 
2379	16 
2380	35 
2381	1 
2382	33 
2383	44 
2384	22 
2385	6 
2386	1 
2387	8 
2388	16 
2389	22 
2390	14 
2391	20 
2392	31 
2393	1 
2394	18 
2395	35 
2396	31 
2397	22 
2398	39 
2399	15 
2400	39 
2401	7 
2402	22 
2403	6 
2404	35 
2405	6 
2406	20 
2407	16 
2408	39 
2409	17 
2410	42 
2411	8 
2412	39 
2413	31 
2414	18 
2415	6 
2416	22 
2417	20 
2418	22 
2419	1 
2420	18 
2421	6 
2422	42 
2423	7 
2424	6 
2425	22 
2426	16 
2427	6 
2428	36 
2429	1 
2430	15 
2431	6 
2432	14 
2433	17 
2434	6 
2435	22 
2436	16 
2437	1 
2438	17 
2439	13 
2440	31 
2441	22 
2442	6 
2443	19 
2444	6 
2445	22 
2446	42 
2447	22 
2448	19 
2449	32 
2450	39 
2451	44 
2452	14 
2453	29 
2454	31 
2455	34 
2456	15 
2457	15 
2458	22 
2459	12 
2460	32 
2461	39 
2462	35 
2463	42 
2464	31 
2465	35 
2466	22 
2467	1 
2468	15 
2469	39 
2470	7 
2471	16 
2472	33 
2473	6 
2474	6 
2475	16 
2476	16 
2477	22 
2478	32 
2479	32 
2480	18 
2481	29 
2482	14 
2483	6 
2484	15 
2485	16 
2486	39 
2487	39 
2488	39 
2489	22 
2490	36 
2491	22 
2492	32 
2493	29 
2494	9 
2495	6 
2496	35 
2497	1 
2498	6 
2499	22 
2500	44 
2501	24 
2502	24 
2503	16 
2504	42 
2505	6 
2506	14 
2507	39 
2508	31 
2509	24 
2510	1 
2511	42 
2512	22 
2513	24 
2514	22 
2515	34 
2516	20 
2517	37 
2518	31 
2519	15 
2520	18 
2521	35 
2522	1 
2523	1 
2524	22 
2525	14 
2526	32 
2527	7 
2528	17 
2529	32 
2530	31 
2531	6 
2532	36 
2533	18 
2534	1 
2535	39 
2536	38 
2537	16 
2538	20 
2539	32 
2540	6 
2541	42 
2542	22 
2543	39 
2544	6 
2545	39 
2546	35 
2547	39 
2548	44 
2549	22 
2550	19 
2551	39 
2552	20 
2553	19 
2554	27 
2555	6 
2556	15 
2557	22 
2558	39 
2559	39 
2560	1 
2561	31 
2562	17 
2563	29 
2564	31 
2565	19 
2566	44 
2567	39 
2568	31 
2569	6 
2570	31 
2571	24 
2572	15 
2573	1 
2574	22 
2575	39 
2576	17 
2577	16 
2578	1 
2579	31 
2580	20 
2581	16 
2582	14 
2583	6 
2584	42 
2585	31 
2586	17 
2587	32 
2588	39 
2589	31 
2590	22 
2591	6 
2592	35 
2593	1 
2594	44 
2595	1 
2596	15 
2597	35 
2598	16 
2599	20 
2600	20 
2601	6 
2602	31 
2603	32 
2604	22 
2605	1 
2606	6 
2607	1 
2608	30 
2609	17 
2610	6 
2611	1 
2612	1 
2613	39 
2614	16 
2615	35 
2616	14 
2617	39 
2618	22 
2619	22 
2620	35 
2621	31 
2622	42 
2623	42 
2624	9 
2625	34 
2626	15 
2627	42 
2628	35 
2629	6 
2630	1 
2631	32 
2632	16 
2633	18 
2634	39 
2635	16 
2636	16 
2637	31 
2638	22 
2639	6 
2640	31 
2641	35 
2642	14 
2643	45 
2644	6 
2645	39 
2646	22 
2647	18 
2648	42 
2649	18 
2650	20 
2651	42 
2652	14 
2653	16 
2654	16 
2655	22 
2656	39 
2657	42 
2658	22 
2659	42 
2660	8 
2661	18 
2662	1 
2663	6 
2664	29 
2665	1 
2666	35 
2667	31 
2668	29 
2669	22 
2670	6 
2671	32 
2672	6 
2673	1 
2674	31 
2675	20 
2676	39 
2677	6 
2678	35 
2679	22 
2680	14 
2681	22 
2682	32 
2683	31 
2684	16 
2685	29 
2686	14 
2687	22 
2688	2 
2689	39 
2690	16 
2691	42 
2692	12 
2693	39 
2694	16 
2695	39 
2696	36 
2697	16 
2698	18 
2699	31 
2700	8 
2701	42 
2702	18 
2703	31 
2704	39 
2705	16 
2706	1 
2707	16 
2708	7 
2709	20 
2710	42 
2711	42 
2712	42 
2713	14 
2714	5 
2715	42 
2716	1 
2717	1 
2718	18 
2719	16 
2720	14 
2721	31 
2722	35 
2723	1 
2724	45 
2725	17 
2726	34 
2727	42 
2728	17 
2729	1 
2730	35 
2731	31 
2732	18 
2733	35 
2734	1 
2735	16 
2736	22 
2737	35 
2738	20 
2739	32 
2740	42 
2741	7 
2742	15 
2743	15 
2744	1 
2745	31 
2746	42 
2747	1 
2748	20 
2749	31 
2750	18 
2751	14 
2752	35 
2753	15 
2754	16 
2755	6 
2756	39 
2757	15 
2758	27 
2759	44 
2760	6 
2761	35 
2762	3 
2763	14 
2764	39 
2765	20 
2766	31 
2767	1 
2768	16 
2769	4 
2770	20 
2771	20 
2772	34 
2773	22 
2774	39 
2775	1 
2776	35 
2777	4 
2778	32 
2779	18 
2780	42 
2781	6 
2782	39 
2783	17 
2784	31 
2785	22 
2786	12 
2787	6 
2788	44 
2789	6 
2790	22 
2791	22 
2792	14 
2793	6 
2794	18 
2795	17 
2796	15 
2797	22 
2798	16 
2799	15 
2800	14 
2801	31 
2802	16 
2803	16 
2804	42 
2805	15 
2806	6 
2807	20 
2808	18 
2809	39 
2810	8 
2811	31 
2812	22 
2813	34 
2814	16 
2815	44 
2816	32 
2817	42 
2818	31 
2819	31 
2820	31 
2821	17 
2822	35 
2823	18 
2824	27 
2825	3 
2826	9 
2827	31 
2828	1 
2829	20 
2830	29 
2831	35 
2832	22 
2833	1 
2834	22 
2835	20 
2836	31 
2837	39 
2838	42 
2839	6 
2840	31 
2841	6 
2842	34 
2843	6 
2844	35 
2845	13 
2846	22 
2847	16 
2848	16 
2849	4 
2850	35 
2851	22 
2852	45 
2853	20 
2854	20 
2855	18 
2856	44 
2857	16 
2858	22 
2859	17 
2860	29 
2861	1 
2862	34 
2863	16 
2864	32 
2865	35 
2866	18 
2867	29 
2868	44 
2869	15 
2870	39 
2871	32 
2872	3 
2873	39 
2874	22 
2875	16 
2876	1 
2877	16 
2878	35 
2879	6 
2880	17 
2881	16 
2882	16 
2883	45 
2884	39 
2885	32 
2886	31 
2887	35 
2888	32 
2889	14 
2890	20 
2891	31 
2892	44 
2893	33 
2894	31 
2895	12 
2896	16 
2897	16 
2898	35 
2899	20 
2900	3 
2901	39 
2902	6 
2903	14 
2904	32 
2905	11 
2906	1 
2907	42 
2908	1 
2909	22 
2910	44 
2911	6 
2912	20 
2913	31 
2914	39 
2915	17 
2916	7 
2917	39 
2918	8 
2919	35 
2920	1 
2921	16 
2922	10 
2923	8 
2924	32 
2925	29 
2926	42 
2927	31 
2928	22 
2929	39 
2930	34 
2931	31 
2932	24 
2933	42 
2934	35 
2935	6 
2936	42 
2937	39 
2938	18 
2939	31 
2940	35 
2941	9 
2942	14 
2943	22 
2944	19 
2945	12 
2946	12 
2947	31 
2948	20 
2949	15 
2950	44 
2951	31 
2952	22 
2953	18 
2954	39 
2955	42 
2956	39 
2957	16 
2958	14 
2959	42 
2960	1 
2961	31 
2962	14 
2963	32 
2964	44 
2965	42 
2966	15 
2967	45 
2968	1 
2969	31 
2970	16 
2971	15 
2972	32 
2973	22 
2974	39 
2975	7 
2976	22 
2977	16 
2978	45 
2979	35 
2980	31 
2981	6 
2982	39 
2983	5 
2984	35 
2985	22 
2986	39 
2987	22 
2988	15 
2989	14 
2990	39 
2991	36 
2992	1 
2993	42 
2994	17 
2995	22 
2996	22 
2997	44 
2998	14 
2999	16 
3000	16 
3001	39 
3002	35 
3003	14 
3004	35 
3005	20 
3006	31 
3007	42 
3008	38 
3009	3 
3010	16 
3011	16 
3012	31 
3013	17 
3014	1 
3015	31 
3016	42 
3017	32 
3018	22 
3019	20 
3020	14 
3021	22 
3022	19 
3023	16 
3024	17 
3025	42 
3026	31 
3027	1 
3028	16 
3029	18 
3030	22 
3031	22 
3032	14 
3033	31 
3034	35 
3035	35 
3036	6 
3037	6 
3038	36 
3039	6 
3040	5 
3041	35 
3042	32 
3043	22 
3044	20 
3045	35 
3046	20 
3047	32 
3048	32 
3049	20 
3050	34 
3051	20 
3052	45 
3053	42 
3054	42 
3055	32 
3056	36 
3057	22 
3058	32 
3059	6 
3060	14 
3061	31 
3062	33 
3063	18 
3064	32 
3065	32 
3066	20 
3067	39 
3068	6 
3069	22 
3070	39 
3071	39 
3072	39 
3073	6 
3074	22 
3075	8 
3076	39 
3077	32 
3078	12 
3079	1 
3080	39 
3081	16 
3082	22 
3083	6 
3084	22 
3085	36 
3086	22 
3087	16 
3088	6 
3089	20 
3090	6 
3091	44 
3092	16 
3093	8 
3094	35 
3095	3 
3096	19 
3097	39 
3098	14 
3099	16 
3100	22 
3101	6 
3102	6 
3103	14 
3104	6 
3105	22 
3106	12 
3107	31 
3108	39 
3109	16 
3110	32 
3111	14 
3112	44 
3113	20 
3114	16 
3115	20 
3116	44 
3117	22 
3118	1 
3119	35 
3120	16 
3121	22 
3122	15 
3123	22 
3124	33 
3125	6 
3126	45 
3127	39 
3128	18 
3129	16 
3130	39 
3131	20 
3132	6 
3133	31 
3134	22 
3135	1 
3136	42 
3137	18 
3138	16 
3139	14 
3140	16 
3141	42 
3142	39 
3143	42 
3144	31 
3145	14 
3146	6 
3147	4 
3148	35 
3149	3 
3150	7 
3151	1 
3152	42 
3153	1 
3154	35 
3155	16 
3156	22 
3157	1 
3158	32 
3159	6 
3160	1 
3161	35 
3162	17 
3163	32 
3164	14 
3165	39 
3166	6 
3167	32 
3168	16 
3169	7 
3170	20 
3171	6 
3172	1 
3173	42 
3174	39 
3175	22 
3176	29 
3177	15 
3178	22 
3179	35 
3180	6 
3181	44 
3182	20 
3183	32 
3184	42 
3185	45 
3186	31 
3187	39 
3188	9 
3189	22 
3190	18 
3191	42 
3192	44 
3193	36 
3194	16 
3195	35 
3196	40 
3197	1 
3198	1 
3199	42 
3200	6 
3201	35 
3202	42 
3203	10 
3204	12 
3205	16 
3206	42 
3207	39 
3208	22 
3209	1 
3210	16 
3211	39 
3212	33 
3213	17 
3214	14 
3215	22 
3216	1 
3217	31 
3218	39 
3219	18 
3220	39 
3221	3 
3222	31 
3223	44 
3224	16 
3225	6 
3226	16 
3227	7 
3228	16 
3229	17 
3230	14 
3231	33 
3232	3 
3233	42 
3234	38 
3235	8 
3236	42 
3237	14 
3238	15 
3239	31 
3240	44 
3241	2 
3242	12 
3243	31 
3244	6 
3245	22 
3246	8 
3247	14 
3248	16 
3249	45 
3250	39 
3251	14 
3252	44 
3253	14 
3254	22 
3255	6 
3256	6 
3257	33 
3258	32 
3259	16 
3260	19 
3261	6 
3262	32 
3263	14 
3264	16 
3265	31 
3266	17 
3267	40 
3268	17 
3269	31 
3270	14 
3271	20 
3272	16 
3273	20 
3274	12 
3275	39 
3276	39 
3277	16 
3278	32 
3279	39 
3280	22 
3281	22 
3282	16 
3283	31 
3284	31 
3285	39 
3286	32 
3287	39 
3288	39 
3289	3 
3290	22 
3291	1 
3292	6 
3293	1 
3294	10 
3295	12 
3296	35 
3297	19 
3298	32 
3299	20 
3300	20 
3301	39 
3302	22 
3303	31 
3304	31 
3305	16 
3306	17 
3307	45 
3308	9 
3309	4 
3310	1 
3311	32 
3312	39 
3313	1 
3314	44 
3315	18 
3316	31 
3317	16 
3318	12 
3319	34 
3320	14 
3321	35 
3322	15 
3323	33 
3324	12 
3325	18 
3326	6 
3327	39 
3328	9 
3329	35 
3330	16 
3331	14 
3332	7 
3333	5 
3334	6 
3335	31 
3336	42 
3337	34 
3338	20 
3339	42 
3340	44 
3341	31 
3342	15 
3343	39 
3344	31 
3345	1 
3346	6 
3347	39 
3348	22 
3349	32 
3350	1 
3351	44 
3352	42 
3353	36 
3354	6 
3355	6 
3356	34 
3357	6 
3358	14 
3359	1 
3360	10 
3361	16 
3362	39 
3363	22 
3364	29 
3365	32 
3366	6 
3367	22 
3368	44 
3369	44 
3370	33 
3371	16 
3372	20 
3373	8 
3374	18 
3375	22 
3376	45 
3377	15 
3378	15 
3379	15 
3380	32 
3381	39 
3382	1 
3383	1 
3384	3 
3385	42 
3386	20 
3387	35 
3388	6 
3389	1 
3390	35 
3391	6 
3392	16 
3393	33 
3394	42 
3395	31 
3396	1 
3397	6 
3398	32 
3399	22 
3400	22 
3401	16 
3402	6 
3403	44 
3404	14 
3405	16 
3406	31 
3407	32 
3408	39 
3409	14 
3410	42 
3411	22 
3412	35 
3413	20 
3414	32 
3415	16 
3416	18 
3417	39 
3418	32 
3419	44 
3420	4 
3421	20 
3422	17 
3423	39 
3424	1 
3425	22 
3426	31 
3427	33 
3428	31 
3429	35 
3430	45 
3431	45 
3432	14 
3433	12 
3434	40 
3435	39 
3436	19 
3437	6 
3438	16 
3439	1 
3440	42 
3441	31 
3442	32 
3443	7 
3444	15 
3445	6 
3446	33 
3447	1 
3448	17 
3449	32 
3450	34 
3451	22 
3452	35 
3453	31 
3454	14 
3455	16 
3456	16 
3457	32 
3458	20 
3459	44 
3460	14 
3461	17 
3462	20 
3463	31 
3464	22 
3465	42 
3466	17 
3467	32 
3468	35 
3469	42 
3470	16 
3471	22 
3472	22 
3473	7 
3474	15 
3475	20 
3476	6 
3477	12 
3478	31 
3479	16 
3480	18 
3481	44 
3482	44 
3483	45 
3484	6 
3485	16 
3486	16 
3487	22 
3488	32 
3489	18 
3490	39 
3491	15 
3492	15 
3493	31 
3494	18 
3495	39 
3496	38 
3497	18 
3498	29 
3499	42 
3500	6 
3501	39 
3502	32 
3503	20 
3504	31 
3505	12 
3506	16 
3507	42 
3508	39 
3509	8 
3510	1 
3511	22 
3512	14 
3513	16 
3514	19 
3515	35 
3516	14 
3517	16 
3518	4 
3519	39 
3520	6 
3521	18 
3522	42 
3523	1 
3524	17 
3525	42 
3526	6 
3527	34 
3528	32 
3529	40 
3530	31 
3531	7 
3532	1 
3533	7 
3534	15 
3535	10 
3536	2 
3537	29 
3538	20 
3539	22 
3540	16 
3541	18 
3542	22 
3543	16 
3544	36 
3545	39 
3546	29 
3547	6 
3548	42 
3549	12 
3550	44 
3551	14 
3552	32 
3553	1 
3554	15 
3555	6 
3556	45 
3557	42 
3558	39 
3559	16 
3560	6 
3561	32 
3562	1 
3563	31 
3564	18 
3565	22 
3566	19 
3567	45 
3568	22 
3569	39 
3570	39 
3571	39 
3572	38 
3573	29 
3574	14 
3575	1 
3576	18 
3577	22 
3578	39 
3579	40 
3580	7 
3581	31 
3582	22 
3583	20 
3584	22 
3585	16 
3586	17 
3587	16 
3588	20 
3589	16 
3590	22 
3591	15 
3592	20 
3593	22 
3594	36 
3595	16 
3596	31 
3597	16 
3598	14 
3599	3 
3600	31 
3601	35 
3602	9 
3603	35 
3604	22 
3605	39 
3606	31 
3607	29 
3608	39 
3609	33 
3610	16 
3611	20 
3612	33 
3613	31 
3614	12 
3615	17 
3616	1 
3617	39 
3618	31 
3619	6 
3620	14 
3621	39 
3622	15 
3623	15 
3624	35 
3625	32 
3626	35 
3627	20 
3628	42 
3629	14 
3630	36 
3631	22 
3632	20 
3633	10 
3634	20 
3635	6 
3636	16 
3637	39 
3638	36 
3639	39 
3640	35 
3641	18 
3642	19 
3643	6 
3644	14 
3645	5 
3646	14 
3647	14 
3648	7 
3649	36 
3650	31 
3651	20 
3652	22 
3653	8 
3654	5 
3655	39 
3656	42 
3657	31 
3658	35 
3659	6 
3660	20 
3661	44 
3662	22 
3663	16 
3664	14 
3665	6 
3666	22 
3667	32 
3668	6 
3669	31 
3670	20 
3671	32 
3672	22 
3673	31 
3674	42 
3675	32 
3676	42 
3677	42 
3678	9 
3679	18 
3680	31 
3681	42 
3682	35 
3683	19 
3684	35 
3685	35 
3686	35 
3687	31 
3688	6 
3689	14 
3690	42 
3691	1 
3692	33 
3693	20 
3694	20 
3695	14 
3696	1 
3697	20 
3698	8 
3699	35 
3700	1 
3701	20 
3702	32 
3703	1 
3704	20 
3705	45 
3706	22 
3707	14 
3708	6 
3709	39 
3710	39 
3711	5 
3712	6 
3713	34 
3714	14 
3715	1 
3716	18 
3717	14 
3718	22 
3719	14 
3720	16 
3721	14 
3722	8 
3723	42 
3724	15 
3725	44 
3726	44 
3727	1 
3728	44 
3729	44 
3730	31 
3731	22 
3732	31 
3733	16 
3734	20 
3735	32 
3736	39 
3737	16 
3738	32 
3739	35 
3740	31 
3741	22 
3742	44 
3743	10 
3744	3 
3745	22 
3746	20 
3747	39 
3748	14 
3749	20 
3750	20 
3751	14 
3752	20 
3753	3 
3754	16 
3755	31 
3756	35 
3757	14 
3758	6 
3759	14 
3760	40 
3761	44 
3762	39 
3763	45 
3764	45 
3765	36 
3766	3 
3767	44 
3768	45 
3769	6 
3770	3 
3771	33 
3772	16 
3773	22 
3774	1 
3775	6 
3776	22 
3777	32 
3778	34 
3779	22 
3780	31 
3781	16 
3782	16 
3783	35 
3784	45 
3785	1 
3786	12 
3787	12 
3788	6 
3789	22 
3790	6 
3791	29 
3792	42 
3793	6 
3794	31 
3795	1 
3796	1 
3797	15 
3798	31 
3799	16 
3800	17 
3801	22 
3802	32 
3803	31 
3804	19 
3805	15 
3806	1 
3807	35 
3808	14 
3809	16 
3810	42 
3811	3 
3812	6 
3813	22 
3814	1 
3815	22 
3816	20 
3817	15 
3818	15 
3819	17 
3820	6 
3821	16 
3822	39 
3823	22 
3824	22 
3825	39 
3826	16 
3827	32 
3828	18 
3829	22 
3830	6 
3831	14 
3832	22 
3833	44 
3834	42 
3835	35 
3836	32 
3837	15 
3838	35 
3839	16 
3840	29 
3841	6 
3842	9 
3843	35 
3844	3 
3845	22 
3846	6 
3847	14 
3848	20 
3849	39 
3850	1 
3851	6 
3852	32 
3853	31 
3854	32 
3855	22 
3856	35 
3857	6 
3858	42 
3859	20 
3860	22 
3861	39 
3862	32 
3863	12 
3864	22 
3865	20 
3866	35 
3867	14 
3868	1 
3869	6 
3870	18 
3871	17 
3872	31 
3873	19 
3874	32 
3875	22 
3876	16 
3877	42 
3878	1 
3879	6 
3880	45 
3881	16 
3882	42 
3883	20 
3884	1 
3885	16 
3886	35 
3887	6 
3888	42 
3889	20 
3890	16 
3891	20 
3892	20 
3893	31 
3894	20 
3895	20 
3896	18 
3897	42 
3898	6 
3899	32 
3900	22 
3901	39 
3902	16 
3903	16 
3904	12 
3905	40 
3906	44 
3907	14 
3908	8 
3909	42 
3910	6 
3911	20 
3912	6 
3913	44 
3914	36 
3915	32 
3916	16 
3917	33 
3918	22 
3919	18 
3920	16 
3921	1 
3922	15 
3923	14 
3924	35 
3925	44 
3926	39 
3927	44 
3928	16 
3929	8 
3930	14 
3931	6 
3932	20 
3933	18 
3934	9 
3935	16 
3936	15 
3937	1 
3938	8 
3939	17 
3940	20 
3941	42 
3942	35 
3943	32 
3944	33 
3945	1 
3946	7 
3947	20 
3948	22 
3949	39 
3950	16 
3951	1 
3952	35 
3953	40 
3954	16 
3955	14 
3956	42 
3957	18 
3958	39 
3959	40 
3960	31 
3961	14 
3962	16 
3963	3 
3964	32 
3965	29 
3966	3 
3967	20 
3968	6 
3969	22 
3970	31 
3971	34 
3972	34 
3973	6 
3974	35 
3975	1 
3976	22 
3977	39 
3978	42 
3979	17 
3980	6 
3981	17 
3982	32 
3983	3 
3984	6 
3985	14 
3986	10 
3987	22 
3988	22 
3989	1 
3990	31 
3991	1 
3992	39 
3993	14 
3994	15 
3995	6 
3996	39 
3997	39 
3998	35 
3999	34 
4000	39 
4001	36 
4002	31 
4003	22 
4004	1 
4005	14 
4006	8 
4007	22 
4008	3 
4009	15 
4010	39 
4011	6 
4012	1 
4013	6 
4014	14 
4015	39 
4016	39 
4017	32 
4018	14 
4019	32 
4020	20 
4021	38 
4022	8 
4023	17 
4024	6 
4025	22 
4026	16 
4027	32 
4028	31 
4029	31 
4030	19 
4031	22 
4032	5 
4033	6 
4034	14 
4035	22 
4036	32 
4037	29 
4038	20 
4039	6 
4040	39 
4041	20 
4042	17 
4043	42 
4044	32 
4045	31 
4046	4 
4047	16 
4048	16 
4049	34 
4050	10 
4051	14 
4052	32 
4053	42 
4054	31 
4055	16 
4056	6 
4057	31 
4058	39 
4059	14 
4060	14 
4061	39 
4062	8 
4063	15 
4064	19 
4065	31 
4066	16 
4067	16 
4068	19 
4069	44 
4070	22 
4071	35 
4072	35 
4073	42 
4074	5 
4075	35 
4076	39 
4077	6 
4078	12 
4079	12 
4080	32 
4081	35 
4082	16 
4083	42 
4084	14 
4085	15 
4086	12 
4087	16 
4088	16 
4089	17 
4090	14 
4091	16 
4092	20 
4093	14 
4094	6 
4095	20 
4096	45 
4097	22 
4098	32 
4099	31 
4100	39 
4101	16 
4102	20 
4103	18 
4104	44 
4105	12 
4106	22 
4107	31 
4108	15 
4109	22 
4110	42 
4111	7 
4112	42 
4113	35 
4114	17 
4115	6 
4116	20 
4117	22 
4118	31 
4119	20 
4120	16 
4121	1 
4122	22 
4123	16 
4124	39 
4125	14 
4126	12 
4127	44 
4128	33 
4129	17 
4130	12 
4131	31 
4132	5 
4133	16 
4134	39 
4135	14 
4136	16 
4137	31 
4138	20 
4139	32 
4140	6 
4141	16 
4142	8 
4143	15 
4144	42 
4145	22 
4146	22 
4147	31 
4148	14 
4149	1 
4150	1 
4151	15 
4152	39 
4153	15 
4154	39 
4155	18 
4156	39 
4157	42 
4158	18 
4159	22 
4160	18 
4161	42 
4162	32 
4163	16 
4164	35 
4165	1 
4166	31 
4167	42 
4168	42 
4169	36 
4170	39 
4171	18 
4172	4 
4173	19 
4174	39 
4175	1 
4176	20 
4177	35 
4178	20 
4179	39 
4180	18 
4181	18 
4182	20 
4183	39 
4184	14 
4185	6 
4186	6 
4187	8 
4188	39 
4189	39 
4190	22 
4191	16 
4192	18 
4193	16 
4194	6 
4195	18 
4196	35 
4197	18 
4198	6 
4199	6 
4200	6 
4201	16 
4202	39 
4203	14 
4204	14 
4205	35 
4206	1 
4207	7 
4208	4 
4209	15 
4210	4 
4211	32 
4212	1 
4213	18 
4214	22 
4215	18 
4216	44 
4217	20 
4218	42 
4219	12 
4220	15 
4221	20 
4222	42 
4223	17 
4224	39 
4225	16 
4226	8 
4227	31 
4228	16 
4229	31 
4230	16 
4231	15 
4232	39 
4233	20 
4234	6 
4235	42 
4236	31 
4237	20 
4238	12 
4239	20 
4240	32 
4241	35 
4242	6 
4243	39 
4244	1 
4245	22 
4246	31 
4247	8 
4248	14 
4249	15 
4250	16 
4251	45 
4252	16 
4253	39 
4254	35 
4255	32 
4256	35 
4257	39 
4258	29 
4259	22 
4260	39 
4261	42 
4262	17 
4263	3 
4264	16 
4265	39 
4266	6 
4267	6 
4268	31 
4269	35 
4270	31 
4271	22 
4272	22 
4273	14 
4274	31 
4275	44 
4276	31 
4277	42 
4278	31 
4279	8 
4280	16 
4281	18 
4282	20 
4283	31 
4284	10 
4285	10 
4286	39 
4287	8 
4288	33 
4289	32 
4290	6 
4291	16 
4292	20 
4293	6 
4294	35 
4295	9 
4296	9 
4297	22 
4298	16 
4299	6 
4300	44 
4301	14 
4302	22 
4303	22 
4304	20 
4305	42 
4306	6 
4307	32 
4308	1 
4309	16 
4310	35 
4311	31 
4312	31 
4313	18 
4314	1 
4315	6 
4316	16 
4317	16 
4318	20 
4319	1 
4320	16 
4321	8 
4322	32 
4323	10 
4324	31 
4325	6 
4326	39 
4327	6 
4328	31 
4329	6 
4330	31 
4331	16 
4332	6 
4333	6 
4334	1 
4335	6 
4336	45 
4337	1 
4338	22 
4339	14 
4340	16 
4341	39 
4342	17 
4343	9 
4344	39 
4345	3 
4346	14 
4347	22 
4348	35 
4349	31 
4350	32 
4351	22 
4352	20 
4353	15 
4354	1 
4355	15 
4356	14 
4357	31 
4358	16 
4359	34 
4360	14 
4361	32 
4362	18 
4363	35 
4364	42 
4365	31 
4366	22 
4367	15 
4368	39 
4369	35 
4370	6 
4371	35 
4372	35 
4373	17 
4374	19 
4375	22 
4376	35 
4377	33 
4378	39 
4379	22 
4380	15 
4381	14 
4382	44 
4383	6 
4384	31 
4385	22 
4386	20 
4387	31 
4388	39 
4389	22 
4390	6 
4391	22 
4392	42 
4393	1 
4394	35 
4395	32 
4396	32 
4397	6 
4398	31 
4399	39 
4400	12 
4401	39 
4402	6 
4403	22 
4404	6 
4405	35 
4406	45 
4407	22 
4408	39 
4409	15 
4410	34 
4411	39 
4412	6 
4413	44 
4414	44 
4415	16 
4416	20 
4417	6 
4418	1 
4419	22 
4420	17 
4421	7 
4422	42 
4423	1 
4424	31 
4425	35 
4426	35 
4427	14 
4428	12 
4429	34 
4430	6 
4431	32 
4432	35 
4433	16 
4434	6 
4435	14 
4436	35 
4437	18 
4438	15 
4439	16 
4440	14 
4441	16 
4442	31 
4443	35 
4444	19 
4445	45 
4446	39 
4447	18 
4448	15 
4449	44 
4450	17 
4451	15 
4452	15 
4453	6 
4454	22 
4455	35 
4456	35 
4457	6 
4458	20 
4459	6 
4460	39 
4461	16 
4462	32 
4463	32 
4464	31 
4465	6 
4466	22 
4467	39 
4468	19 
4469	6 
4470	16 
4471	42 
4472	1 
4473	22 
4474	20 
4475	31 
4476	18 
4477	16 
4478	22 
4479	42 
4480	44 
4481	42 
4482	6 
4483	8 
4484	20 
4485	22 
4486	16 
4487	31 
4488	42 
4489	6 
4490	18 
4491	6 
4492	32 
4493	32 
4494	19 
4495	31 
4496	7 
4497	20 
4498	20 
4499	6 
4500	22 
4501	45 
4502	39 
4503	15 
4504	17 
4505	39 
4506	20 
4507	8 
4508	32 
4509	31 
4510	14 
4511	32 
4512	29 
4513	20 
4514	6 
4515	31 
4516	17 
4517	42 
4518	14 
4519	39 
4520	31 
4521	22 
4522	39 
4523	44 
4524	22 
4525	20 
4526	31 
4527	35 
4528	22 
4529	42 
4530	8 
4531	16 
4532	44 
4533	31 
4534	22 
4535	32 
4536	15 
4537	16 
4538	16 
4539	22 
4540	31 
4541	35 
4542	22 
4543	39 
4544	22 
4545	39 
4546	22 
4547	39 
4548	20 
4549	39 
4550	31 
4551	32 
4552	8 
4553	39 
4554	44 
4555	44 
4556	39 
4557	1 
4558	32 
4559	39 
4560	15 
4561	18 
4562	22 
4563	20 
4564	17 
4565	15 
4566	35 
4567	32 
4568	22 
4569	16 
4570	22 
4571	6 
4572	1 
4573	22 
4574	1 
4575	35 
4576	42 
4577	6 
4578	20 
4579	15 
4580	1 
4581	31 
4582	22 
4583	14 
4584	16 
4585	29 
4586	35 
4587	6 
4588	3 
4589	31 
4590	15 
4591	20 
4592	3 
4593	16 
4594	39 
4595	15 
4596	44 
4597	42 
4598	16 
4599	22 
4600	14 
4601	22 
4602	12 
4603	44 
4604	39 
4605	15 
4606	22 
4607	32 
4608	20 
4609	31 
4610	22 
4611	32 
4612	22 
4613	6 
4614	35 
4615	14 
4616	16 
4617	35 
4618	6 
4619	22 
4620	35 
4621	22 
4622	45 
4623	18 
4624	33 
4625	14 
4626	17 
4627	3 
4628	6 
4629	1 
4630	32 
4631	35 
4632	8 
4633	15 
4634	12 
4635	35 
4636	34 
4637	12 
4638	7 
4639	45 
4640	18 
4641	6 
4642	1 
4643	35 
4644	16 
4645	1 
4646	6 
4647	7 
4648	29 
4649	39 
4650	16 
4651	1 
4652	6 
4653	39 
4654	39 
4655	16 
4656	14 
4657	33 
4658	32 
4659	6 
4660	35 
4661	1 
4662	20 
4663	39 
4664	31 
4665	20 
4666	31 
4667	31 
4668	31 
4669	42 
4670	32 
4671	36 
4672	32 
4673	18 
4674	22 
4675	18 
4676	6 
4677	14 
4678	15 
4679	6 
4680	6 
4681	15 
4682	1 
4683	32 
4684	31 
4685	39 
4686	6 
4687	45 
4688	31 
4689	15 
4690	6 
4691	20 
4692	20 
4693	15 
4694	1 
4695	39 
4696	39 
4697	18 
4698	32 
4699	29 
4700	3 
4701	31 
4702	22 
4703	15 
4704	32 
4705	6 
4706	39 
4707	42 
4708	39 
4709	22 
4710	22 
4711	6 
4712	31 
4713	6 
4714	1 
4715	6 
4716	44 
4717	44 
4718	32 
4719	31 
4720	31 
4721	22 
4722	18 
4723	22 
4724	15 
4725	22 
4726	22 
4727	16 
4728	35 
4729	16 
4730	22 
4731	6 
4732	22 
4733	15 
4734	14 
4735	16 
4736	42 
4737	18 
4738	18 
4739	35 
4740	39 
4741	6 
4742	6 
4743	39 
4744	39 
4745	1 
4746	16 
4747	39 
4748	22 
4749	20 
4750	1 
4751	14 
4752	17 
4753	16 
4754	16 
4755	22 
4756	16 
4757	14 
4758	1 
4759	16 
4760	35 
4761	22 
4762	16 
4763	42 
4764	16 
4765	39 
4766	22 
4767	20 
4768	1 
4769	42 
4770	35 
4771	14 
4772	20 
4773	22 
4774	6 
4775	32 
4776	22 
4777	31 
4778	22 
4779	12 
4780	1 
4781	15 
4782	32 
4783	20 
4784	15 
4785	15 
4786	39 
4787	18 
4788	22 
4789	22 
4790	31 
4791	42 
4792	32 
4793	16 
4794	14 
4795	6 
4796	6 
4797	22 
4798	14 
4799	35 
4800	22 
4801	31 
4802	39 
4803	16 
4804	1 
4805	42 
4806	31 
4807	14 
4808	16 
4809	31 
4810	39 
4811	32 
4812	15 
4813	15 
4814	22 
4815	15 
4816	16 
4817	16 
4818	31 
4819	31 
4820	39 
4821	6 
4822	32 
4823	6 
4824	6 
4825	22 
4826	39 
4827	42 
4828	20 
4829	20 
4830	1 
4831	44 
4832	32 
4833	1 
4834	39 
4835	1 
4836	45 
4837	32 
4838	1 
4839	16 
4840	14 
4841	35 
4842	22 
4843	20 
4844	15 
4845	22 
4846	16 
4847	16 
4848	22 
4849	6 
4850	32 
4851	15 
4852	1 
4853	18 
4854	44 
4855	14 
4856	39 
4857	22 
4858	14 
4859	35 
4860	22 
4861	16 
4862	39 
4863	17 
4864	42 
4865	22 
4866	39 
4867	32 
4868	22 
4869	44 
4870	32 
4871	18 
4872	18 
4873	1 
4874	1 
4875	6 
4876	22 
4877	31 
4878	31 
4879	1 
4880	18 
4881	39 
4882	18 
4883	39 
4884	44 
4885	22 
4886	22 
4887	16 
4888	20 
4889	1 
4890	16 
4891	14 
4892	22 
4893	22 
4894	31 
4895	18 
4896	22 
4897	39 
4898	42 
4899	35 
4900	32 
4901	42 
4902	17 
4903	14 
4904	1 
4905	16 
4906	1 
4907	39 
4908	1 
4909	18 
4910	1 
4911	35 
4912	20 
4913	15 
4914	39 
4915	22 
4916	20 
4917	18 
4918	6 
4919	1 
4920	39 
4921	35 
4922	44 
4923	1 
4924	6 
4925	15 
4926	18 
4927	1 
4928	22 
4929	15 
4930	20 
4931	16 
4932	6 
4933	6 
4934	39 
4935	6 
4936	31 
4937	6 
4938	22 
4939	31 
4940	16 
4941	39 
4942	16 
4943	1 
4944	22 
4945	35 
4946	31 
4947	39 
4948	42 
4949	31 
4950	18 
4951	1 
4952	35 
4953	6 
4954	16 
4955	16 
4956	18 
4957	16 
4958	16 
4959	16 
4960	39 
4961	20 
4962	6 
4963	16 
4964	39 
4965	16 
4966	39 
4967	35 
4968	39 
4969	6 
4970	1 
4971	14 
4972	32 
4973	39 
4974	22 
4975	20 
4976	35 
4977	16 
4978	6 
4979	31 
4980	16 
4981	6 
4982	6 
4983	1 
4984	20 
4985	39 
4986	39 
4987	22 
4988	39 
4989	6 
4990	6 
4991	20 
4992	16 
4993	39 
4994	22 
4995	39 
4996	22 
4997	1 
4998	1 
4999	16 
5000	1 
