1	23 
2	14 
3	40 
4	26 
5	11 
6	30 
7	32 
8	13 
9	36 
10	15 
11	7 
12	36 
13	32 
14	16 
15	20 
16	34 
17	31 
18	28 
19	30 
20	38 
21	4 
22	28 
23	2 
24	25 
25	16 
26	27 
27	33 
28	2 
29	6 
30	22 
31	38 
32	14 
33	31 
34	19 
35	11 
36	11 
37	40 
38	33 
39	40 
40	32 
41	20 
42	5 
43	13 
44	28 
45	31 
46	5 
47	3 
48	18 
49	26 
50	20 
51	25 
52	14 
53	28 
54	21 
55	32 
56	23 
57	28 
58	36 
59	25 
60	28 
61	7 
62	17 
63	27 
64	11 
65	32 
66	7 
67	35 
68	5 
69	40 
70	11 
71	3 
72	37 
73	21 
74	19 
75	28 
76	36 
77	38 
78	28 
79	34 
80	9 
81	3 
82	36 
83	29 
84	2 
85	28 
86	37 
87	39 
88	18 
89	37 
90	5 
91	40 
92	35 
93	17 
94	23 
95	5 
96	29 
97	38 
98	14 
99	25 
100	14 
101	17 
102	31 
103	33 
104	36 
105	14 
106	24 
107	2 
108	28 
109	14 
110	1 
111	39 
112	35 
113	28 
114	36 
115	9 
116	23 
117	24 
118	10 
119	15 
120	38 
121	30 
122	14 
123	40 
124	4 
125	16 
126	31 
127	3 
128	36 
129	15 
130	23 
131	29 
132	35 
133	26 
134	27 
135	7 
136	8 
137	34 
138	15 
139	34 
140	10 
141	26 
142	11 
143	1 
144	1 
145	14 
146	15 
147	17 
148	10 
149	31 
150	1 
151	39 
152	12 
153	35 
154	23 
155	21 
156	26 
157	14 
158	1 
159	20 
160	13 
161	2 
162	23 
163	7 
164	36 
165	22 
166	1 
167	40 
168	2 
169	24 
170	5 
171	39 
172	22 
173	38 
174	40 
175	18 
176	35 
177	20 
178	13 
179	21 
180	40 
181	3 
182	26 
183	29 
184	29 
185	3 
186	36 
187	36 
188	21 
189	30 
190	7 
191	3 
192	40 
193	14 
194	14 
195	39 
196	15 
197	10 
198	5 
199	27 
200	32 
201	6 
202	21 
203	1 
204	29 
205	5 
206	9 
207	17 
208	4 
209	23 
210	35 
211	13 
212	31 
213	36 
214	28 
215	29 
216	16 
217	25 
218	14 
219	10 
220	40 
221	10 
222	4 
223	35 
224	24 
225	36 
226	12 
227	39 
228	25 
229	6 
230	18 
231	14 
232	30 
233	31 
234	27 
235	11 
236	39 
237	6 
238	23 
239	23 
240	30 
241	36 
242	19 
243	33 
244	17 
245	5 
246	36 
247	40 
248	15 
249	6 
250	37 
251	40 
252	5 
253	14 
254	16 
255	35 
256	14 
257	13 
258	10 
259	19 
260	40 
261	34 
262	16 
263	37 
264	20 
265	33 
266	24 
267	15 
268	28 
269	36 
270	40 
271	7 
272	14 
273	30 
274	7 
275	3 
276	29 
277	28 
278	24 
279	29 
280	8 
281	16 
282	19 
283	19 
284	10 
285	18 
286	15 
287	29 
288	7 
289	10 
290	6 
291	4 
292	19 
293	6 
294	11 
295	16 
296	1 
297	19 
298	7 
299	24 
300	35 
301	2 
302	14 
303	4 
304	16 
305	14 
306	24 
307	23 
308	35 
309	21 
310	22 
311	10 
312	16 
313	15 
314	37 
315	18 
316	10 
317	14 
318	40 
319	15 
320	36 
321	37 
322	40 
323	6 
324	10 
325	36 
326	20 
327	8 
328	26 
329	1 
330	28 
331	3 
332	39 
333	27 
334	9 
335	13 
336	30 
337	4 
338	1 
339	2 
340	33 
341	2 
342	10 
343	21 
344	16 
345	16 
346	31 
347	3 
348	17 
349	7 
350	19 
351	38 
352	24 
353	11 
354	6 
355	2 
356	17 
357	18 
358	14 
359	37 
360	7 
361	24 
362	37 
363	36 
364	2 
365	8 
366	4 
367	26 
368	19 
369	28 
370	6 
371	28 
372	20 
373	22 
374	34 
375	39 
376	20 
377	17 
378	31 
379	32 
380	34 
381	29 
382	31 
383	7 
384	17 
385	32 
386	5 
387	14 
388	19 
389	40 
390	33 
391	20 
392	4 
393	40 
394	2 
395	8 
396	35 
397	34 
398	24 
399	26 
400	26 
401	13 
402	5 
403	23 
404	29 
405	5 
406	16 
407	37 
408	25 
409	17 
410	35 
411	6 
412	16 
413	33 
414	23 
415	9 
416	36 
417	33 
418	20 
419	3 
420	25 
421	6 
422	35 
423	31 
424	38 
425	15 
426	31 
427	21 
428	10 
429	28 
430	32 
431	36 
432	20 
433	1 
434	22 
435	8 
436	40 
437	30 
438	26 
439	6 
440	21 
441	5 
442	8 
443	20 
444	12 
445	16 
446	20 
447	32 
448	38 
449	35 
450	35 
451	32 
452	38 
453	24 
454	32 
455	40 
456	15 
457	10 
458	35 
459	5 
460	26 
461	37 
462	9 
463	26 
464	5 
465	14 
466	11 
467	18 
468	3 
469	19 
470	30 
471	30 
472	32 
473	38 
474	34 
475	22 
476	10 
477	29 
478	10 
479	14 
480	26 
481	40 
482	29 
483	18 
484	39 
485	6 
486	7 
487	39 
488	1 
489	21 
490	1 
491	20 
492	25 
493	23 
494	26 
495	9 
496	20 
497	7 
498	18 
499	27 
500	35 
501	24 
502	1 
503	38 
504	18 
505	6 
506	3 
507	2 
508	13 
509	4 
510	20 
511	11 
512	15 
513	36 
514	19 
515	20 
516	39 
517	22 
518	1 
519	15 
520	39 
521	35 
522	3 
523	33 
524	2 
525	14 
526	25 
527	18 
528	35 
529	35 
530	11 
531	6 
532	16 
533	16 
534	30 
535	2 
536	8 
537	29 
538	9 
539	4 
540	10 
541	27 
542	28 
543	29 
544	5 
545	31 
546	10 
547	5 
548	4 
549	28 
550	5 
551	1 
552	12 
553	31 
554	14 
555	18 
556	7 
557	34 
558	31 
559	4 
560	29 
561	20 
562	8 
563	21 
564	6 
565	17 
566	19 
567	25 
568	28 
569	8 
570	27 
571	37 
572	31 
573	26 
574	25 
575	1 
576	16 
577	25 
578	6 
579	20 
580	15 
581	35 
582	28 
583	36 
584	14 
585	8 
586	23 
587	22 
588	29 
589	2 
590	2 
591	28 
592	18 
593	7 
594	18 
595	26 
596	18 
597	5 
598	38 
599	9 
600	14 
601	17 
602	14 
603	19 
604	11 
605	1 
606	15 
607	7 
608	23 
609	10 
610	29 
611	7 
612	39 
613	25 
614	5 
615	40 
616	37 
617	28 
618	27 
619	32 
620	14 
621	38 
622	25 
623	40 
624	29 
625	6 
626	9 
627	23 
628	33 
629	2 
630	28 
631	39 
632	4 
633	13 
634	2 
635	26 
636	34 
637	12 
638	24 
639	26 
640	16 
641	28 
642	10 
643	38 
644	19 
645	37 
646	35 
647	21 
648	19 
649	28 
650	28 
651	2 
652	20 
653	2 
654	15 
655	18 
656	35 
657	24 
658	33 
659	27 
660	16 
661	22 
662	21 
663	2 
664	30 
665	40 
666	32 
667	35 
668	13 
669	20 
670	10 
671	11 
672	36 
673	28 
674	37 
675	33 
676	16 
677	32 
678	27 
679	40 
680	35 
681	21 
682	19 
683	35 
684	15 
685	10 
686	28 
687	8 
688	21 
689	28 
690	39 
691	15 
692	33 
693	31 
694	18 
695	40 
696	10 
697	13 
698	38 
699	15 
700	20 
701	37 
702	4 
703	1 
704	19 
705	18 
706	29 
707	14 
708	31 
709	35 
710	31 
711	36 
712	6 
713	26 
714	22 
715	33 
716	26 
717	36 
718	26 
719	6 
720	3 
721	9 
722	31 
723	9 
724	10 
725	27 
726	11 
727	18 
728	22 
729	8 
730	29 
731	21 
732	17 
733	34 
734	21 
735	12 
736	38 
737	3 
738	28 
739	20 
740	35 
741	17 
742	20 
743	6 
744	28 
745	21 
746	40 
747	37 
748	7 
749	8 
750	11 
751	36 
752	12 
753	32 
754	24 
755	20 
756	40 
757	25 
758	29 
759	10 
760	7 
761	12 
762	6 
763	22 
764	22 
765	20 
766	19 
767	33 
768	16 
769	20 
770	11 
771	22 
772	18 
773	7 
774	11 
775	14 
776	12 
777	24 
778	18 
779	39 
780	13 
781	3 
782	8 
783	33 
784	30 
785	35 
786	18 
787	10 
788	10 
789	24 
790	36 
791	7 
792	35 
793	3 
794	27 
795	7 
796	1 
797	19 
798	4 
799	37 
800	27 
801	4 
802	30 
803	10 
804	19 
805	21 
806	18 
807	4 
808	13 
809	13 
810	14 
811	39 
812	35 
813	28 
814	18 
815	7 
816	4 
817	28 
818	33 
819	33 
820	11 
821	29 
822	1 
823	5 
824	25 
825	26 
826	16 
827	36 
828	4 
829	13 
830	26 
831	2 
832	38 
833	16 
834	31 
835	29 
836	13 
837	27 
838	9 
839	20 
840	32 
841	40 
842	21 
843	35 
844	18 
845	7 
846	7 
847	10 
848	17 
849	2 
850	37 
851	14 
852	18 
853	19 
854	7 
855	36 
856	22 
857	25 
858	6 
859	2 
860	31 
861	22 
862	31 
863	17 
864	29 
865	39 
866	7 
867	8 
868	29 
869	37 
870	22 
871	12 
872	4 
873	4 
874	34 
875	6 
876	36 
877	40 
878	4 
879	30 
880	32 
881	16 
882	31 
883	6 
884	32 
885	17 
886	38 
887	5 
888	36 
889	13 
890	20 
891	13 
892	12 
893	38 
894	26 
895	23 
896	7 
897	23 
898	8 
899	26 
900	6 
901	14 
902	16 
903	36 
904	14 
905	26 
906	4 
907	8 
908	33 
909	39 
910	31 
911	9 
912	17 
913	7 
914	35 
915	7 
916	30 
917	22 
918	35 
919	15 
920	31 
921	20 
922	14 
923	17 
924	9 
925	10 
926	16 
927	8 
928	3 
929	39 
930	12 
931	31 
932	24 
933	22 
934	30 
935	31 
936	22 
937	13 
938	38 
939	31 
940	16 
941	36 
942	17 
943	6 
944	34 
945	28 
946	25 
947	10 
948	1 
949	24 
950	22 
951	22 
952	29 
953	28 
954	2 
955	24 
956	39 
957	14 
958	28 
959	13 
960	13 
961	22 
962	14 
963	3 
964	13 
965	24 
966	17 
967	7 
968	29 
969	21 
970	24 
971	20 
972	7 
973	18 
974	25 
975	8 
976	23 
977	23 
978	20 
979	29 
980	39 
981	17 
982	26 
983	30 
984	23 
985	9 
986	31 
987	8 
988	33 
989	14 
990	1 
991	4 
992	16 
993	32 
994	25 
995	4 
996	20 
997	26 
998	33 
999	11 
1000	9 
1001	15 
1002	20 
1003	23 
1004	28 
1005	24 
1006	7 
1007	3 
1008	24 
1009	20 
1010	31 
1011	15 
1012	20 
1013	22 
1014	23 
1015	17 
1016	20 
1017	13 
1018	20 
1019	20 
1020	40 
1021	6 
1022	4 
1023	18 
1024	40 
1025	2 
1026	16 
1027	10 
1028	2 
1029	12 
1030	7 
1031	2 
1032	11 
1033	8 
1034	9 
1035	22 
1036	40 
1037	25 
1038	6 
1039	25 
1040	38 
1041	28 
1042	37 
1043	20 
1044	8 
1045	5 
1046	40 
1047	4 
1048	29 
1049	29 
1050	6 
1051	40 
1052	21 
1053	9 
1054	40 
1055	26 
1056	30 
1057	7 
1058	18 
1059	6 
1060	2 
1061	40 
1062	29 
1063	34 
1064	36 
1065	24 
1066	29 
1067	40 
1068	10 
1069	22 
1070	17 
1071	36 
1072	35 
1073	12 
1074	16 
1075	37 
1076	2 
1077	16 
1078	12 
1079	14 
1080	5 
1081	40 
1082	20 
1083	24 
1084	32 
1085	22 
1086	2 
1087	40 
1088	7 
1089	15 
1090	22 
1091	12 
1092	36 
1093	35 
1094	39 
1095	35 
1096	14 
1097	22 
1098	22 
1099	29 
1100	4 
1101	24 
1102	33 
1103	9 
1104	40 
1105	38 
1106	10 
1107	40 
1108	14 
1109	36 
1110	18 
1111	36 
1112	4 
1113	15 
1114	37 
1115	20 
1116	35 
1117	5 
1118	36 
1119	23 
1120	10 
1121	14 
1122	3 
1123	13 
1124	29 
1125	3 
1126	17 
1127	11 
1128	34 
1129	16 
1130	32 
1131	13 
1132	23 
1133	22 
1134	4 
1135	24 
1136	26 
1137	7 
1138	22 
1139	22 
1140	30 
1141	26 
1142	31 
1143	18 
1144	31 
1145	35 
1146	13 
1147	27 
1148	26 
1149	39 
1150	27 
1151	40 
1152	3 
1153	13 
1154	3 
1155	19 
1156	23 
1157	29 
1158	31 
1159	14 
1160	15 
1161	20 
1162	2 
1163	21 
1164	26 
1165	13 
1166	3 
1167	36 
1168	38 
1169	31 
1170	17 
1171	27 
1172	33 
1173	3 
1174	12 
1175	20 
1176	36 
1177	16 
1178	14 
1179	14 
1180	40 
1181	21 
1182	30 
1183	39 
1184	30 
1185	20 
1186	40 
1187	40 
1188	25 
1189	17 
1190	17 
1191	1 
1192	8 
1193	2 
1194	29 
1195	28 
1196	34 
1197	31 
1198	19 
1199	19 
1200	28 
1201	1 
1202	32 
1203	16 
1204	22 
1205	27 
1206	19 
1207	6 
1208	14 
1209	25 
1210	8 
1211	15 
1212	20 
1213	20 
1214	34 
1215	32 
1216	39 
1217	8 
1218	18 
1219	30 
1220	31 
1221	35 
1222	9 
1223	9 
1224	2 
1225	31 
1226	13 
1227	31 
1228	22 
1229	5 
1230	40 
1231	33 
1232	6 
1233	5 
1234	32 
1235	21 
1236	40 
1237	14 
1238	30 
1239	7 
1240	34 
1241	28 
1242	1 
1243	25 
1244	12 
1245	3 
1246	13 
1247	40 
1248	20 
1249	8 
1250	36 
1251	2 
1252	37 
1253	22 
1254	13 
1255	4 
1256	35 
1257	12 
1258	33 
1259	25 
1260	37 
1261	31 
1262	36 
1263	20 
1264	5 
1265	14 
1266	19 
1267	31 
1268	22 
1269	36 
1270	17 
1271	40 
1272	3 
1273	35 
1274	25 
1275	33 
1276	23 
1277	22 
1278	1 
1279	40 
1280	36 
1281	26 
1282	17 
1283	16 
1284	20 
1285	20 
1286	29 
1287	19 
1288	13 
1289	4 
1290	30 
1291	32 
1292	40 
1293	36 
1294	37 
1295	5 
1296	19 
1297	3 
1298	15 
1299	35 
1300	10 
1301	40 
1302	31 
1303	26 
1304	31 
1305	28 
1306	20 
1307	6 
1308	17 
1309	26 
1310	12 
1311	7 
1312	17 
1313	12 
1314	18 
1315	39 
1316	24 
1317	26 
1318	30 
1319	13 
1320	12 
1321	20 
1322	30 
1323	11 
1324	14 
1325	21 
1326	28 
1327	8 
1328	18 
1329	3 
1330	33 
1331	17 
1332	38 
1333	31 
1334	7 
1335	39 
1336	12 
1337	10 
1338	35 
1339	40 
1340	11 
1341	22 
1342	28 
1343	15 
1344	18 
1345	7 
1346	10 
1347	29 
1348	8 
1349	21 
1350	20 
1351	12 
1352	20 
1353	6 
1354	28 
1355	7 
1356	11 
1357	31 
1358	38 
1359	22 
1360	16 
1361	3 
1362	33 
1363	18 
1364	31 
1365	23 
1366	39 
1367	20 
1368	32 
1369	22 
1370	12 
1371	31 
1372	3 
1373	30 
1374	40 
1375	35 
1376	32 
1377	8 
1378	40 
1379	12 
1380	9 
1381	13 
1382	24 
1383	7 
1384	31 
1385	16 
1386	1 
1387	29 
1388	26 
1389	1 
1390	25 
1391	19 
1392	24 
1393	23 
1394	18 
1395	25 
1396	17 
1397	7 
1398	40 
1399	3 
1400	26 
1401	33 
1402	14 
1403	9 
1404	10 
1405	32 
1406	36 
1407	2 
1408	1 
1409	13 
1410	14 
1411	2 
1412	23 
1413	1 
1414	2 
1415	22 
1416	30 
1417	13 
1418	33 
1419	8 
1420	25 
1421	3 
1422	13 
1423	40 
1424	17 
1425	21 
1426	28 
1427	33 
1428	8 
1429	37 
1430	12 
1431	6 
1432	31 
1433	7 
1434	29 
1435	27 
1436	11 
1437	16 
1438	20 
1439	25 
1440	34 
1441	1 
1442	15 
1443	20 
1444	40 
1445	10 
1446	16 
1447	32 
1448	26 
1449	18 
1450	15 
1451	3 
1452	13 
1453	24 
1454	10 
1455	19 
1456	11 
1457	29 
1458	37 
1459	30 
1460	20 
1461	24 
1462	6 
1463	32 
1464	15 
1465	36 
1466	29 
1467	37 
1468	2 
1469	35 
1470	39 
1471	9 
1472	35 
1473	20 
1474	10 
1475	36 
1476	27 
1477	38 
1478	19 
1479	6 
1480	39 
1481	33 
1482	18 
1483	16 
1484	32 
1485	17 
1486	3 
1487	29 
1488	28 
1489	6 
1490	2 
1491	32 
1492	3 
1493	18 
1494	32 
1495	10 
1496	39 
1497	1 
1498	26 
1499	31 
1500	10 
1501	19 
1502	32 
1503	24 
1504	23 
1505	23 
1506	38 
1507	22 
1508	20 
1509	14 
1510	10 
1511	2 
1512	25 
1513	34 
1514	29 
1515	32 
1516	16 
1517	26 
1518	33 
1519	34 
1520	36 
1521	17 
1522	20 
1523	31 
1524	31 
1525	35 
1526	38 
1527	9 
1528	38 
1529	9 
1530	14 
1531	4 
1532	39 
1533	26 
1534	26 
1535	18 
1536	32 
1537	24 
1538	33 
1539	26 
1540	17 
1541	10 
1542	7 
1543	10 
1544	9 
1545	11 
1546	35 
1547	8 
1548	26 
1549	20 
1550	7 
1551	8 
1552	18 
1553	24 
1554	12 
1555	31 
1556	31 
1557	1 
1558	3 
1559	23 
1560	32 
1561	10 
1562	35 
1563	13 
1564	40 
1565	10 
1566	5 
1567	12 
1568	37 
1569	36 
1570	9 
1571	3 
1572	23 
1573	20 
1574	34 
1575	35 
1576	19 
1577	35 
1578	3 
1579	36 
1580	23 
1581	24 
1582	15 
1583	40 
1584	2 
1585	28 
1586	33 
1587	36 
1588	7 
1589	17 
1590	26 
1591	10 
1592	26 
1593	36 
1594	32 
1595	26 
1596	5 
1597	15 
1598	16 
1599	20 
1600	16 
1601	1 
1602	2 
1603	28 
1604	28 
1605	4 
1606	32 
1607	16 
1608	27 
1609	30 
1610	15 
1611	27 
1612	20 
1613	35 
1614	7 
1615	34 
1616	23 
1617	34 
1618	18 
1619	19 
1620	19 
1621	29 
1622	7 
1623	31 
1624	16 
1625	28 
1626	3 
1627	19 
1628	39 
1629	29 
1630	11 
1631	20 
1632	13 
1633	32 
1634	8 
1635	1 
1636	21 
1637	18 
1638	16 
1639	6 
1640	2 
1641	30 
1642	27 
1643	4 
1644	4 
1645	7 
1646	21 
1647	32 
1648	32 
1649	28 
1650	11 
1651	1 
1652	20 
1653	35 
1654	40 
1655	1 
1656	38 
1657	37 
1658	4 
1659	16 
1660	21 
1661	18 
1662	33 
1663	23 
1664	31 
1665	8 
1666	23 
1667	39 
1668	32 
1669	26 
1670	28 
1671	20 
1672	27 
1673	22 
1674	20 
1675	36 
1676	20 
1677	11 
1678	16 
1679	11 
1680	12 
1681	9 
1682	39 
1683	27 
1684	4 
1685	31 
1686	10 
1687	7 
1688	18 
1689	21 
1690	31 
1691	31 
1692	21 
1693	40 
1694	20 
1695	3 
1696	3 
1697	13 
1698	38 
1699	21 
1700	24 
1701	7 
1702	36 
1703	37 
1704	2 
1705	25 
1706	2 
1707	5 
1708	34 
1709	9 
1710	36 
1711	32 
1712	32 
1713	16 
1714	36 
1715	39 
1716	19 
1717	25 
1718	33 
1719	26 
1720	27 
1721	31 
1722	35 
1723	2 
1724	30 
1725	6 
1726	16 
1727	14 
1728	22 
1729	35 
1730	28 
1731	23 
1732	31 
1733	33 
1734	33 
1735	8 
1736	36 
1737	24 
1738	34 
1739	37 
1740	20 
1741	33 
1742	27 
1743	23 
1744	15 
1745	1 
1746	36 
1747	34 
1748	25 
1749	6 
1750	12 
1751	2 
1752	2 
1753	20 
1754	10 
1755	38 
1756	16 
1757	12 
1758	13 
1759	30 
1760	17 
1761	37 
1762	30 
1763	19 
1764	31 
1765	6 
1766	4 
1767	17 
1768	15 
1769	38 
1770	32 
1771	19 
1772	1 
1773	38 
1774	3 
1775	24 
1776	39 
1777	10 
1778	36 
1779	27 
1780	37 
1781	20 
1782	1 
1783	28 
1784	31 
1785	34 
1786	13 
1787	3 
1788	28 
1789	18 
1790	28 
1791	21 
1792	33 
1793	32 
1794	37 
1795	2 
1796	29 
1797	15 
1798	20 
1799	40 
1800	30 
1801	29 
1802	22 
1803	30 
1804	37 
1805	16 
1806	15 
1807	14 
1808	8 
1809	30 
1810	7 
1811	31 
1812	34 
1813	15 
1814	8 
1815	29 
1816	8 
1817	6 
1818	13 
1819	31 
1820	28 
1821	33 
1822	7 
1823	33 
1824	6 
1825	14 
1826	10 
1827	5 
1828	20 
1829	30 
1830	40 
1831	3 
1832	27 
1833	6 
1834	12 
1835	17 
1836	22 
1837	19 
1838	3 
1839	36 
1840	26 
1841	4 
1842	38 
1843	13 
1844	4 
1845	7 
1846	36 
1847	24 
1848	29 
1849	18 
1850	20 
1851	19 
1852	40 
1853	8 
1854	10 
1855	32 
1856	20 
1857	4 
1858	30 
1859	37 
1860	21 
1861	10 
1862	7 
1863	24 
1864	10 
1865	13 
1866	29 
1867	28 
1868	36 
1869	16 
1870	21 
1871	2 
1872	30 
1873	15 
1874	32 
1875	16 
1876	3 
1877	13 
1878	17 
1879	24 
1880	7 
1881	19 
1882	35 
1883	15 
1884	33 
1885	25 
1886	22 
1887	24 
1888	32 
1889	27 
1890	7 
1891	24 
1892	4 
1893	14 
1894	28 
1895	31 
1896	4 
1897	35 
1898	5 
1899	6 
1900	18 
1901	18 
1902	31 
1903	24 
1904	39 
1905	6 
1906	40 
1907	18 
1908	34 
1909	11 
1910	26 
1911	26 
1912	31 
1913	15 
1914	18 
1915	31 
1916	7 
1917	18 
1918	30 
1919	36 
1920	9 
1921	27 
1922	17 
1923	23 
1924	38 
1925	24 
1926	34 
1927	24 
1928	37 
1929	40 
1930	5 
1931	16 
1932	32 
1933	35 
1934	35 
1935	2 
1936	40 
1937	23 
1938	17 
1939	24 
1940	39 
1941	28 
1942	13 
1943	40 
1944	21 
1945	27 
1946	6 
1947	36 
1948	24 
1949	3 
1950	16 
1951	9 
1952	36 
1953	36 
1954	17 
1955	28 
1956	21 
1957	25 
1958	10 
1959	7 
1960	17 
1961	12 
1962	38 
1963	24 
1964	34 
1965	17 
1966	6 
1967	11 
1968	14 
1969	35 
1970	14 
1971	32 
1972	4 
1973	25 
1974	17 
1975	30 
1976	25 
1977	1 
1978	32 
1979	39 
1980	28 
1981	20 
1982	25 
1983	1 
1984	39 
1985	7 
1986	18 
1987	7 
1988	30 
1989	21 
1990	6 
1991	36 
1992	10 
1993	5 
1994	4 
1995	32 
1996	40 
1997	37 
1998	16 
1999	2 
2000	17 
2001	12 
2002	5 
2003	31 
2004	16 
2005	17 
2006	25 
2007	22 
2008	26 
2009	37 
2010	20 
2011	28 
2012	7 
2013	6 
2014	3 
2015	29 
2016	36 
2017	15 
2018	13 
2019	34 
2020	16 
2021	10 
2022	13 
2023	22 
2024	13 
2025	22 
2026	39 
2027	21 
2028	12 
2029	12 
2030	16 
2031	24 
2032	5 
2033	24 
2034	32 
2035	35 
2036	17 
2037	9 
2038	24 
2039	27 
2040	9 
2041	31 
2042	36 
2043	15 
2044	4 
2045	40 
2046	2 
2047	21 
2048	15 
2049	16 
2050	13 
2051	32 
2052	26 
2053	2 
2054	29 
2055	14 
2056	10 
2057	12 
2058	5 
2059	20 
2060	32 
2061	26 
2062	3 
2063	39 
2064	36 
2065	25 
2066	14 
2067	20 
2068	10 
2069	18 
2070	3 
2071	12 
2072	32 
2073	3 
2074	36 
2075	29 
2076	10 
2077	20 
2078	36 
2079	26 
2080	16 
2081	39 
2082	17 
2083	17 
2084	36 
2085	4 
2086	22 
2087	2 
2088	1 
2089	10 
2090	38 
2091	7 
2092	6 
2093	28 
2094	20 
2095	25 
2096	33 
2097	35 
2098	16 
2099	33 
2100	10 
2101	13 
2102	23 
2103	10 
2104	29 
2105	2 
2106	11 
2107	7 
2108	20 
2109	26 
2110	7 
2111	26 
2112	3 
2113	7 
2114	11 
2115	16 
2116	25 
2117	7 
2118	17 
2119	35 
2120	35 
2121	18 
2122	7 
2123	38 
2124	18 
2125	40 
2126	35 
2127	35 
2128	37 
2129	5 
2130	10 
2131	26 
2132	7 
2133	24 
2134	3 
2135	10 
2136	13 
2137	34 
2138	12 
2139	28 
2140	38 
2141	36 
2142	40 
2143	22 
2144	38 
2145	20 
2146	14 
2147	16 
2148	16 
2149	34 
2150	36 
2151	10 
2152	22 
2153	17 
2154	3 
2155	17 
2156	31 
2157	6 
2158	35 
2159	20 
2160	38 
2161	20 
2162	22 
2163	29 
2164	2 
2165	16 
2166	10 
2167	31 
2168	24 
2169	1 
2170	6 
2171	39 
2172	22 
2173	31 
2174	29 
2175	32 
2176	15 
2177	28 
2178	21 
2179	7 
2180	11 
2181	28 
2182	16 
2183	16 
2184	27 
2185	3 
2186	4 
2187	40 
2188	22 
2189	17 
2190	21 
2191	30 
2192	29 
2193	36 
2194	6 
2195	31 
2196	40 
2197	30 
2198	28 
2199	27 
2200	7 
2201	14 
2202	34 
2203	1 
2204	29 
2205	39 
2206	8 
2207	39 
2208	9 
2209	34 
2210	2 
2211	33 
2212	34 
2213	9 
2214	12 
2215	25 
2216	20 
2217	10 
2218	20 
2219	14 
2220	2 
2221	4 
2222	10 
2223	36 
2224	26 
2225	20 
2226	39 
2227	20 
2228	31 
2229	40 
2230	33 
2231	10 
2232	21 
2233	14 
2234	35 
2235	38 
2236	21 
2237	16 
2238	15 
2239	16 
2240	5 
2241	7 
2242	13 
2243	18 
2244	40 
2245	37 
2246	26 
2247	39 
2248	29 
2249	28 
2250	19 
2251	36 
2252	8 
2253	33 
2254	32 
2255	4 
2256	22 
2257	39 
2258	2 
2259	9 
2260	16 
2261	14 
2262	36 
2263	32 
2264	20 
2265	35 
2266	32 
2267	11 
2268	13 
2269	32 
2270	16 
2271	32 
2272	1 
2273	8 
2274	3 
2275	30 
2276	37 
2277	30 
2278	7 
2279	2 
2280	2 
2281	7 
2282	15 
2283	23 
2284	37 
2285	37 
2286	27 
2287	17 
2288	28 
2289	16 
2290	34 
2291	34 
2292	16 
2293	24 
2294	39 
2295	21 
2296	10 
2297	34 
2298	22 
2299	3 
2300	23 
2301	10 
2302	21 
2303	32 
2304	28 
2305	4 
2306	20 
2307	5 
2308	15 
2309	4 
2310	25 
2311	15 
2312	5 
2313	3 
2314	24 
2315	22 
2316	3 
2317	1 
2318	35 
2319	26 
2320	9 
2321	7 
2322	36 
2323	7 
2324	7 
2325	15 
2326	9 
2327	17 
2328	36 
2329	40 
2330	30 
2331	23 
2332	21 
2333	29 
2334	5 
2335	21 
2336	21 
2337	23 
2338	12 
2339	14 
2340	4 
2341	23 
2342	40 
2343	8 
2344	12 
2345	40 
2346	30 
2347	33 
2348	22 
2349	2 
2350	24 
2351	31 
2352	12 
2353	8 
2354	27 
2355	25 
2356	29 
2357	10 
2358	36 
2359	31 
2360	17 
2361	34 
2362	28 
2363	25 
2364	27 
2365	10 
2366	40 
2367	21 
2368	31 
2369	35 
2370	10 
2371	38 
2372	13 
2373	11 
2374	23 
2375	4 
2376	22 
2377	15 
2378	3 
2379	16 
2380	12 
2381	28 
2382	12 
2383	14 
2384	6 
2385	22 
2386	13 
2387	18 
2388	18 
2389	11 
2390	8 
2391	20 
2392	8 
2393	12 
2394	18 
2395	10 
2396	20 
2397	22 
2398	21 
2399	32 
2400	34 
2401	8 
2402	40 
2403	36 
2404	16 
2405	38 
2406	12 
2407	6 
2408	11 
2409	9 
2410	3 
2411	35 
2412	15 
2413	35 
2414	21 
2415	5 
2416	14 
2417	35 
2418	34 
2419	9 
2420	35 
2421	16 
2422	17 
2423	34 
2424	14 
2425	25 
2426	14 
2427	29 
2428	16 
2429	6 
2430	25 
2431	22 
2432	11 
2433	12 
2434	6 
2435	15 
2436	24 
2437	2 
2438	32 
2439	39 
2440	22 
2441	14 
2442	24 
2443	6 
2444	14 
2445	28 
2446	12 
2447	29 
2448	39 
2449	37 
2450	20 
2451	22 
2452	14 
2453	35 
2454	26 
2455	16 
2456	16 
2457	36 
2458	10 
2459	13 
2460	21 
2461	2 
2462	33 
2463	4 
2464	8 
2465	38 
2466	18 
2467	37 
2468	2 
2469	12 
2470	13 
2471	4 
2472	20 
2473	7 
2474	35 
2475	8 
2476	28 
2477	30 
2478	19 
2479	24 
2480	3 
2481	8 
2482	4 
2483	40 
2484	18 
2485	7 
2486	3 
2487	23 
2488	18 
2489	40 
2490	22 
2491	7 
2492	31 
2493	24 
2494	35 
2495	39 
2496	4 
2497	7 
2498	14 
2499	18 
2500	37 
2501	34 
2502	7 
2503	11 
2504	1 
2505	16 
2506	8 
2507	8 
2508	20 
2509	24 
2510	14 
2511	21 
2512	8 
2513	22 
2514	12 
2515	32 
2516	36 
2517	18 
2518	34 
2519	18 
2520	2 
2521	3 
2522	7 
2523	8 
2524	6 
2525	22 
2526	32 
2527	10 
2528	38 
2529	22 
2530	13 
2531	16 
2532	27 
2533	28 
2534	36 
2535	22 
2536	23 
2537	23 
2538	32 
2539	13 
2540	40 
2541	16 
2542	7 
2543	34 
2544	31 
2545	22 
2546	19 
2547	36 
2548	12 
2549	6 
2550	24 
2551	28 
2552	24 
2553	24 
2554	33 
2555	18 
2556	25 
2557	19 
2558	19 
2559	18 
2560	18 
2561	7 
2562	18 
2563	38 
2564	6 
2565	6 
2566	16 
2567	6 
2568	21 
2569	23 
2570	40 
2571	27 
2572	20 
2573	26 
2574	14 
2575	3 
2576	35 
2577	16 
2578	10 
2579	8 
2580	5 
2581	1 
2582	35 
2583	19 
2584	30 
2585	5 
2586	23 
2587	6 
2588	17 
2589	36 
2590	2 
2591	11 
2592	31 
2593	10 
2594	1 
2595	29 
2596	35 
2597	28 
2598	1 
2599	3 
2600	11 
2601	12 
2602	40 
2603	37 
2604	15 
2605	39 
2606	30 
2607	19 
2608	29 
2609	33 
2610	7 
2611	21 
2612	1 
2613	1 
2614	39 
2615	29 
2616	7 
2617	30 
2618	30 
2619	21 
2620	37 
2621	21 
2622	18 
2623	39 
2624	29 
2625	8 
2626	21 
2627	35 
2628	4 
2629	35 
2630	3 
2631	32 
2632	40 
2633	7 
2634	25 
2635	28 
2636	35 
2637	38 
2638	11 
2639	28 
2640	23 
2641	32 
2642	17 
2643	35 
2644	10 
2645	8 
2646	3 
2647	17 
2648	23 
2649	9 
2650	4 
2651	13 
2652	3 
2653	34 
2654	40 
2655	36 
2656	7 
2657	35 
2658	27 
2659	9 
2660	37 
2661	28 
2662	36 
2663	26 
2664	13 
2665	32 
2666	3 
2667	8 
2668	35 
2669	38 
2670	38 
2671	38 
2672	22 
2673	35 
2674	3 
2675	17 
2676	31 
2677	8 
2678	9 
2679	22 
2680	11 
2681	11 
2682	16 
2683	38 
2684	11 
2685	30 
2686	40 
2687	36 
2688	28 
2689	18 
2690	26 
2691	16 
2692	6 
2693	12 
2694	28 
2695	40 
2696	29 
2697	5 
2698	28 
2699	35 
2700	3 
2701	13 
2702	40 
2703	31 
2704	4 
2705	31 
2706	36 
2707	15 
2708	25 
2709	30 
2710	30 
2711	20 
2712	26 
2713	2 
2714	22 
2715	10 
2716	2 
2717	18 
2718	12 
2719	11 
2720	6 
2721	14 
2722	7 
2723	10 
2724	14 
2725	17 
2726	14 
2727	14 
2728	23 
2729	16 
2730	40 
2731	5 
2732	5 
2733	36 
2734	39 
2735	31 
2736	36 
2737	7 
2738	28 
2739	27 
2740	34 
2741	25 
2742	13 
2743	28 
2744	21 
2745	26 
2746	28 
2747	22 
2748	38 
2749	7 
2750	1 
2751	7 
2752	24 
2753	21 
2754	4 
2755	16 
2756	8 
2757	15 
2758	3 
2759	8 
2760	29 
2761	16 
2762	31 
2763	3 
2764	21 
2765	40 
2766	28 
2767	12 
2768	10 
2769	13 
2770	36 
2771	18 
2772	18 
2773	26 
2774	6 
2775	19 
2776	37 
2777	20 
2778	11 
2779	12 
2780	9 
2781	16 
2782	25 
2783	2 
2784	21 
2785	8 
2786	28 
2787	34 
2788	28 
2789	28 
2790	33 
2791	32 
2792	4 
2793	2 
2794	3 
2795	14 
2796	33 
2797	4 
2798	7 
2799	15 
2800	32 
2801	12 
2802	35 
2803	24 
2804	22 
2805	1 
2806	37 
2807	7 
2808	18 
2809	21 
2810	14 
2811	6 
2812	12 
2813	8 
2814	4 
2815	30 
2816	12 
2817	9 
2818	9 
2819	1 
2820	30 
2821	32 
2822	4 
2823	1 
2824	39 
2825	30 
2826	1 
2827	16 
2828	7 
2829	28 
2830	22 
2831	6 
2832	4 
2833	21 
2834	11 
2835	14 
2836	15 
2837	7 
2838	25 
2839	36 
2840	16 
2841	30 
2842	18 
2843	22 
2844	19 
2845	10 
2846	26 
2847	37 
2848	15 
2849	35 
2850	31 
2851	33 
2852	33 
2853	31 
2854	2 
2855	8 
2856	7 
2857	26 
2858	23 
2859	5 
2860	34 
2861	21 
2862	8 
2863	24 
2864	26 
2865	4 
2866	12 
2867	31 
2868	5 
2869	1 
2870	25 
2871	16 
2872	40 
2873	22 
2874	2 
2875	12 
2876	20 
2877	6 
2878	17 
2879	28 
2880	17 
2881	31 
2882	40 
2883	37 
2884	17 
2885	24 
2886	18 
2887	37 
2888	12 
2889	16 
2890	29 
2891	32 
2892	34 
2893	23 
2894	6 
2895	40 
2896	28 
2897	33 
2898	14 
2899	3 
2900	33 
2901	20 
2902	29 
2903	27 
2904	4 
2905	2 
2906	40 
2907	26 
2908	37 
2909	34 
2910	40 
2911	28 
2912	8 
2913	40 
2914	28 
2915	28 
2916	9 
2917	19 
2918	22 
2919	10 
2920	30 
2921	26 
2922	31 
2923	21 
2924	24 
2925	38 
2926	23 
2927	5 
2928	4 
2929	35 
2930	31 
2931	28 
2932	12 
2933	25 
2934	33 
2935	11 
2936	17 
2937	17 
2938	11 
2939	2 
2940	2 
2941	11 
2942	9 
2943	16 
2944	5 
2945	24 
2946	11 
2947	7 
2948	37 
2949	3 
2950	28 
2951	24 
2952	6 
2953	35 
2954	23 
2955	23 
2956	26 
2957	31 
2958	8 
2959	33 
2960	39 
2961	26 
2962	29 
2963	30 
2964	28 
2965	17 
2966	19 
2967	6 
2968	1 
2969	33 
2970	13 
2971	38 
2972	39 
2973	31 
2974	16 
2975	17 
2976	6 
2977	14 
2978	25 
2979	36 
2980	3 
2981	36 
2982	11 
2983	28 
2984	11 
2985	28 
2986	32 
2987	40 
2988	10 
2989	30 
2990	35 
2991	32 
2992	20 
2993	31 
2994	29 
2995	35 
2996	8 
2997	20 
2998	11 
2999	3 
3000	8 
3001	28 
3002	24 
3003	38 
3004	8 
3005	35 
3006	2 
3007	29 
3008	19 
3009	7 
3010	24 
3011	20 
3012	19 
3013	7 
3014	31 
3015	36 
3016	10 
3017	20 
3018	32 
3019	35 
3020	17 
3021	4 
3022	25 
3023	17 
3024	21 
3025	20 
3026	33 
3027	25 
3028	12 
3029	18 
3030	21 
3031	4 
3032	38 
3033	8 
3034	34 
3035	22 
3036	21 
3037	8 
3038	30 
3039	36 
3040	23 
3041	24 
3042	5 
3043	9 
3044	36 
3045	15 
3046	29 
3047	36 
3048	21 
3049	33 
3050	28 
3051	6 
3052	40 
3053	30 
3054	29 
3055	4 
3056	28 
3057	28 
3058	2 
3059	26 
3060	22 
3061	28 
3062	7 
3063	28 
3064	36 
3065	37 
3066	11 
3067	2 
3068	29 
3069	1 
3070	2 
3071	33 
3072	36 
3073	32 
3074	17 
3075	31 
3076	16 
3077	8 
3078	18 
3079	7 
3080	22 
3081	10 
3082	4 
3083	30 
3084	28 
3085	27 
3086	29 
3087	3 
3088	17 
3089	37 
3090	26 
3091	22 
3092	11 
3093	26 
3094	15 
3095	19 
3096	29 
3097	14 
3098	38 
3099	1 
3100	11 
3101	39 
3102	14 
3103	39 
3104	10 
3105	18 
3106	25 
3107	7 
3108	24 
3109	23 
3110	39 
3111	18 
3112	32 
3113	40 
3114	7 
3115	28 
3116	10 
3117	4 
3118	35 
3119	17 
3120	2 
3121	22 
3122	1 
3123	39 
3124	36 
3125	5 
3126	4 
3127	4 
3128	28 
3129	19 
3130	35 
3131	26 
3132	37 
3133	39 
3134	40 
3135	18 
3136	16 
3137	15 
3138	5 
3139	8 
3140	10 
3141	24 
3142	21 
3143	31 
3144	7 
3145	36 
3146	20 
3147	17 
3148	30 
3149	22 
3150	2 
3151	15 
3152	38 
3153	40 
3154	38 
3155	26 
3156	27 
3157	26 
3158	5 
3159	11 
3160	37 
3161	26 
3162	3 
3163	23 
3164	37 
3165	12 
3166	4 
3167	4 
3168	29 
3169	14 
3170	36 
3171	39 
3172	26 
3173	6 
3174	31 
3175	33 
3176	1 
3177	38 
3178	29 
3179	34 
3180	19 
3181	16 
3182	39 
3183	38 
3184	29 
3185	12 
3186	3 
3187	30 
3188	30 
3189	36 
3190	25 
3191	10 
3192	39 
3193	10 
3194	37 
3195	2 
3196	8 
3197	22 
3198	19 
3199	27 
3200	25 
3201	32 
3202	9 
3203	7 
3204	18 
3205	31 
3206	6 
3207	6 
3208	3 
3209	27 
3210	17 
3211	40 
3212	17 
3213	36 
3214	13 
3215	37 
3216	40 
3217	16 
3218	10 
3219	2 
3220	34 
3221	35 
3222	29 
3223	29 
3224	9 
3225	11 
3226	31 
3227	29 
3228	7 
3229	16 
3230	2 
3231	8 
3232	4 
3233	35 
3234	8 
3235	18 
3236	11 
3237	8 
3238	33 
3239	22 
3240	15 
3241	31 
3242	16 
3243	5 
3244	27 
3245	22 
3246	31 
3247	12 
3248	16 
3249	30 
3250	18 
3251	16 
3252	5 
3253	15 
3254	32 
3255	39 
3256	3 
3257	22 
3258	25 
3259	1 
3260	8 
3261	5 
3262	28 
3263	14 
3264	19 
3265	29 
3266	20 
3267	11 
3268	33 
3269	6 
3270	1 
3271	21 
3272	21 
3273	2 
3274	26 
3275	32 
3276	13 
3277	6 
3278	5 
3279	16 
3280	35 
3281	30 
3282	10 
3283	13 
3284	4 
3285	15 
3286	38 
3287	37 
3288	32 
3289	13 
3290	28 
3291	22 
3292	36 
3293	23 
3294	10 
3295	27 
3296	36 
3297	18 
3298	21 
3299	25 
3300	22 
3301	36 
3302	14 
3303	29 
3304	36 
3305	2 
3306	16 
3307	28 
3308	40 
3309	33 
3310	20 
3311	19 
3312	22 
3313	31 
3314	39 
3315	8 
3316	9 
3317	35 
3318	40 
3319	19 
3320	15 
3321	22 
3322	37 
3323	11 
3324	9 
3325	14 
3326	8 
3327	24 
3328	30 
3329	2 
3330	30 
3331	37 
3332	38 
3333	26 
3334	36 
3335	29 
3336	22 
3337	35 
3338	36 
3339	14 
3340	22 
3341	27 
3342	3 
3343	34 
3344	32 
3345	14 
3346	10 
3347	5 
3348	10 
3349	29 
3350	40 
3351	4 
3352	33 
3353	28 
3354	3 
3355	6 
3356	22 
3357	29 
3358	21 
3359	22 
3360	27 
3361	17 
3362	2 
3363	11 
3364	18 
3365	28 
3366	31 
3367	11 
3368	27 
3369	11 
3370	26 
3371	9 
3372	5 
3373	26 
3374	28 
3375	10 
3376	33 
3377	5 
3378	28 
3379	36 
3380	9 
3381	9 
3382	22 
3383	6 
3384	14 
3385	24 
3386	10 
3387	35 
3388	37 
3389	31 
3390	7 
3391	8 
3392	19 
3393	1 
3394	37 
3395	7 
3396	29 
3397	33 
3398	16 
3399	21 
3400	20 
3401	28 
3402	21 
3403	38 
3404	10 
3405	19 
3406	39 
3407	38 
3408	28 
3409	26 
3410	10 
3411	20 
3412	18 
3413	4 
3414	25 
3415	14 
3416	40 
3417	6 
3418	22 
3419	37 
3420	34 
3421	29 
3422	25 
3423	18 
3424	21 
3425	19 
3426	18 
3427	9 
3428	16 
3429	28 
3430	40 
3431	28 
3432	39 
3433	23 
3434	5 
3435	33 
3436	22 
3437	19 
3438	38 
3439	14 
3440	27 
3441	30 
3442	14 
3443	37 
3444	17 
3445	1 
3446	25 
3447	21 
3448	38 
3449	14 
3450	13 
3451	16 
3452	40 
3453	3 
3454	18 
3455	3 
3456	3 
3457	20 
3458	26 
3459	19 
3460	18 
3461	10 
3462	10 
3463	32 
3464	20 
3465	3 
3466	10 
3467	15 
3468	8 
3469	40 
3470	18 
3471	9 
3472	16 
3473	2 
3474	38 
3475	14 
3476	27 
3477	3 
3478	23 
3479	6 
3480	6 
3481	9 
3482	20 
3483	35 
3484	10 
3485	9 
3486	8 
3487	6 
3488	1 
3489	10 
3490	26 
3491	3 
3492	8 
3493	10 
3494	28 
3495	31 
3496	26 
3497	15 
3498	8 
3499	9 
3500	14 
3501	7 
3502	3 
3503	3 
3504	3 
3505	21 
3506	14 
3507	20 
3508	29 
3509	15 
3510	28 
3511	38 
3512	27 
3513	40 
3514	36 
3515	4 
3516	4 
3517	26 
3518	31 
3519	33 
3520	32 
3521	19 
3522	21 
3523	6 
3524	15 
3525	26 
3526	14 
3527	16 
3528	39 
3529	24 
3530	39 
3531	39 
3532	4 
3533	30 
3534	20 
3535	22 
3536	21 
3537	10 
3538	20 
3539	16 
3540	27 
3541	20 
3542	8 
3543	10 
3544	9 
3545	29 
3546	6 
3547	16 
3548	7 
3549	33 
3550	32 
3551	16 
3552	19 
3553	18 
3554	24 
3555	9 
3556	6 
3557	2 
3558	27 
3559	6 
3560	32 
3561	32 
3562	39 
3563	38 
3564	37 
3565	4 
3566	3 
3567	16 
3568	35 
3569	9 
3570	30 
3571	5 
3572	2 
3573	4 
3574	34 
3575	7 
3576	10 
3577	31 
3578	2 
3579	12 
3580	21 
3581	22 
3582	33 
3583	32 
3584	8 
3585	2 
3586	21 
3587	25 
3588	30 
3589	9 
3590	10 
3591	23 
3592	40 
3593	20 
3594	40 
3595	35 
3596	9 
3597	6 
3598	12 
3599	17 
3600	10 
3601	26 
3602	31 
3603	18 
3604	10 
3605	2 
3606	36 
3607	3 
3608	36 
3609	37 
3610	40 
3611	2 
3612	8 
3613	33 
3614	7 
3615	19 
3616	6 
3617	6 
3618	2 
3619	16 
3620	32 
3621	25 
3622	7 
3623	33 
3624	28 
3625	17 
3626	35 
3627	7 
3628	22 
3629	19 
3630	40 
3631	34 
3632	6 
3633	35 
3634	32 
3635	9 
3636	16 
3637	36 
3638	36 
3639	22 
3640	20 
3641	30 
3642	28 
3643	40 
3644	35 
3645	10 
3646	3 
3647	14 
3648	27 
3649	38 
3650	13 
3651	37 
3652	22 
3653	28 
3654	25 
3655	7 
3656	22 
3657	17 
3658	10 
3659	20 
3660	35 
3661	26 
3662	37 
3663	7 
3664	38 
3665	14 
3666	1 
3667	3 
3668	22 
3669	30 
3670	4 
3671	2 
3672	24 
3673	29 
3674	23 
3675	34 
3676	28 
3677	31 
3678	1 
3679	32 
3680	18 
3681	34 
3682	17 
3683	1 
3684	35 
3685	25 
3686	23 
3687	32 
3688	16 
3689	31 
3690	19 
3691	20 
3692	16 
3693	25 
3694	28 
3695	14 
3696	10 
3697	5 
3698	10 
3699	6 
3700	26 
3701	20 
3702	26 
3703	6 
3704	32 
3705	18 
3706	16 
3707	2 
3708	35 
3709	26 
3710	22 
3711	7 
3712	5 
3713	36 
3714	31 
3715	21 
3716	2 
3717	9 
3718	35 
3719	27 
3720	14 
3721	6 
3722	27 
3723	18 
3724	21 
3725	3 
3726	16 
3727	20 
3728	21 
3729	3 
3730	2 
3731	26 
3732	23 
3733	14 
3734	20 
3735	25 
3736	28 
3737	11 
3738	4 
3739	20 
3740	39 
3741	4 
3742	18 
3743	31 
3744	6 
3745	27 
3746	10 
3747	37 
3748	34 
3749	35 
3750	15 
3751	32 
3752	2 
3753	38 
3754	12 
3755	10 
3756	3 
3757	29 
3758	2 
3759	9 
3760	8 
3761	20 
3762	35 
3763	2 
3764	40 
3765	3 
3766	2 
3767	38 
3768	14 
3769	14 
3770	2 
3771	24 
3772	30 
3773	31 
3774	7 
3775	37 
3776	6 
3777	2 
3778	33 
3779	32 
3780	4 
3781	11 
3782	16 
3783	8 
3784	17 
3785	5 
3786	36 
3787	35 
3788	10 
3789	40 
3790	27 
3791	34 
3792	11 
3793	3 
3794	11 
3795	32 
3796	38 
3797	37 
3798	19 
3799	35 
3800	40 
3801	21 
3802	28 
3803	18 
3804	2 
3805	6 
3806	14 
3807	5 
3808	35 
3809	17 
3810	39 
3811	30 
3812	16 
3813	12 
3814	31 
3815	13 
3816	22 
3817	21 
3818	6 
3819	30 
3820	24 
3821	15 
3822	33 
3823	34 
3824	18 
3825	12 
3826	10 
3827	2 
3828	14 
3829	19 
3830	9 
3831	16 
3832	16 
3833	18 
3834	22 
3835	23 
3836	10 
3837	15 
3838	30 
3839	5 
3840	28 
3841	38 
3842	32 
3843	16 
3844	5 
3845	26 
3846	7 
3847	8 
3848	13 
3849	24 
3850	18 
3851	6 
3852	33 
3853	34 
3854	39 
3855	17 
3856	7 
3857	13 
3858	39 
3859	18 
3860	7 
3861	5 
3862	27 
3863	15 
3864	18 
3865	34 
3866	10 
3867	20 
3868	6 
3869	16 
3870	1 
3871	7 
3872	29 
3873	40 
3874	21 
3875	22 
3876	2 
3877	37 
3878	21 
3879	26 
3880	26 
3881	3 
3882	15 
3883	19 
3884	7 
3885	2 
3886	5 
3887	16 
3888	9 
3889	21 
3890	34 
3891	21 
3892	20 
3893	12 
3894	5 
3895	35 
3896	14 
3897	4 
3898	18 
3899	31 
3900	6 
3901	40 
3902	8 
3903	15 
3904	20 
3905	35 
3906	7 
3907	21 
3908	14 
3909	14 
3910	15 
3911	26 
3912	3 
3913	39 
3914	39 
3915	14 
3916	15 
3917	3 
3918	16 
3919	1 
3920	35 
3921	12 
3922	8 
3923	9 
3924	16 
3925	7 
3926	11 
3927	31 
3928	35 
3929	8 
3930	3 
3931	16 
3932	20 
3933	29 
3934	19 
3935	14 
3936	20 
3937	25 
3938	37 
3939	34 
3940	27 
3941	20 
3942	25 
3943	38 
3944	33 
3945	8 
3946	10 
3947	6 
3948	12 
3949	35 
3950	32 
3951	24 
3952	38 
3953	14 
3954	33 
3955	36 
3956	24 
3957	4 
3958	28 
3959	28 
3960	16 
3961	6 
3962	37 
3963	36 
3964	28 
3965	10 
3966	16 
3967	15 
3968	39 
3969	35 
3970	19 
3971	18 
3972	34 
3973	23 
3974	21 
3975	40 
3976	36 
3977	36 
3978	40 
3979	16 
3980	17 
3981	17 
3982	10 
3983	6 
3984	7 
3985	14 
3986	32 
3987	22 
3988	38 
3989	25 
3990	14 
3991	30 
3992	13 
3993	35 
3994	36 
3995	12 
3996	36 
3997	3 
3998	36 
3999	26 
4000	28 
4001	37 
4002	8 
4003	14 
4004	24 
4005	31 
4006	35 
4007	35 
4008	28 
4009	7 
4010	27 
4011	34 
4012	3 
4013	13 
4014	16 
4015	5 
4016	21 
4017	1 
4018	27 
4019	33 
4020	32 
4021	12 
4022	8 
4023	30 
4024	40 
4025	33 
4026	13 
4027	6 
4028	7 
4029	40 
4030	23 
4031	20 
4032	37 
4033	36 
4034	11 
4035	26 
4036	16 
4037	30 
4038	6 
4039	1 
4040	22 
4041	11 
4042	8 
4043	2 
4044	20 
4045	33 
4046	40 
4047	22 
4048	8 
4049	5 
4050	21 
4051	14 
4052	8 
4053	21 
4054	10 
4055	13 
4056	38 
4057	24 
4058	34 
4059	25 
4060	24 
4061	33 
4062	2 
4063	33 
4064	8 
4065	24 
4066	10 
4067	13 
4068	1 
4069	20 
4070	37 
4071	35 
4072	25 
4073	32 
4074	35 
4075	13 
4076	33 
4077	2 
4078	36 
4079	7 
4080	31 
4081	15 
4082	9 
4083	14 
4084	13 
4085	38 
4086	7 
4087	25 
4088	39 
4089	17 
4090	4 
4091	13 
4092	33 
4093	30 
4094	32 
4095	5 
4096	10 
4097	11 
4098	17 
4099	3 
4100	3 
4101	32 
4102	31 
4103	4 
4104	20 
4105	19 
4106	15 
4107	26 
4108	7 
4109	27 
4110	32 
4111	33 
4112	18 
4113	7 
4114	12 
4115	32 
4116	10 
4117	20 
4118	7 
4119	36 
4120	32 
4121	26 
4122	26 
4123	17 
4124	27 
4125	40 
4126	33 
4127	3 
4128	3 
4129	31 
4130	26 
4131	7 
4132	38 
4133	25 
4134	6 
4135	19 
4136	21 
4137	19 
4138	39 
4139	12 
4140	4 
4141	26 
4142	29 
4143	35 
4144	18 
4145	8 
4146	21 
4147	36 
4148	3 
4149	34 
4150	31 
4151	5 
4152	13 
4153	5 
4154	5 
4155	3 
4156	2 
4157	13 
4158	2 
4159	24 
4160	33 
4161	36 
4162	35 
4163	33 
4164	4 
4165	33 
4166	9 
4167	16 
4168	25 
4169	16 
4170	9 
4171	16 
4172	27 
4173	34 
4174	33 
4175	6 
4176	7 
4177	27 
4178	38 
4179	3 
4180	23 
4181	23 
4182	3 
4183	28 
4184	13 
4185	12 
4186	4 
4187	13 
4188	17 
4189	24 
4190	39 
4191	28 
4192	17 
4193	6 
4194	23 
4195	1 
4196	36 
4197	31 
4198	13 
4199	4 
4200	5 
4201	10 
4202	25 
4203	22 
4204	27 
4205	2 
4206	38 
4207	27 
4208	28 
4209	36 
4210	4 
4211	29 
4212	5 
4213	12 
4214	16 
4215	40 
4216	11 
4217	4 
4218	39 
4219	20 
4220	11 
4221	7 
4222	12 
4223	3 
4224	7 
4225	4 
4226	15 
4227	14 
4228	24 
4229	25 
4230	16 
4231	35 
4232	25 
4233	10 
4234	3 
4235	20 
4236	32 
4237	39 
4238	36 
4239	17 
4240	26 
4241	40 
4242	6 
4243	28 
4244	14 
4245	9 
4246	10 
4247	32 
4248	27 
4249	29 
4250	38 
4251	27 
4252	27 
4253	31 
4254	29 
4255	10 
4256	24 
4257	25 
4258	15 
4259	29 
4260	27 
4261	20 
4262	20 
4263	4 
4264	39 
4265	23 
4266	40 
4267	19 
4268	34 
4269	6 
4270	2 
4271	34 
4272	6 
4273	22 
4274	22 
4275	37 
4276	16 
4277	37 
4278	24 
4279	33 
4280	13 
4281	26 
4282	32 
4283	4 
4284	28 
4285	31 
4286	10 
4287	18 
4288	23 
4289	14 
4290	35 
4291	28 
4292	31 
4293	38 
4294	33 
4295	2 
4296	21 
4297	14 
4298	24 
4299	8 
4300	33 
4301	40 
4302	22 
4303	12 
4304	10 
4305	19 
4306	2 
4307	34 
4308	35 
4309	2 
4310	31 
4311	26 
4312	7 
4313	27 
4314	36 
4315	25 
4316	22 
4317	20 
4318	17 
4319	31 
4320	5 
4321	7 
4322	2 
4323	31 
4324	15 
4325	35 
4326	2 
4327	32 
4328	28 
4329	6 
4330	35 
4331	13 
4332	9 
4333	39 
4334	19 
4335	26 
4336	13 
4337	16 
4338	22 
4339	20 
4340	30 
4341	29 
4342	26 
4343	24 
4344	34 
4345	6 
4346	14 
4347	17 
4348	35 
4349	32 
4350	4 
4351	26 
4352	13 
4353	6 
4354	35 
4355	21 
4356	16 
4357	27 
4358	21 
4359	11 
4360	25 
4361	9 
4362	31 
4363	10 
4364	21 
4365	31 
4366	13 
4367	20 
4368	22 
4369	35 
4370	5 
4371	5 
4372	34 
4373	21 
4374	36 
4375	10 
4376	39 
4377	33 
4378	35 
4379	20 
4380	35 
4381	33 
4382	35 
4383	20 
4384	24 
4385	13 
4386	33 
4387	39 
4388	17 
4389	40 
4390	37 
4391	29 
4392	32 
4393	7 
4394	20 
4395	16 
4396	38 
4397	26 
4398	16 
4399	35 
4400	17 
4401	32 
4402	23 
4403	26 
4404	27 
4405	16 
4406	4 
4407	36 
4408	17 
4409	8 
4410	37 
4411	6 
4412	16 
4413	19 
4414	33 
4415	8 
4416	4 
4417	10 
4418	21 
4419	38 
4420	9 
4421	38 
4422	7 
4423	17 
4424	4 
4425	8 
4426	33 
4427	37 
4428	40 
4429	2 
4430	13 
4431	24 
4432	4 
4433	9 
4434	18 
4435	36 
4436	40 
4437	6 
4438	31 
4439	23 
4440	6 
4441	28 
4442	22 
4443	33 
4444	15 
4445	36 
4446	36 
4447	21 
4448	35 
4449	27 
4450	13 
4451	12 
4452	34 
4453	37 
4454	16 
4455	18 
4456	7 
4457	17 
4458	23 
4459	17 
4460	10 
4461	21 
4462	10 
4463	3 
4464	20 
4465	33 
4466	28 
4467	19 
4468	28 
4469	29 
4470	28 
4471	3 
4472	31 
4473	27 
4474	13 
4475	13 
4476	28 
4477	28 
4478	3 
4479	15 
4480	3 
4481	9 
4482	32 
4483	18 
4484	10 
4485	36 
4486	29 
4487	31 
4488	2 
4489	3 
4490	25 
4491	36 
4492	35 
4493	7 
4494	25 
4495	6 
4496	22 
4497	29 
4498	12 
4499	26 
4500	21 
4501	27 
4502	16 
4503	24 
4504	35 
4505	14 
4506	5 
4507	35 
4508	33 
4509	20 
4510	7 
4511	24 
4512	40 
4513	21 
4514	9 
4515	16 
4516	7 
4517	23 
4518	1 
4519	7 
4520	28 
4521	40 
4522	36 
4523	14 
4524	7 
4525	31 
4526	3 
4527	34 
4528	21 
4529	22 
4530	24 
4531	16 
4532	32 
4533	18 
4534	31 
4535	4 
4536	5 
4537	12 
4538	17 
4539	14 
4540	15 
4541	25 
4542	6 
4543	8 
4544	26 
4545	18 
4546	35 
4547	21 
4548	28 
4549	26 
4550	8 
4551	4 
4552	11 
4553	10 
4554	7 
4555	23 
4556	38 
4557	35 
4558	22 
4559	34 
4560	25 
4561	17 
4562	15 
4563	30 
4564	23 
4565	4 
4566	32 
4567	15 
4568	34 
4569	31 
4570	25 
4571	25 
4572	34 
4573	20 
4574	10 
4575	1 
4576	39 
4577	19 
4578	8 
4579	5 
4580	15 
4581	20 
4582	10 
4583	30 
4584	2 
4585	10 
4586	11 
4587	29 
4588	40 
4589	20 
4590	39 
4591	21 
4592	6 
4593	7 
4594	28 
4595	40 
4596	22 
4597	22 
4598	28 
4599	35 
4600	15 
4601	35 
4602	3 
4603	14 
4604	38 
4605	34 
4606	8 
4607	35 
4608	22 
4609	5 
4610	6 
4611	1 
4612	4 
4613	30 
4614	31 
4615	26 
4616	6 
4617	4 
4618	9 
4619	21 
4620	30 
4621	2 
4622	26 
4623	12 
4624	35 
4625	29 
4626	13 
4627	26 
4628	18 
4629	35 
4630	33 
4631	14 
4632	20 
4633	6 
4634	10 
4635	25 
4636	20 
4637	1 
4638	34 
4639	31 
4640	24 
4641	2 
4642	4 
4643	22 
4644	36 
4645	8 
4646	3 
4647	4 
4648	34 
4649	16 
4650	12 
4651	8 
4652	36 
4653	10 
4654	35 
4655	36 
4656	25 
4657	29 
4658	34 
4659	16 
4660	9 
4661	22 
4662	38 
4663	28 
4664	21 
4665	24 
4666	37 
4667	27 
4668	35 
4669	22 
4670	37 
4671	8 
4672	1 
4673	10 
4674	27 
4675	7 
4676	1 
4677	27 
4678	15 
4679	30 
4680	18 
4681	20 
4682	33 
4683	12 
4684	33 
4685	14 
4686	19 
4687	27 
4688	10 
4689	5 
4690	12 
4691	7 
4692	16 
4693	24 
4694	21 
4695	24 
4696	19 
4697	6 
4698	24 
4699	1 
4700	29 
4701	34 
4702	6 
4703	18 
4704	4 
4705	14 
4706	20 
4707	31 
4708	24 
4709	19 
4710	24 
4711	3 
4712	32 
4713	35 
4714	36 
4715	6 
4716	25 
4717	28 
4718	29 
4719	36 
4720	33 
4721	5 
4722	23 
4723	37 
4724	1 
4725	3 
4726	22 
4727	27 
4728	3 
4729	17 
4730	40 
4731	13 
4732	33 
4733	33 
4734	20 
4735	4 
4736	18 
4737	23 
4738	10 
4739	30 
4740	7 
4741	32 
4742	11 
4743	29 
4744	14 
4745	10 
4746	5 
4747	25 
4748	23 
4749	30 
4750	6 
4751	9 
4752	9 
4753	38 
4754	15 
4755	13 
4756	35 
4757	11 
4758	33 
4759	26 
4760	13 
4761	10 
4762	38 
4763	11 
4764	19 
4765	10 
4766	24 
4767	7 
4768	21 
4769	8 
4770	36 
4771	20 
4772	9 
4773	28 
4774	3 
4775	18 
4776	4 
4777	31 
4778	36 
4779	27 
4780	20 
4781	31 
4782	3 
4783	32 
4784	36 
4785	24 
4786	13 
4787	39 
4788	8 
4789	11 
4790	10 
4791	11 
4792	32 
4793	18 
4794	27 
4795	10 
4796	35 
4797	38 
4798	35 
4799	6 
4800	40 
4801	16 
4802	18 
4803	22 
4804	31 
4805	5 
4806	40 
4807	26 
4808	33 
4809	40 
4810	32 
4811	10 
4812	13 
4813	5 
4814	7 
4815	31 
4816	21 
4817	4 
4818	34 
4819	16 
4820	1 
4821	27 
4822	16 
4823	35 
4824	18 
4825	13 
4826	20 
4827	27 
4828	33 
4829	16 
4830	14 
4831	20 
4832	17 
4833	27 
4834	14 
4835	35 
4836	15 
4837	38 
4838	25 
4839	35 
4840	8 
4841	35 
4842	17 
4843	25 
4844	32 
4845	7 
4846	12 
4847	27 
4848	37 
4849	40 
4850	40 
4851	23 
4852	22 
4853	35 
4854	37 
4855	33 
4856	37 
4857	23 
4858	28 
4859	27 
4860	30 
4861	24 
4862	2 
4863	28 
4864	22 
4865	25 
4866	32 
4867	29 
4868	17 
4869	6 
4870	23 
4871	10 
4872	40 
4873	24 
4874	14 
4875	6 
4876	30 
4877	40 
4878	23 
4879	40 
4880	3 
4881	4 
4882	15 
4883	11 
4884	3 
4885	31 
4886	1 
4887	26 
4888	32 
4889	22 
4890	7 
4891	29 
4892	39 
4893	15 
4894	21 
4895	29 
4896	10 
4897	18 
4898	2 
4899	21 
4900	3 
4901	5 
4902	4 
4903	19 
4904	21 
4905	22 
4906	7 
4907	35 
4908	5 
4909	12 
4910	6 
4911	29 
4912	35 
4913	5 
4914	36 
4915	8 
4916	14 
4917	23 
4918	2 
4919	4 
4920	34 
4921	8 
4922	21 
4923	6 
4924	19 
4925	21 
4926	7 
4927	16 
4928	14 
4929	33 
4930	17 
4931	19 
4932	35 
4933	18 
4934	14 
4935	20 
4936	35 
4937	24 
4938	40 
4939	23 
4940	23 
4941	7 
4942	3 
4943	25 
4944	39 
4945	34 
4946	28 
4947	35 
4948	12 
4949	22 
4950	40 
4951	24 
4952	25 
4953	22 
4954	2 
4955	10 
4956	32 
4957	22 
4958	2 
4959	22 
4960	3 
4961	31 
4962	20 
4963	3 
4964	20 
4965	14 
4966	29 
4967	28 
4968	40 
4969	40 
4970	28 
4971	32 
4972	22 
4973	10 
4974	14 
4975	2 
4976	31 
4977	20 
4978	35 
4979	36 
4980	10 
4981	31 
4982	7 
4983	7 
4984	6 
4985	35 
4986	3 
4987	31 
4988	22 
4989	31 
4990	35 
4991	35 
4992	36 
4993	7 
4994	10 
4995	10 
4996	10 
4997	20 
4998	20 
4999	35 
5000	35 
