1	6 
2	12 
3	28 
4	25 
5	15 
6	12 
7	28 
8	26 
9	31 
10	35 
11	19 
12	36 
13	13 
14	1 
15	18 
16	1 
17	34 
18	36 
19	15 
20	13 
21	4 
22	26 
23	20 
24	15 
25	32 
26	21 
27	8 
28	4 
29	15 
30	32 
31	32 
32	20 
33	11 
34	13 
35	39 
36	29 
37	38 
38	22 
39	37 
40	31 
41	11 
42	21 
43	40 
44	20 
45	24 
46	13 
47	38 
48	22 
49	6 
50	31 
51	38 
52	32 
53	3 
54	27 
55	13 
56	6 
57	9 
58	11 
59	29 
60	14 
61	4 
62	2 
63	28 
64	23 
65	14 
66	21 
67	1 
68	1 
69	35 
70	3 
71	33 
72	36 
73	32 
74	28 
75	10 
76	31 
77	23 
78	12 
79	10 
80	23 
81	15 
82	34 
83	11 
84	3 
85	3 
86	19 
87	40 
88	18 
89	6 
90	35 
91	12 
92	8 
93	21 
94	9 
95	7 
96	32 
97	7 
98	1 
99	18 
100	21 
101	27 
102	39 
103	19 
104	32 
105	8 
106	25 
107	7 
108	16 
109	30 
110	3 
111	14 
112	31 
113	22 
114	28 
115	7 
116	4 
117	4 
118	20 
119	1 
120	32 
121	26 
122	28 
123	35 
124	30 
125	16 
126	21 
127	10 
128	21 
129	39 
130	16 
131	35 
132	28 
133	16 
134	9 
135	24 
136	14 
137	7 
138	35 
139	7 
140	15 
141	34 
142	6 
143	40 
144	22 
145	26 
146	15 
147	9 
148	11 
149	18 
150	33 
151	6 
152	16 
153	38 
154	31 
155	17 
156	12 
157	3 
158	6 
159	32 
160	9 
161	31 
162	35 
163	4 
164	18 
165	34 
166	38 
167	39 
168	36 
169	15 
170	20 
171	12 
172	4 
173	34 
174	1 
175	2 
176	7 
177	5 
178	7 
179	10 
180	7 
181	22 
182	24 
183	13 
184	4 
185	36 
186	32 
187	5 
188	31 
189	35 
190	14 
191	26 
192	12 
193	33 
194	5 
195	16 
196	7 
197	26 
198	14 
199	3 
200	26 
201	40 
202	36 
203	13 
204	4 
205	36 
206	23 
207	20 
208	30 
209	8 
210	25 
211	20 
212	24 
213	20 
214	12 
215	7 
216	24 
217	8 
218	32 
219	6 
220	17 
221	9 
222	16 
223	37 
224	16 
225	24 
226	31 
227	14 
228	9 
229	4 
230	2 
231	20 
232	29 
233	35 
234	29 
235	20 
236	7 
237	14 
238	33 
239	2 
240	20 
241	1 
242	39 
243	20 
244	20 
245	24 
246	7 
247	40 
248	32 
249	5 
250	29 
251	40 
252	31 
253	20 
254	14 
255	28 
256	6 
257	32 
258	18 
259	23 
260	15 
261	35 
262	28 
263	4 
264	17 
265	8 
266	11 
267	3 
268	32 
269	31 
270	13 
271	18 
272	12 
273	19 
274	16 
275	6 
276	7 
277	22 
278	13 
279	24 
280	2 
281	15 
282	16 
283	26 
284	39 
285	26 
286	19 
287	4 
288	19 
289	28 
290	23 
291	31 
292	35 
293	28 
294	21 
295	37 
296	10 
297	7 
298	22 
299	16 
300	32 
301	35 
302	12 
303	34 
304	27 
305	31 
306	2 
307	29 
308	19 
309	24 
310	30 
311	10 
312	16 
313	24 
314	7 
315	5 
316	15 
317	4 
318	32 
319	26 
320	29 
321	32 
322	6 
323	2 
324	27 
325	40 
326	30 
327	16 
328	21 
329	20 
330	16 
331	7 
332	26 
333	18 
334	8 
335	29 
336	6 
337	3 
338	17 
339	32 
340	25 
341	18 
342	22 
343	26 
344	36 
345	8 
346	33 
347	18 
348	40 
349	36 
350	7 
351	8 
352	3 
353	31 
354	8 
355	28 
356	7 
357	40 
358	40 
359	10 
360	11 
361	30 
362	29 
363	14 
364	8 
365	16 
366	20 
367	16 
368	35 
369	12 
370	8 
371	6 
372	23 
373	26 
374	40 
375	4 
376	5 
377	33 
378	17 
379	29 
380	18 
381	35 
382	10 
383	7 
384	40 
385	22 
386	31 
387	20 
388	26 
389	28 
390	13 
391	22 
392	12 
393	1 
394	25 
395	26 
396	28 
397	37 
398	35 
399	13 
400	7 
401	2 
402	36 
403	8 
404	2 
405	33 
406	40 
407	39 
408	30 
409	22 
410	30 
411	5 
412	20 
413	35 
414	22 
415	11 
416	23 
417	24 
418	6 
419	40 
420	35 
421	39 
422	40 
423	10 
424	25 
425	35 
426	40 
427	33 
428	9 
429	35 
430	20 
431	21 
432	6 
433	2 
434	29 
435	13 
436	8 
437	20 
438	6 
439	5 
440	30 
441	12 
442	28 
443	33 
444	40 
445	20 
446	13 
447	23 
448	24 
449	6 
450	34 
451	26 
452	38 
453	22 
454	20 
455	37 
456	40 
457	17 
458	27 
459	31 
460	24 
461	4 
462	38 
463	24 
464	20 
465	27 
466	22 
467	24 
468	21 
469	35 
470	29 
471	38 
472	16 
473	40 
474	24 
475	40 
476	19 
477	14 
478	30 
479	10 
480	24 
481	40 
482	35 
483	6 
484	8 
485	26 
486	31 
487	20 
488	7 
489	40 
490	32 
491	28 
492	35 
493	23 
494	21 
495	40 
496	33 
497	36 
498	31 
499	17 
500	20 
501	6 
502	15 
503	18 
504	28 
505	15 
506	26 
507	4 
508	35 
509	37 
510	4 
511	25 
512	17 
513	27 
514	39 
515	40 
516	35 
517	12 
518	20 
519	36 
520	14 
521	17 
522	16 
523	23 
524	31 
525	21 
526	22 
527	38 
528	16 
529	8 
530	6 
531	25 
532	13 
533	6 
534	1 
535	4 
536	30 
537	33 
538	31 
539	2 
540	2 
541	19 
542	24 
543	10 
544	11 
545	35 
546	22 
547	10 
548	9 
549	35 
550	8 
551	9 
552	3 
553	26 
554	31 
555	32 
556	10 
557	9 
558	4 
559	25 
560	17 
561	40 
562	14 
563	2 
564	14 
565	28 
566	7 
567	16 
568	14 
569	11 
570	36 
571	16 
572	7 
573	27 
574	28 
575	4 
576	37 
577	27 
578	35 
579	33 
580	24 
581	7 
582	13 
583	24 
584	21 
585	36 
586	26 
587	24 
588	39 
589	16 
590	13 
591	22 
592	10 
593	10 
594	37 
595	4 
596	5 
597	37 
598	2 
599	15 
600	5 
601	6 
602	14 
603	13 
604	1 
605	24 
606	28 
607	26 
608	29 
609	28 
610	9 
611	12 
612	35 
613	5 
614	39 
615	16 
616	10 
617	36 
618	20 
619	8 
620	22 
621	31 
622	27 
623	16 
624	38 
625	38 
626	21 
627	31 
628	30 
629	35 
630	32 
631	34 
632	19 
633	20 
634	16 
635	21 
636	15 
637	11 
638	37 
639	8 
640	38 
641	36 
642	19 
643	10 
644	21 
645	25 
646	1 
647	7 
648	14 
649	40 
650	33 
651	17 
652	14 
653	29 
654	25 
655	25 
656	18 
657	10 
658	38 
659	36 
660	31 
661	33 
662	20 
663	26 
664	27 
665	35 
666	20 
667	39 
668	31 
669	2 
670	36 
671	40 
672	29 
673	21 
674	22 
675	39 
676	21 
677	30 
678	2 
679	18 
680	10 
681	19 
682	39 
683	25 
684	1 
685	10 
686	2 
687	3 
688	19 
689	10 
690	10 
691	30 
692	37 
693	26 
694	40 
695	22 
696	7 
697	26 
698	22 
699	14 
700	36 
701	18 
702	28 
703	5 
704	2 
705	11 
706	29 
707	1 
708	18 
709	16 
710	5 
711	2 
712	40 
713	10 
714	14 
715	40 
716	19 
717	34 
718	32 
719	19 
720	38 
721	33 
722	20 
723	16 
724	20 
725	40 
726	36 
727	28 
728	32 
729	29 
730	40 
731	39 
732	13 
733	8 
734	12 
735	15 
736	33 
737	18 
738	32 
739	1 
740	27 
741	27 
742	25 
743	15 
744	16 
745	31 
746	22 
747	9 
748	8 
749	10 
750	38 
751	39 
752	39 
753	40 
754	23 
755	36 
756	1 
757	33 
758	34 
759	31 
760	31 
761	8 
762	26 
763	16 
764	38 
765	16 
766	5 
767	2 
768	28 
769	28 
770	15 
771	26 
772	22 
773	37 
774	14 
775	16 
776	14 
777	9 
778	36 
779	17 
780	1 
781	21 
782	36 
783	35 
784	37 
785	15 
786	26 
787	40 
788	33 
789	26 
790	32 
791	22 
792	13 
793	31 
794	27 
795	11 
796	38 
797	33 
798	33 
799	27 
800	36 
801	1 
802	2 
803	15 
804	15 
805	3 
806	13 
807	19 
808	3 
809	3 
810	2 
811	36 
812	30 
813	29 
814	10 
815	13 
816	39 
817	30 
818	30 
819	2 
820	9 
821	3 
822	26 
823	29 
824	35 
825	12 
826	4 
827	2 
828	31 
829	24 
830	40 
831	37 
832	23 
833	21 
834	25 
835	10 
836	12 
837	10 
838	27 
839	2 
840	16 
841	2 
842	24 
843	14 
844	17 
845	29 
846	36 
847	6 
848	35 
849	40 
850	21 
851	7 
852	34 
853	4 
854	5 
855	20 
856	37 
857	20 
858	34 
859	37 
860	28 
861	29 
862	22 
863	1 
864	32 
865	11 
866	19 
867	5 
868	29 
869	37 
870	28 
871	20 
872	6 
873	15 
874	1 
875	8 
876	34 
877	10 
878	3 
879	6 
880	31 
881	4 
882	6 
883	25 
884	10 
885	10 
886	33 
887	9 
888	30 
889	17 
890	26 
891	15 
892	29 
893	33 
894	32 
895	2 
896	16 
897	27 
898	16 
899	14 
900	31 
901	37 
902	1 
903	39 
904	23 
905	29 
906	35 
907	2 
908	9 
909	25 
910	18 
911	14 
912	8 
913	27 
914	5 
915	2 
916	2 
917	14 
918	35 
919	1 
920	15 
921	16 
922	38 
923	31 
924	1 
925	19 
926	34 
927	20 
928	40 
929	18 
930	10 
931	27 
932	30 
933	39 
934	15 
935	10 
936	38 
937	18 
938	38 
939	10 
940	30 
941	10 
942	12 
943	13 
944	9 
945	7 
946	5 
947	8 
948	38 
949	20 
950	21 
951	11 
952	23 
953	1 
954	22 
955	34 
956	32 
957	28 
958	27 
959	22 
960	24 
961	1 
962	8 
963	9 
964	5 
965	38 
966	9 
967	40 
968	22 
969	36 
970	17 
971	32 
972	22 
973	36 
974	40 
975	9 
976	29 
977	25 
978	35 
979	10 
980	25 
981	10 
982	18 
983	35 
984	29 
985	22 
986	9 
987	7 
988	36 
989	33 
990	35 
991	30 
992	17 
993	32 
994	34 
995	5 
996	11 
997	21 
998	35 
999	35 
1000	12 
1001	26 
1002	40 
1003	18 
1004	14 
1005	10 
1006	7 
1007	20 
1008	19 
1009	6 
1010	40 
1011	25 
1012	35 
1013	18 
1014	34 
1015	23 
1016	9 
1017	16 
1018	24 
1019	17 
1020	13 
1021	7 
1022	6 
1023	7 
1024	15 
1025	9 
1026	28 
1027	16 
1028	25 
1029	4 
1030	40 
1031	17 
1032	40 
1033	5 
1034	14 
1035	17 
1036	22 
1037	23 
1038	14 
1039	39 
1040	17 
1041	9 
1042	17 
1043	16 
1044	19 
1045	20 
1046	21 
1047	7 
1048	10 
1049	36 
1050	28 
1051	33 
1052	25 
1053	40 
1054	29 
1055	22 
1056	12 
1057	3 
1058	36 
1059	21 
1060	28 
1061	33 
1062	19 
1063	28 
1064	7 
1065	39 
1066	34 
1067	17 
1068	30 
1069	14 
1070	34 
1071	13 
1072	25 
1073	32 
1074	9 
1075	18 
1076	13 
1077	8 
1078	25 
1079	13 
1080	37 
1081	21 
1082	25 
1083	35 
1084	40 
1085	24 
1086	36 
1087	2 
1088	3 
1089	29 
1090	3 
1091	10 
1092	16 
1093	21 
1094	22 
1095	37 
1096	32 
1097	2 
1098	29 
1099	40 
1100	40 
1101	12 
1102	23 
1103	12 
1104	30 
1105	26 
1106	34 
1107	6 
1108	7 
1109	22 
1110	16 
1111	14 
1112	21 
1113	36 
1114	15 
1115	10 
1116	34 
1117	4 
1118	37 
1119	36 
1120	28 
1121	17 
1122	22 
1123	19 
1124	16 
1125	33 
1126	1 
1127	7 
1128	22 
1129	20 
1130	20 
1131	7 
1132	28 
1133	14 
1134	2 
1135	32 
1136	16 
1137	31 
1138	36 
1139	33 
1140	33 
1141	11 
1142	32 
1143	15 
1144	16 
1145	32 
1146	7 
1147	30 
1148	10 
1149	14 
1150	15 
1151	22 
1152	37 
1153	37 
1154	17 
1155	18 
1156	28 
1157	25 
1158	1 
1159	25 
1160	25 
1161	18 
1162	40 
1163	21 
1164	20 
1165	33 
1166	25 
1167	26 
1168	31 
1169	21 
1170	39 
1171	29 
1172	20 
1173	5 
1174	15 
1175	16 
1176	3 
1177	1 
1178	7 
1179	27 
1180	17 
1181	5 
1182	11 
1183	32 
1184	8 
1185	26 
1186	21 
1187	20 
1188	18 
1189	31 
1190	7 
1191	33 
1192	15 
1193	29 
1194	6 
1195	27 
1196	38 
1197	17 
1198	27 
1199	3 
1200	24 
1201	36 
1202	12 
1203	18 
1204	16 
1205	6 
1206	1 
1207	36 
1208	13 
1209	6 
1210	19 
1211	11 
1212	37 
1213	39 
1214	20 
1215	3 
1216	3 
1217	20 
1218	27 
1219	1 
1220	37 
1221	31 
1222	17 
1223	32 
1224	28 
1225	18 
1226	7 
1227	39 
1228	28 
1229	19 
1230	36 
1231	10 
1232	16 
1233	4 
1234	23 
1235	18 
1236	35 
1237	23 
1238	16 
1239	8 
1240	21 
1241	24 
1242	30 
1243	35 
1244	3 
1245	37 
1246	40 
1247	31 
1248	14 
1249	9 
1250	33 
1251	20 
1252	16 
1253	28 
1254	8 
1255	4 
1256	22 
1257	10 
1258	14 
1259	18 
1260	40 
1261	13 
1262	20 
1263	13 
1264	25 
1265	18 
1266	2 
1267	8 
1268	22 
1269	30 
1270	26 
1271	26 
1272	9 
1273	36 
1274	16 
1275	33 
1276	4 
1277	40 
1278	8 
1279	8 
1280	1 
1281	22 
1282	35 
1283	40 
1284	5 
1285	35 
1286	28 
1287	14 
1288	40 
1289	22 
1290	25 
1291	30 
1292	10 
1293	2 
1294	32 
1295	24 
1296	10 
1297	38 
1298	4 
1299	10 
1300	10 
1301	21 
1302	7 
1303	35 
1304	1 
1305	27 
1306	12 
1307	11 
1308	8 
1309	7 
1310	20 
1311	40 
1312	2 
1313	28 
1314	20 
1315	39 
1316	18 
1317	14 
1318	7 
1319	18 
1320	11 
1321	24 
1322	26 
1323	3 
1324	35 
1325	8 
1326	26 
1327	11 
1328	11 
1329	27 
1330	26 
1331	39 
1332	1 
1333	37 
1334	31 
1335	2 
1336	35 
1337	35 
1338	2 
1339	39 
1340	33 
1341	22 
1342	14 
1343	16 
1344	31 
1345	34 
1346	7 
1347	8 
1348	37 
1349	32 
1350	5 
1351	16 
1352	16 
1353	4 
1354	31 
1355	11 
1356	18 
1357	29 
1358	11 
1359	36 
1360	29 
1361	5 
1362	8 
1363	6 
1364	32 
1365	39 
1366	33 
1367	34 
1368	25 
1369	3 
1370	35 
1371	20 
1372	40 
1373	15 
1374	7 
1375	3 
1376	10 
1377	33 
1378	6 
1379	36 
1380	25 
1381	31 
1382	32 
1383	11 
1384	28 
1385	29 
1386	39 
1387	7 
1388	30 
1389	35 
1390	26 
1391	7 
1392	21 
1393	15 
1394	15 
1395	36 
1396	31 
1397	33 
1398	31 
1399	7 
1400	14 
1401	33 
1402	16 
1403	15 
1404	11 
1405	4 
1406	38 
1407	31 
1408	11 
1409	24 
1410	20 
1411	29 
1412	36 
1413	14 
1414	28 
1415	6 
1416	2 
1417	40 
1418	15 
1419	9 
1420	5 
1421	40 
1422	20 
1423	5 
1424	10 
1425	7 
1426	3 
1427	8 
1428	7 
1429	19 
1430	16 
1431	35 
1432	9 
1433	16 
1434	18 
1435	36 
1436	15 
1437	31 
1438	2 
1439	4 
1440	39 
1441	20 
1442	31 
1443	22 
1444	10 
1445	20 
1446	21 
1447	10 
1448	36 
1449	31 
1450	14 
1451	13 
1452	7 
1453	40 
1454	38 
1455	12 
1456	7 
1457	27 
1458	11 
1459	28 
1460	39 
1461	11 
1462	19 
1463	22 
1464	8 
1465	28 
1466	15 
1467	22 
1468	19 
1469	35 
1470	35 
1471	37 
1472	11 
1473	37 
1474	34 
1475	2 
1476	25 
1477	17 
1478	36 
1479	31 
1480	34 
1481	24 
1482	24 
1483	4 
1484	22 
1485	4 
1486	10 
1487	10 
1488	31 
1489	12 
1490	34 
1491	32 
1492	21 
1493	22 
1494	22 
1495	22 
1496	21 
1497	18 
1498	8 
1499	23 
1500	10 
1501	7 
1502	31 
1503	33 
1504	16 
1505	4 
1506	2 
1507	25 
1508	2 
1509	38 
1510	18 
1511	20 
1512	13 
1513	10 
1514	20 
1515	4 
1516	1 
1517	10 
1518	6 
1519	24 
1520	17 
1521	36 
1522	30 
1523	16 
1524	7 
1525	26 
1526	20 
1527	23 
1528	24 
1529	25 
1530	29 
1531	38 
1532	19 
1533	10 
1534	7 
1535	35 
1536	18 
1537	28 
1538	30 
1539	13 
1540	3 
1541	2 
1542	2 
1543	29 
1544	13 
1545	26 
1546	6 
1547	24 
1548	5 
1549	17 
1550	16 
1551	7 
1552	30 
1553	38 
1554	27 
1555	8 
1556	20 
1557	10 
1558	3 
1559	8 
1560	35 
1561	8 
1562	6 
1563	25 
1564	6 
1565	26 
1566	24 
1567	17 
1568	26 
1569	1 
1570	10 
1571	5 
1572	38 
1573	37 
1574	8 
1575	21 
1576	5 
1577	2 
1578	18 
1579	10 
1580	29 
1581	20 
1582	30 
1583	25 
1584	36 
1585	32 
1586	17 
1587	3 
1588	39 
1589	5 
1590	14 
1591	35 
1592	25 
1593	28 
1594	35 
1595	18 
1596	35 
1597	37 
1598	35 
1599	6 
1600	31 
1601	8 
1602	30 
1603	10 
1604	23 
1605	25 
1606	40 
1607	16 
1608	35 
1609	16 
1610	26 
1611	20 
1612	34 
1613	4 
1614	35 
1615	34 
1616	7 
1617	39 
1618	3 
1619	37 
1620	34 
1621	24 
1622	27 
1623	14 
1624	25 
1625	17 
1626	13 
1627	3 
1628	6 
1629	39 
1630	40 
1631	17 
1632	17 
1633	35 
1634	17 
1635	20 
1636	36 
1637	3 
1638	31 
1639	21 
1640	38 
1641	17 
1642	35 
1643	25 
1644	3 
1645	3 
1646	21 
1647	10 
1648	39 
1649	18 
1650	6 
1651	21 
1652	32 
1653	2 
1654	7 
1655	11 
1656	12 
1657	15 
1658	32 
1659	10 
1660	18 
1661	37 
1662	36 
1663	8 
1664	7 
1665	14 
1666	18 
1667	4 
1668	2 
1669	22 
1670	28 
1671	29 
1672	9 
1673	18 
1674	26 
1675	20 
1676	40 
1677	4 
1678	20 
1679	36 
1680	36 
1681	31 
1682	26 
1683	8 
1684	28 
1685	31 
1686	31 
1687	16 
1688	4 
1689	15 
1690	13 
1691	7 
1692	40 
1693	21 
1694	11 
1695	40 
1696	29 
1697	17 
1698	1 
1699	21 
1700	7 
1701	3 
1702	2 
1703	7 
1704	6 
1705	29 
1706	22 
1707	40 
1708	18 
1709	30 
1710	6 
1711	21 
1712	29 
1713	40 
1714	4 
1715	38 
1716	6 
1717	26 
1718	16 
1719	4 
1720	4 
1721	26 
1722	21 
1723	12 
1724	21 
1725	15 
1726	23 
1727	16 
1728	6 
1729	40 
1730	38 
1731	3 
1732	5 
1733	34 
1734	32 
1735	33 
1736	10 
1737	40 
1738	33 
1739	17 
1740	14 
1741	22 
1742	13 
1743	35 
1744	30 
1745	18 
1746	23 
1747	24 
1748	28 
1749	25 
1750	14 
1751	40 
1752	13 
1753	2 
1754	35 
1755	27 
1756	19 
1757	36 
1758	25 
1759	16 
1760	6 
1761	35 
1762	16 
1763	30 
1764	36 
1765	38 
1766	35 
1767	33 
1768	3 
1769	35 
1770	28 
1771	38 
1772	5 
1773	34 
1774	28 
1775	26 
1776	38 
1777	3 
1778	7 
1779	4 
1780	22 
1781	35 
1782	4 
1783	24 
1784	17 
1785	35 
1786	20 
1787	12 
1788	13 
1789	35 
1790	40 
1791	38 
1792	14 
1793	26 
1794	5 
1795	39 
1796	38 
1797	40 
1798	1 
1799	4 
1800	4 
1801	21 
1802	22 
1803	16 
1804	3 
1805	17 
1806	25 
1807	27 
1808	9 
1809	13 
1810	21 
1811	6 
1812	22 
1813	7 
1814	38 
1815	16 
1816	15 
1817	30 
1818	39 
1819	28 
1820	17 
1821	3 
1822	36 
1823	35 
1824	15 
1825	22 
1826	3 
1827	31 
1828	14 
1829	10 
1830	18 
1831	17 
1832	37 
1833	2 
1834	31 
1835	18 
1836	15 
1837	19 
1838	40 
1839	31 
1840	37 
1841	37 
1842	11 
1843	24 
1844	38 
1845	31 
1846	2 
1847	26 
1848	5 
1849	29 
1850	29 
1851	34 
1852	30 
1853	24 
1854	2 
1855	2 
1856	6 
1857	36 
1858	11 
1859	40 
1860	4 
1861	27 
1862	18 
1863	28 
1864	31 
1865	16 
1866	14 
1867	23 
1868	34 
1869	32 
1870	31 
1871	7 
1872	27 
1873	28 
1874	28 
1875	35 
1876	19 
1877	11 
1878	14 
1879	1 
1880	22 
1881	8 
1882	13 
1883	13 
1884	2 
1885	3 
1886	6 
1887	38 
1888	19 
1889	10 
1890	4 
1891	25 
1892	28 
1893	26 
1894	22 
1895	13 
1896	32 
1897	32 
1898	37 
1899	18 
1900	26 
1901	38 
1902	25 
1903	24 
1904	31 
1905	36 
1906	12 
1907	22 
1908	13 
1909	16 
1910	17 
1911	22 
1912	1 
1913	4 
1914	26 
1915	31 
1916	31 
1917	10 
1918	32 
1919	7 
1920	33 
1921	3 
1922	2 
1923	22 
1924	20 
1925	3 
1926	19 
1927	39 
1928	26 
1929	7 
1930	40 
1931	7 
1932	5 
1933	38 
1934	36 
1935	35 
1936	9 
1937	34 
1938	36 
1939	14 
1940	14 
1941	36 
1942	13 
1943	28 
1944	14 
1945	9 
1946	18 
1947	6 
1948	28 
1949	38 
1950	20 
1951	37 
1952	33 
1953	27 
1954	14 
1955	38 
1956	7 
1957	10 
1958	29 
1959	6 
1960	26 
1961	16 
1962	39 
1963	6 
1964	20 
1965	36 
1966	22 
1967	17 
1968	29 
1969	29 
1970	20 
1971	12 
1972	9 
1973	15 
1974	4 
1975	21 
1976	4 
1977	16 
1978	15 
1979	23 
1980	8 
1981	32 
1982	4 
1983	28 
1984	5 
1985	20 
1986	17 
1987	30 
1988	6 
1989	6 
1990	10 
1991	40 
1992	2 
1993	6 
1994	22 
1995	33 
1996	34 
1997	18 
1998	35 
1999	31 
2000	15 
2001	31 
2002	35 
2003	11 
2004	24 
2005	14 
2006	16 
2007	28 
2008	4 
2009	26 
2010	23 
2011	14 
2012	21 
2013	9 
2014	32 
2015	20 
2016	6 
2017	3 
2018	10 
2019	22 
2020	22 
2021	20 
2022	20 
2023	35 
2024	39 
2025	5 
2026	26 
2027	36 
2028	10 
2029	25 
2030	14 
2031	17 
2032	14 
2033	24 
2034	38 
2035	20 
2036	17 
2037	16 
2038	27 
2039	39 
2040	2 
2041	4 
2042	20 
2043	34 
2044	33 
2045	9 
2046	33 
2047	7 
2048	18 
2049	9 
2050	3 
2051	24 
2052	31 
2053	26 
2054	35 
2055	35 
2056	14 
2057	18 
2058	21 
2059	4 
2060	6 
2061	14 
2062	32 
2063	23 
2064	21 
2065	8 
2066	17 
2067	36 
2068	39 
2069	9 
2070	24 
2071	36 
2072	14 
2073	1 
2074	20 
2075	40 
2076	33 
2077	15 
2078	8 
2079	2 
2080	17 
2081	39 
2082	19 
2083	25 
2084	23 
2085	40 
2086	18 
2087	24 
2088	24 
2089	32 
2090	40 
2091	4 
2092	10 
2093	7 
2094	18 
2095	27 
2096	15 
2097	9 
2098	32 
2099	28 
2100	2 
2101	7 
2102	20 
2103	37 
2104	37 
2105	10 
2106	14 
2107	29 
2108	36 
2109	16 
2110	13 
2111	22 
2112	35 
2113	1 
2114	35 
2115	10 
2116	26 
2117	35 
2118	10 
2119	32 
2120	8 
2121	28 
2122	5 
2123	20 
2124	5 
2125	23 
2126	17 
2127	5 
2128	12 
2129	10 
2130	32 
2131	8 
2132	12 
2133	29 
2134	26 
2135	38 
2136	4 
2137	19 
2138	1 
2139	14 
2140	39 
2141	10 
2142	38 
2143	4 
2144	6 
2145	4 
2146	34 
2147	40 
2148	31 
2149	30 
2150	20 
2151	18 
2152	7 
2153	11 
2154	23 
2155	32 
2156	28 
2157	28 
2158	29 
2159	29 
2160	28 
2161	33 
2162	1 
2163	8 
2164	34 
2165	12 
2166	40 
2167	6 
2168	32 
2169	12 
2170	34 
2171	1 
2172	23 
2173	37 
2174	25 
2175	33 
2176	14 
2177	19 
2178	15 
2179	18 
2180	28 
2181	5 
2182	7 
2183	18 
2184	1 
2185	4 
2186	13 
2187	40 
2188	1 
2189	21 
2190	29 
2191	11 
2192	4 
2193	40 
2194	9 
2195	16 
2196	24 
2197	27 
2198	16 
2199	37 
2200	8 
2201	33 
2202	16 
2203	33 
2204	3 
2205	10 
2206	3 
2207	31 
2208	10 
2209	25 
2210	6 
2211	6 
2212	23 
2213	16 
2214	24 
2215	16 
2216	36 
2217	40 
2218	27 
2219	12 
2220	38 
2221	28 
2222	11 
2223	35 
2224	2 
2225	32 
2226	28 
2227	29 
2228	10 
2229	8 
2230	40 
2231	15 
2232	19 
2233	13 
2234	21 
2235	22 
2236	10 
2237	27 
2238	22 
2239	12 
2240	8 
2241	35 
2242	40 
2243	9 
2244	22 
2245	34 
2246	8 
2247	4 
2248	31 
2249	28 
2250	1 
2251	40 
2252	32 
2253	34 
2254	18 
2255	3 
2256	24 
2257	33 
2258	10 
2259	12 
2260	5 
2261	5 
2262	22 
2263	33 
2264	19 
2265	32 
2266	11 
2267	40 
2268	28 
2269	17 
2270	20 
2271	22 
2272	36 
2273	2 
2274	19 
2275	31 
2276	28 
2277	20 
2278	13 
2279	9 
2280	5 
2281	28 
2282	15 
2283	2 
2284	37 
2285	30 
2286	39 
2287	22 
2288	36 
2289	31 
2290	37 
2291	26 
2292	38 
2293	30 
2294	22 
2295	1 
2296	24 
2297	26 
2298	19 
2299	35 
2300	5 
2301	35 
2302	29 
2303	40 
2304	8 
2305	1 
2306	36 
2307	8 
2308	29 
2309	20 
2310	2 
2311	17 
2312	18 
2313	14 
2314	29 
2315	6 
2316	16 
2317	13 
2318	28 
2319	25 
2320	4 
2321	12 
2322	18 
2323	18 
2324	22 
2325	32 
2326	5 
2327	14 
2328	5 
2329	9 
2330	37 
2331	15 
2332	17 
2333	3 
2334	35 
2335	13 
2336	34 
2337	26 
2338	27 
2339	36 
2340	17 
2341	23 
2342	25 
2343	19 
2344	24 
2345	32 
2346	24 
2347	15 
2348	10 
2349	23 
2350	9 
2351	1 
2352	3 
2353	33 
2354	33 
2355	17 
2356	22 
2357	2 
2358	21 
2359	5 
2360	7 
2361	25 
2362	35 
2363	38 
2364	21 
2365	24 
2366	30 
2367	11 
2368	23 
2369	8 
2370	19 
2371	36 
2372	37 
2373	36 
2374	34 
2375	21 
2376	33 
2377	38 
2378	23 
2379	6 
2380	35 
2381	4 
2382	27 
2383	36 
2384	8 
2385	2 
2386	7 
2387	17 
2388	8 
2389	28 
2390	24 
2391	3 
2392	25 
2393	28 
2394	28 
2395	27 
2396	24 
2397	14 
2398	23 
2399	14 
2400	17 
2401	35 
2402	14 
2403	17 
2404	36 
2405	35 
2406	31 
2407	34 
2408	37 
2409	16 
2410	5 
2411	38 
2412	26 
2413	7 
2414	5 
2415	3 
2416	14 
2417	38 
2418	6 
2419	2 
2420	35 
2421	21 
2422	8 
2423	18 
2424	10 
2425	22 
2426	20 
2427	38 
2428	37 
2429	14 
2430	12 
2431	6 
2432	10 
2433	24 
2434	8 
2435	20 
2436	16 
2437	15 
2438	10 
2439	6 
2440	31 
2441	8 
2442	12 
2443	7 
2444	36 
2445	33 
2446	40 
2447	31 
2448	20 
2449	20 
2450	6 
2451	18 
2452	21 
2453	21 
2454	13 
2455	6 
2456	18 
2457	21 
2458	16 
2459	27 
2460	10 
2461	32 
2462	10 
2463	28 
2464	14 
2465	40 
2466	40 
2467	3 
2468	3 
2469	33 
2470	40 
2471	6 
2472	20 
2473	4 
2474	2 
2475	19 
2476	36 
2477	26 
2478	10 
2479	6 
2480	13 
2481	35 
2482	24 
2483	7 
2484	33 
2485	25 
2486	3 
2487	31 
2488	25 
2489	21 
2490	26 
2491	15 
2492	32 
2493	12 
2494	10 
2495	3 
2496	7 
2497	20 
2498	36 
2499	28 
2500	14 
2501	16 
2502	8 
2503	28 
2504	39 
2505	20 
2506	10 
2507	10 
2508	15 
2509	12 
2510	30 
2511	35 
2512	33 
2513	3 
2514	40 
2515	7 
2516	18 
2517	23 
2518	38 
2519	33 
2520	39 
2521	17 
2522	5 
2523	29 
2524	25 
2525	29 
2526	17 
2527	39 
2528	27 
2529	6 
2530	21 
2531	6 
2532	7 
2533	28 
2534	22 
2535	17 
2536	36 
2537	23 
2538	3 
2539	2 
2540	29 
2541	6 
2542	39 
2543	19 
2544	35 
2545	23 
2546	34 
2547	11 
2548	24 
2549	11 
2550	11 
2551	32 
2552	19 
2553	36 
2554	29 
2555	26 
2556	12 
2557	10 
2558	10 
2559	8 
2560	35 
2561	4 
2562	2 
2563	7 
2564	29 
2565	34 
2566	37 
2567	33 
2568	24 
2569	21 
2570	2 
2571	21 
2572	31 
2573	17 
2574	29 
2575	21 
2576	27 
2577	28 
2578	5 
2579	18 
2580	16 
2581	34 
2582	2 
2583	2 
2584	30 
2585	28 
2586	3 
2587	24 
2588	16 
2589	2 
2590	28 
2591	38 
2592	9 
2593	37 
2594	23 
2595	18 
2596	12 
2597	36 
2598	14 
2599	35 
2600	22 
2601	21 
2602	20 
2603	11 
2604	6 
2605	14 
2606	10 
2607	20 
2608	16 
2609	24 
2610	3 
2611	40 
2612	19 
2613	18 
2614	12 
2615	1 
2616	16 
2617	20 
2618	7 
2619	11 
2620	32 
2621	6 
2622	22 
2623	35 
2624	12 
2625	11 
2626	23 
2627	22 
2628	27 
2629	14 
2630	31 
2631	9 
2632	39 
2633	16 
2634	13 
2635	32 
2636	18 
2637	12 
2638	1 
2639	23 
2640	20 
2641	33 
2642	26 
2643	14 
2644	2 
2645	36 
2646	15 
2647	20 
2648	32 
2649	33 
2650	28 
2651	37 
2652	30 
2653	25 
2654	3 
2655	26 
2656	8 
2657	34 
2658	33 
2659	34 
2660	3 
2661	7 
2662	28 
2663	28 
2664	35 
2665	35 
2666	26 
2667	20 
2668	35 
2669	34 
2670	9 
2671	21 
2672	20 
2673	10 
2674	26 
2675	23 
2676	35 
2677	21 
2678	19 
2679	17 
2680	26 
2681	39 
2682	13 
2683	1 
2684	33 
2685	14 
2686	33 
2687	3 
2688	18 
2689	26 
2690	20 
2691	28 
2692	36 
2693	8 
2694	29 
2695	23 
2696	7 
2697	16 
2698	21 
2699	5 
2700	23 
2701	10 
2702	38 
2703	23 
2704	5 
2705	31 
2706	21 
2707	3 
2708	36 
2709	2 
2710	18 
2711	39 
2712	20 
2713	22 
2714	28 
2715	3 
2716	7 
2717	40 
2718	26 
2719	28 
2720	31 
2721	22 
2722	18 
2723	3 
2724	40 
2725	35 
2726	36 
2727	1 
2728	38 
2729	16 
2730	3 
2731	31 
2732	37 
2733	16 
2734	21 
2735	7 
2736	7 
2737	9 
2738	19 
2739	18 
2740	23 
2741	16 
2742	32 
2743	15 
2744	31 
2745	36 
2746	13 
2747	40 
2748	34 
2749	16 
2750	24 
2751	21 
2752	2 
2753	20 
2754	4 
2755	20 
2756	28 
2757	35 
2758	21 
2759	39 
2760	21 
2761	33 
2762	20 
2763	26 
2764	33 
2765	11 
2766	7 
2767	36 
2768	36 
2769	39 
2770	17 
2771	22 
2772	26 
2773	40 
2774	14 
2775	37 
2776	39 
2777	38 
2778	36 
2779	8 
2780	38 
2781	27 
2782	22 
2783	8 
2784	37 
2785	13 
2786	13 
2787	3 
2788	39 
2789	34 
2790	6 
2791	23 
2792	37 
2793	26 
2794	27 
2795	34 
2796	22 
2797	4 
2798	1 
2799	8 
2800	3 
2801	25 
2802	12 
2803	19 
2804	30 
2805	29 
2806	29 
2807	1 
2808	14 
2809	22 
2810	18 
2811	2 
2812	22 
2813	27 
2814	22 
2815	2 
2816	22 
2817	14 
2818	22 
2819	2 
2820	28 
2821	15 
2822	22 
2823	24 
2824	31 
2825	2 
2826	22 
2827	14 
2828	28 
2829	2 
2830	24 
2831	39 
2832	40 
2833	18 
2834	21 
2835	4 
2836	26 
2837	10 
2838	38 
2839	28 
2840	33 
2841	14 
2842	36 
2843	20 
2844	21 
2845	20 
2846	35 
2847	18 
2848	4 
2849	40 
2850	25 
2851	4 
2852	39 
2853	40 
2854	7 
2855	19 
2856	10 
2857	24 
2858	31 
2859	3 
2860	29 
2861	15 
2862	14 
2863	20 
2864	25 
2865	33 
2866	35 
2867	29 
2868	20 
2869	22 
2870	27 
2871	37 
2872	21 
2873	4 
2874	35 
2875	3 
2876	9 
2877	31 
2878	15 
2879	31 
2880	6 
2881	28 
2882	20 
2883	22 
2884	20 
2885	30 
2886	16 
2887	8 
2888	32 
2889	36 
2890	1 
2891	36 
2892	15 
2893	7 
2894	4 
2895	7 
2896	13 
2897	33 
2898	7 
2899	22 
2900	2 
2901	6 
2902	23 
2903	18 
2904	35 
2905	14 
2906	7 
2907	28 
2908	32 
2909	16 
2910	25 
2911	8 
2912	35 
2913	12 
2914	18 
2915	6 
2916	25 
2917	40 
2918	38 
2919	20 
2920	6 
2921	26 
2922	8 
2923	40 
2924	25 
2925	21 
2926	23 
2927	15 
2928	10 
2929	5 
2930	36 
2931	29 
2932	37 
2933	3 
2934	19 
2935	8 
2936	23 
2937	6 
2938	25 
2939	4 
2940	15 
2941	32 
2942	6 
2943	22 
2944	9 
2945	20 
2946	21 
2947	22 
2948	37 
2949	28 
2950	14 
2951	31 
2952	31 
2953	4 
2954	16 
2955	13 
2956	19 
2957	15 
2958	12 
2959	26 
2960	2 
2961	19 
2962	18 
2963	21 
2964	12 
2965	16 
2966	16 
2967	40 
2968	6 
2969	30 
2970	23 
2971	7 
2972	8 
2973	16 
2974	10 
2975	28 
2976	6 
2977	35 
2978	31 
2979	27 
2980	7 
2981	2 
2982	35 
2983	32 
2984	31 
2985	10 
2986	35 
2987	4 
2988	10 
2989	36 
2990	20 
2991	25 
2992	36 
2993	5 
2994	26 
2995	37 
2996	6 
2997	5 
2998	15 
2999	34 
3000	35 
3001	38 
3002	36 
3003	7 
3004	20 
3005	18 
3006	24 
3007	13 
3008	28 
3009	32 
3010	37 
3011	37 
3012	34 
3013	28 
3014	23 
3015	28 
3016	30 
3017	17 
3018	32 
3019	35 
3020	13 
3021	9 
3022	26 
3023	30 
3024	16 
3025	9 
3026	31 
3027	7 
3028	34 
3029	29 
3030	25 
3031	11 
3032	32 
3033	17 
3034	36 
3035	36 
3036	32 
3037	10 
3038	11 
3039	3 
3040	26 
3041	16 
3042	14 
3043	21 
3044	27 
3045	31 
3046	21 
3047	2 
3048	40 
3049	40 
3050	12 
3051	33 
3052	22 
3053	31 
3054	3 
3055	13 
3056	4 
3057	10 
3058	34 
3059	8 
3060	28 
3061	20 
3062	37 
3063	14 
3064	35 
3065	15 
3066	28 
3067	30 
3068	16 
3069	18 
3070	34 
3071	10 
3072	12 
3073	8 
3074	17 
3075	35 
3076	18 
3077	39 
3078	40 
3079	37 
3080	31 
3081	14 
3082	1 
3083	39 
3084	22 
3085	28 
3086	26 
3087	32 
3088	13 
3089	3 
3090	23 
3091	30 
3092	10 
3093	3 
3094	26 
3095	3 
3096	14 
3097	30 
3098	5 
3099	21 
3100	35 
3101	7 
3102	34 
3103	26 
3104	8 
3105	8 
3106	19 
3107	2 
3108	9 
3109	31 
3110	27 
3111	40 
3112	30 
3113	7 
3114	36 
3115	33 
3116	29 
3117	35 
3118	2 
3119	18 
3120	33 
3121	11 
3122	28 
3123	9 
3124	28 
3125	28 
3126	15 
3127	35 
3128	27 
3129	30 
3130	5 
3131	23 
3132	33 
3133	39 
3134	22 
3135	13 
3136	3 
3137	31 
3138	8 
3139	10 
3140	20 
3141	6 
3142	33 
3143	7 
3144	21 
3145	26 
3146	38 
3147	20 
3148	29 
3149	36 
3150	24 
3151	25 
3152	24 
3153	20 
3154	18 
3155	12 
3156	38 
3157	6 
3158	31 
3159	13 
3160	8 
3161	27 
3162	16 
3163	3 
3164	30 
3165	7 
3166	39 
3167	3 
3168	7 
3169	6 
3170	29 
3171	31 
3172	14 
3173	30 
3174	3 
3175	32 
3176	36 
3177	2 
3178	7 
3179	23 
3180	12 
3181	3 
3182	34 
3183	9 
3184	3 
3185	35 
3186	18 
3187	36 
3188	17 
3189	29 
3190	27 
3191	12 
3192	2 
3193	2 
3194	24 
3195	20 
3196	29 
3197	29 
3198	35 
3199	17 
3200	16 
3201	17 
3202	23 
3203	3 
3204	16 
3205	40 
3206	17 
3207	40 
3208	20 
3209	30 
3210	35 
3211	5 
3212	33 
3213	36 
3214	39 
3215	32 
3216	2 
3217	33 
3218	20 
3219	28 
3220	8 
3221	5 
3222	5 
3223	10 
3224	33 
3225	7 
3226	5 
3227	38 
3228	12 
3229	35 
3230	11 
3231	10 
3232	23 
3233	17 
3234	3 
3235	26 
3236	33 
3237	3 
3238	5 
3239	26 
3240	36 
3241	5 
3242	7 
3243	18 
3244	32 
3245	23 
3246	13 
3247	18 
3248	30 
3249	15 
3250	10 
3251	30 
3252	19 
3253	21 
3254	13 
3255	3 
3256	35 
3257	39 
3258	16 
3259	16 
3260	26 
3261	18 
3262	34 
3263	33 
3264	26 
3265	31 
3266	39 
3267	21 
3268	30 
3269	20 
3270	16 
3271	31 
3272	19 
3273	34 
3274	10 
3275	26 
3276	6 
3277	14 
3278	36 
3279	26 
3280	39 
3281	26 
3282	28 
3283	1 
3284	17 
3285	35 
3286	4 
3287	27 
3288	2 
3289	20 
3290	12 
3291	24 
3292	16 
3293	29 
3294	33 
3295	19 
3296	31 
3297	10 
3298	8 
3299	4 
3300	5 
3301	7 
3302	27 
3303	32 
3304	10 
3305	37 
3306	30 
3307	25 
3308	12 
3309	2 
3310	20 
3311	2 
3312	1 
3313	11 
3314	7 
3315	19 
3316	29 
3317	17 
3318	35 
3319	22 
3320	37 
3321	36 
3322	18 
3323	27 
3324	9 
3325	21 
3326	33 
3327	32 
3328	3 
3329	19 
3330	24 
3331	38 
3332	35 
3333	32 
3334	26 
3335	29 
3336	28 
3337	7 
3338	17 
3339	19 
3340	36 
3341	15 
3342	13 
3343	22 
3344	3 
3345	19 
3346	33 
3347	20 
3348	21 
3349	39 
3350	30 
3351	6 
3352	33 
3353	7 
3354	13 
3355	25 
3356	31 
3357	28 
3358	20 
3359	24 
3360	27 
3361	20 
3362	34 
3363	25 
3364	27 
3365	33 
3366	9 
3367	14 
3368	10 
3369	28 
3370	25 
3371	31 
3372	6 
3373	28 
3374	32 
3375	34 
3376	15 
3377	20 
3378	9 
3379	17 
3380	10 
3381	14 
3382	10 
3383	19 
3384	33 
3385	2 
3386	14 
3387	1 
3388	32 
3389	24 
3390	30 
3391	32 
3392	40 
3393	21 
3394	29 
3395	25 
3396	28 
3397	18 
3398	11 
3399	39 
3400	13 
3401	36 
3402	35 
3403	33 
3404	20 
3405	29 
3406	25 
3407	9 
3408	10 
3409	7 
3410	17 
3411	21 
3412	8 
3413	20 
3414	17 
3415	20 
3416	20 
3417	4 
3418	31 
3419	34 
3420	18 
3421	34 
3422	18 
3423	6 
3424	10 
3425	14 
3426	8 
3427	2 
3428	9 
3429	29 
3430	28 
3431	12 
3432	21 
3433	26 
3434	5 
3435	19 
3436	10 
3437	30 
3438	14 
3439	29 
3440	13 
3441	26 
3442	29 
3443	24 
3444	21 
3445	7 
3446	28 
3447	21 
3448	27 
3449	29 
3450	37 
3451	37 
3452	20 
3453	13 
3454	32 
3455	38 
3456	40 
3457	10 
3458	34 
3459	40 
3460	28 
3461	4 
3462	25 
3463	24 
3464	38 
3465	36 
3466	1 
3467	39 
3468	9 
3469	3 
3470	13 
3471	17 
3472	33 
3473	10 
3474	21 
3475	36 
3476	34 
3477	22 
3478	4 
3479	4 
3480	31 
3481	13 
3482	20 
3483	2 
3484	31 
3485	8 
3486	8 
3487	32 
3488	9 
3489	24 
3490	20 
3491	8 
3492	8 
3493	25 
3494	15 
3495	18 
3496	30 
3497	36 
3498	3 
3499	14 
3500	1 
3501	4 
3502	9 
3503	26 
3504	32 
3505	19 
3506	6 
3507	7 
3508	7 
3509	37 
3510	8 
3511	35 
3512	16 
3513	26 
3514	11 
3515	16 
3516	22 
3517	31 
3518	17 
3519	24 
3520	24 
3521	35 
3522	29 
3523	24 
3524	38 
3525	34 
3526	4 
3527	20 
3528	17 
3529	10 
3530	17 
3531	35 
3532	14 
3533	13 
3534	7 
3535	17 
3536	37 
3537	8 
3538	30 
3539	38 
3540	8 
3541	23 
3542	35 
3543	33 
3544	14 
3545	10 
3546	31 
3547	32 
3548	4 
3549	13 
3550	4 
3551	5 
3552	5 
3553	10 
3554	19 
3555	36 
3556	38 
3557	2 
3558	10 
3559	36 
3560	40 
3561	7 
3562	5 
3563	28 
3564	29 
3565	7 
3566	29 
3567	37 
3568	10 
3569	35 
3570	1 
3571	8 
3572	5 
3573	3 
3574	39 
3575	18 
3576	11 
3577	8 
3578	10 
3579	7 
3580	17 
3581	4 
3582	16 
3583	14 
3584	22 
3585	29 
3586	34 
3587	40 
3588	40 
3589	2 
3590	40 
3591	13 
3592	39 
3593	13 
3594	29 
3595	30 
3596	2 
3597	2 
3598	20 
3599	11 
3600	31 
3601	33 
3602	1 
3603	20 
3604	40 
3605	16 
3606	9 
3607	36 
3608	22 
3609	8 
3610	31 
3611	15 
3612	3 
3613	23 
3614	10 
3615	10 
3616	2 
3617	4 
3618	6 
3619	40 
3620	25 
3621	37 
3622	37 
3623	23 
3624	26 
3625	39 
3626	6 
3627	14 
3628	24 
3629	28 
3630	39 
3631	12 
3632	7 
3633	21 
3634	34 
3635	16 
3636	16 
3637	18 
3638	28 
3639	23 
3640	15 
3641	20 
3642	36 
3643	28 
3644	1 
3645	7 
3646	19 
3647	10 
3648	14 
3649	9 
3650	7 
3651	22 
3652	29 
3653	21 
3654	19 
3655	31 
3656	34 
3657	36 
3658	40 
3659	3 
3660	9 
3661	1 
3662	25 
3663	7 
3664	28 
3665	31 
3666	3 
3667	22 
3668	21 
3669	35 
3670	20 
3671	22 
3672	28 
3673	31 
3674	20 
3675	24 
3676	18 
3677	28 
3678	21 
3679	10 
3680	36 
3681	8 
3682	12 
3683	29 
3684	25 
3685	34 
3686	25 
3687	23 
3688	36 
3689	15 
3690	32 
3691	10 
3692	10 
3693	13 
3694	39 
3695	32 
3696	17 
3697	8 
3698	3 
3699	3 
3700	37 
3701	28 
3702	34 
3703	30 
3704	36 
3705	36 
3706	24 
3707	4 
3708	25 
3709	27 
3710	39 
3711	10 
3712	32 
3713	21 
3714	30 
3715	10 
3716	13 
3717	2 
3718	23 
3719	22 
3720	1 
3721	22 
3722	30 
3723	26 
3724	1 
3725	38 
3726	4 
3727	22 
3728	27 
3729	33 
3730	14 
3731	27 
3732	33 
3733	8 
3734	4 
3735	17 
3736	40 
3737	30 
3738	36 
3739	31 
3740	31 
3741	25 
3742	22 
3743	14 
3744	36 
3745	9 
3746	31 
3747	9 
3748	6 
3749	7 
3750	8 
3751	40 
3752	18 
3753	4 
3754	12 
3755	21 
3756	23 
3757	6 
3758	8 
3759	30 
3760	23 
3761	33 
3762	10 
3763	14 
3764	3 
3765	2 
3766	19 
3767	14 
3768	32 
3769	32 
3770	29 
3771	1 
3772	12 
3773	20 
3774	22 
3775	37 
3776	2 
3777	39 
3778	11 
3779	20 
3780	25 
3781	8 
3782	32 
3783	34 
3784	4 
3785	24 
3786	39 
3787	38 
3788	16 
3789	13 
3790	8 
3791	23 
3792	31 
3793	31 
3794	23 
3795	28 
3796	35 
3797	25 
3798	17 
3799	32 
3800	25 
3801	7 
3802	16 
3803	26 
3804	11 
3805	40 
3806	21 
3807	6 
3808	36 
3809	22 
3810	40 
3811	39 
3812	16 
3813	6 
3814	35 
3815	16 
3816	3 
3817	29 
3818	3 
3819	7 
3820	29 
3821	33 
3822	16 
3823	39 
3824	36 
3825	4 
3826	30 
3827	6 
3828	14 
3829	28 
3830	18 
3831	38 
3832	18 
3833	25 
3834	3 
3835	2 
3836	31 
3837	6 
3838	5 
3839	29 
3840	27 
3841	4 
3842	35 
3843	30 
3844	4 
3845	36 
3846	22 
3847	36 
3848	37 
3849	33 
3850	28 
3851	14 
3852	3 
3853	16 
3854	22 
3855	4 
3856	24 
3857	38 
3858	35 
3859	38 
3860	28 
3861	24 
3862	13 
3863	39 
3864	12 
3865	8 
3866	13 
3867	39 
3868	34 
3869	21 
3870	20 
3871	38 
3872	6 
3873	3 
3874	3 
3875	3 
3876	37 
3877	34 
3878	16 
3879	25 
3880	25 
3881	22 
3882	22 
3883	14 
3884	8 
3885	4 
3886	14 
3887	21 
3888	26 
3889	15 
3890	32 
3891	38 
3892	27 
3893	36 
3894	7 
3895	10 
3896	23 
3897	6 
3898	22 
3899	4 
3900	32 
3901	24 
3902	35 
3903	17 
3904	8 
3905	12 
3906	11 
3907	24 
3908	36 
3909	21 
3910	39 
3911	27 
3912	16 
3913	24 
3914	26 
3915	31 
3916	13 
3917	35 
3918	14 
3919	15 
3920	40 
3921	20 
3922	24 
3923	6 
3924	27 
3925	16 
3926	33 
3927	25 
3928	30 
3929	14 
3930	7 
3931	21 
3932	30 
3933	31 
3934	39 
3935	31 
3936	17 
3937	24 
3938	10 
3939	15 
3940	3 
3941	37 
3942	15 
3943	21 
3944	37 
3945	3 
3946	27 
3947	6 
3948	39 
3949	36 
3950	6 
3951	7 
3952	35 
3953	33 
3954	33 
3955	23 
3956	18 
3957	19 
3958	23 
3959	25 
3960	29 
3961	4 
3962	15 
3963	9 
3964	36 
3965	16 
3966	23 
3967	3 
3968	14 
3969	34 
3970	11 
3971	21 
3972	1 
3973	6 
3974	12 
3975	29 
3976	6 
3977	11 
3978	13 
3979	16 
3980	13 
3981	32 
3982	21 
3983	26 
3984	29 
3985	10 
3986	14 
3987	7 
3988	30 
3989	13 
3990	17 
3991	9 
3992	17 
3993	15 
3994	14 
3995	7 
3996	27 
3997	19 
3998	12 
3999	2 
4000	3 
4001	3 
4002	27 
4003	34 
4004	31 
4005	26 
4006	24 
4007	36 
4008	14 
4009	33 
4010	21 
4011	33 
4012	38 
4013	16 
4014	3 
4015	26 
4016	40 
4017	2 
4018	32 
4019	40 
4020	12 
4021	12 
4022	16 
4023	26 
4024	9 
4025	7 
4026	6 
4027	23 
4028	34 
4029	11 
4030	17 
4031	19 
4032	39 
4033	9 
4034	24 
4035	19 
4036	29 
4037	12 
4038	26 
4039	18 
4040	19 
4041	5 
4042	34 
4043	35 
4044	5 
4045	16 
4046	5 
4047	19 
4048	34 
4049	2 
4050	24 
4051	2 
4052	34 
4053	13 
4054	24 
4055	27 
4056	18 
4057	1 
4058	40 
4059	22 
4060	10 
4061	35 
4062	25 
4063	22 
4064	15 
4065	35 
4066	3 
4067	39 
4068	25 
4069	13 
4070	12 
4071	13 
4072	40 
4073	7 
4074	8 
4075	10 
4076	18 
4077	15 
4078	7 
4079	10 
4080	18 
4081	27 
4082	23 
4083	18 
4084	16 
4085	5 
4086	35 
4087	30 
4088	27 
4089	2 
4090	2 
4091	37 
4092	39 
4093	31 
4094	4 
4095	23 
4096	28 
4097	16 
4098	9 
4099	20 
4100	10 
4101	17 
4102	5 
4103	24 
4104	26 
4105	9 
4106	2 
4107	20 
4108	17 
4109	9 
4110	36 
4111	21 
4112	36 
4113	33 
4114	38 
4115	13 
4116	5 
4117	5 
4118	3 
4119	3 
4120	23 
4121	3 
4122	40 
4123	40 
4124	16 
4125	1 
4126	6 
4127	19 
4128	13 
4129	15 
4130	39 
4131	35 
4132	40 
4133	2 
4134	15 
4135	32 
4136	21 
4137	1 
4138	26 
4139	36 
4140	35 
4141	34 
4142	4 
4143	1 
4144	9 
4145	5 
4146	15 
4147	36 
4148	6 
4149	34 
4150	21 
4151	27 
4152	13 
4153	40 
4154	3 
4155	1 
4156	32 
4157	36 
4158	3 
4159	1 
4160	35 
4161	6 
4162	39 
4163	26 
4164	8 
4165	21 
4166	29 
4167	18 
4168	15 
4169	11 
4170	7 
4171	22 
4172	24 
4173	1 
4174	2 
4175	29 
4176	14 
4177	23 
4178	17 
4179	40 
4180	16 
4181	39 
4182	6 
4183	10 
4184	27 
4185	33 
4186	20 
4187	28 
4188	2 
4189	27 
4190	32 
4191	25 
4192	30 
4193	21 
4194	28 
4195	23 
4196	36 
4197	38 
4198	31 
4199	23 
4200	14 
4201	21 
4202	11 
4203	25 
4204	12 
4205	27 
4206	31 
4207	38 
4208	7 
4209	3 
4210	10 
4211	19 
4212	39 
4213	10 
4214	21 
4215	40 
4216	24 
4217	30 
4218	22 
4219	26 
4220	36 
4221	38 
4222	28 
4223	4 
4224	39 
4225	33 
4226	31 
4227	25 
4228	27 
4229	7 
4230	23 
4231	8 
4232	19 
4233	16 
4234	29 
4235	38 
4236	19 
4237	14 
4238	33 
4239	32 
4240	6 
4241	35 
4242	15 
4243	8 
4244	28 
4245	37 
4246	23 
4247	7 
4248	40 
4249	27 
4250	2 
4251	31 
4252	10 
4253	11 
4254	30 
4255	7 
4256	26 
4257	11 
4258	17 
4259	18 
4260	26 
4261	22 
4262	17 
4263	27 
4264	14 
4265	28 
4266	17 
4267	38 
4268	19 
4269	18 
4270	2 
4271	11 
4272	9 
4273	34 
4274	7 
4275	20 
4276	30 
4277	37 
4278	17 
4279	13 
4280	12 
4281	13 
4282	35 
4283	15 
4284	29 
4285	40 
4286	26 
4287	24 
4288	6 
4289	4 
4290	4 
4291	24 
4292	16 
4293	23 
4294	12 
4295	40 
4296	31 
4297	31 
4298	24 
4299	15 
4300	31 
4301	36 
4302	19 
4303	4 
4304	14 
4305	12 
4306	27 
4307	30 
4308	31 
4309	35 
4310	1 
4311	5 
4312	30 
4313	3 
4314	12 
4315	7 
4316	12 
4317	35 
4318	3 
4319	32 
4320	26 
4321	28 
4322	27 
4323	11 
4324	32 
4325	20 
4326	33 
4327	29 
4328	10 
4329	10 
4330	20 
4331	40 
4332	20 
4333	38 
4334	9 
4335	23 
4336	1 
4337	3 
4338	27 
4339	5 
4340	26 
4341	18 
4342	37 
4343	35 
4344	11 
4345	40 
4346	36 
4347	3 
4348	11 
4349	32 
4350	29 
4351	32 
4352	11 
4353	10 
4354	36 
4355	22 
4356	32 
4357	11 
4358	22 
4359	17 
4360	25 
4361	29 
4362	23 
4363	11 
4364	18 
4365	31 
4366	40 
4367	3 
4368	37 
4369	33 
4370	37 
4371	19 
4372	4 
4373	17 
4374	20 
4375	18 
4376	12 
4377	16 
4378	18 
4379	7 
4380	4 
4381	4 
4382	4 
4383	31 
4384	14 
4385	32 
4386	27 
4387	37 
4388	7 
4389	13 
4390	1 
4391	21 
4392	20 
4393	12 
4394	15 
4395	36 
4396	7 
4397	26 
4398	11 
4399	6 
4400	31 
4401	7 
4402	39 
4403	13 
4404	22 
4405	5 
4406	4 
4407	11 
4408	13 
4409	8 
4410	28 
4411	21 
4412	11 
4413	30 
4414	39 
4415	26 
4416	11 
4417	27 
4418	2 
4419	6 
4420	9 
4421	19 
4422	34 
4423	37 
4424	10 
4425	38 
4426	10 
4427	7 
4428	10 
4429	32 
4430	6 
4431	24 
4432	32 
4433	16 
4434	14 
4435	11 
4436	35 
4437	17 
4438	34 
4439	8 
4440	5 
4441	36 
4442	14 
4443	39 
4444	21 
4445	38 
4446	32 
4447	6 
4448	30 
4449	22 
4450	14 
4451	20 
4452	40 
4453	29 
4454	6 
4455	20 
4456	23 
4457	36 
4458	7 
4459	20 
4460	24 
4461	30 
4462	1 
4463	17 
4464	3 
4465	35 
4466	10 
4467	23 
4468	37 
4469	29 
4470	17 
4471	30 
4472	28 
4473	21 
4474	16 
4475	11 
4476	1 
4477	14 
4478	36 
4479	12 
4480	16 
4481	36 
4482	7 
4483	28 
4484	10 
4485	10 
4486	16 
4487	35 
4488	1 
4489	33 
4490	9 
4491	20 
4492	40 
4493	10 
4494	30 
4495	2 
4496	31 
4497	14 
4498	16 
4499	4 
4500	37 
4501	20 
4502	28 
4503	7 
4504	20 
4505	7 
4506	22 
4507	7 
4508	27 
4509	35 
4510	33 
4511	21 
4512	38 
4513	6 
4514	40 
4515	17 
4516	32 
4517	28 
4518	32 
4519	30 
4520	18 
4521	24 
4522	11 
4523	15 
4524	4 
4525	8 
4526	33 
4527	40 
4528	37 
4529	13 
4530	3 
4531	9 
4532	27 
4533	30 
4534	6 
4535	35 
4536	19 
4537	36 
4538	14 
4539	10 
4540	32 
4541	34 
4542	40 
4543	37 
4544	8 
4545	13 
4546	22 
4547	29 
4548	17 
4549	10 
4550	22 
4551	30 
4552	27 
4553	7 
4554	17 
4555	29 
4556	26 
4557	36 
4558	40 
4559	6 
4560	7 
4561	11 
4562	6 
4563	15 
4564	15 
4565	2 
4566	21 
4567	28 
4568	5 
4569	31 
4570	21 
4571	9 
4572	37 
4573	14 
4574	34 
4575	40 
4576	12 
4577	20 
4578	15 
4579	16 
4580	2 
4581	13 
4582	30 
4583	7 
4584	40 
4585	5 
4586	9 
4587	28 
4588	3 
4589	24 
4590	2 
4591	33 
4592	30 
4593	39 
4594	35 
4595	22 
4596	22 
4597	13 
4598	9 
4599	29 
4600	27 
4601	36 
4602	14 
4603	30 
4604	14 
4605	4 
4606	31 
4607	37 
4608	21 
4609	24 
4610	6 
4611	28 
4612	26 
4613	15 
4614	20 
4615	16 
4616	5 
4617	17 
4618	26 
4619	27 
4620	28 
4621	28 
4622	4 
4623	35 
4624	32 
4625	20 
4626	34 
4627	17 
4628	28 
4629	23 
4630	2 
4631	31 
4632	16 
4633	12 
4634	3 
4635	20 
4636	25 
4637	34 
4638	10 
4639	31 
4640	17 
4641	22 
4642	24 
4643	14 
4644	8 
4645	6 
4646	19 
4647	16 
4648	34 
4649	40 
4650	38 
4651	26 
4652	25 
4653	19 
4654	10 
4655	22 
4656	16 
4657	22 
4658	17 
4659	31 
4660	14 
4661	26 
4662	14 
4663	7 
4664	3 
4665	25 
4666	35 
4667	11 
4668	8 
4669	22 
4670	19 
4671	10 
4672	25 
4673	12 
4674	15 
4675	20 
4676	19 
4677	18 
4678	31 
4679	36 
4680	29 
4681	29 
4682	12 
4683	4 
4684	1 
4685	24 
4686	5 
4687	40 
4688	6 
4689	13 
4690	30 
4691	12 
4692	20 
4693	37 
4694	6 
4695	36 
4696	34 
4697	18 
4698	27 
4699	40 
4700	33 
4701	6 
4702	28 
4703	38 
4704	29 
4705	39 
4706	12 
4707	1 
4708	7 
4709	18 
4710	1 
4711	36 
4712	19 
4713	32 
4714	24 
4715	22 
4716	40 
4717	12 
4718	6 
4719	26 
4720	11 
4721	23 
4722	7 
4723	14 
4724	6 
4725	6 
4726	4 
4727	33 
4728	13 
4729	5 
4730	12 
4731	19 
4732	3 
4733	38 
4734	33 
4735	7 
4736	33 
4737	16 
4738	5 
4739	14 
4740	2 
4741	11 
4742	14 
4743	27 
4744	24 
4745	9 
4746	5 
4747	29 
4748	28 
4749	16 
4750	14 
4751	26 
4752	6 
4753	32 
4754	18 
4755	2 
4756	25 
4757	32 
4758	5 
4759	6 
4760	5 
4761	1 
4762	31 
4763	29 
4764	10 
4765	28 
4766	3 
4767	22 
4768	40 
4769	24 
4770	28 
4771	28 
4772	32 
4773	36 
4774	21 
4775	10 
4776	28 
4777	14 
4778	22 
4779	33 
4780	1 
4781	4 
4782	5 
4783	31 
4784	28 
4785	23 
4786	20 
4787	18 
4788	24 
4789	28 
4790	20 
4791	37 
4792	39 
4793	15 
4794	14 
4795	37 
4796	36 
4797	2 
4798	28 
4799	13 
4800	32 
4801	25 
4802	17 
4803	12 
4804	32 
4805	32 
4806	37 
4807	19 
4808	10 
4809	24 
4810	6 
4811	27 
4812	16 
4813	28 
4814	17 
4815	11 
4816	6 
4817	32 
4818	4 
4819	35 
4820	28 
4821	2 
4822	35 
4823	38 
4824	29 
4825	2 
4826	13 
4827	23 
4828	29 
4829	5 
4830	19 
4831	40 
4832	3 
4833	28 
4834	38 
4835	38 
4836	18 
4837	39 
4838	31 
4839	13 
4840	10 
4841	9 
4842	10 
4843	19 
4844	4 
4845	15 
4846	2 
4847	7 
4848	23 
4849	24 
4850	40 
4851	14 
4852	12 
4853	11 
4854	25 
4855	18 
4856	7 
4857	23 
4858	30 
4859	18 
4860	16 
4861	31 
4862	9 
4863	3 
4864	35 
4865	38 
4866	23 
4867	4 
4868	7 
4869	16 
4870	2 
4871	12 
4872	20 
4873	12 
4874	28 
4875	8 
4876	5 
4877	19 
4878	19 
4879	11 
4880	32 
4881	13 
4882	9 
4883	37 
4884	30 
4885	3 
4886	31 
4887	28 
4888	38 
4889	25 
4890	6 
4891	36 
4892	29 
4893	35 
4894	29 
4895	4 
4896	18 
4897	31 
4898	5 
4899	29 
4900	5 
4901	35 
4902	14 
4903	27 
4904	31 
4905	14 
4906	22 
4907	35 
4908	16 
4909	19 
4910	18 
4911	32 
4912	18 
4913	10 
4914	2 
4915	36 
4916	2 
4917	22 
4918	33 
4919	33 
4920	32 
4921	24 
4922	3 
4923	2 
4924	31 
4925	26 
4926	7 
4927	14 
4928	36 
4929	7 
4930	31 
4931	28 
4932	8 
4933	35 
4934	24 
4935	14 
4936	16 
4937	29 
4938	6 
4939	10 
4940	17 
4941	32 
4942	8 
4943	20 
4944	18 
4945	35 
4946	16 
4947	6 
4948	20 
4949	36 
4950	26 
4951	20 
4952	7 
4953	4 
4954	36 
4955	16 
4956	6 
4957	2 
4958	28 
4959	22 
4960	3 
4961	3 
4962	2 
4963	22 
4964	3 
4965	3 
4966	3 
4967	35 
4968	22 
4969	16 
4970	31 
4971	22 
4972	20 
4973	36 
4974	20 
4975	28 
4976	40 
4977	36 
4978	35 
4979	16 
4980	40 
4981	16 
4982	16 
4983	7 
4984	35 
4985	28 
4986	7 
4987	16 
4988	16 
4989	36 
4990	16 
4991	28 
4992	20 
4993	20 
4994	10 
4995	35 
4996	35 
4997	35 
4998	35 
4999	35 
5000	35 
