1	53 
2	62 
3	59 
4	50 
5	84 
6	53 
7	7 
8	93 
9	12 
10	35 
11	35 
12	92 
13	87 
14	103 
15	56 
16	14 
17	90 
18	21 
19	55 
20	69 
21	21 
22	58 
23	18 
24	70 
25	41 
26	39 
27	82 
28	80 
29	91 
30	82 
31	5 
32	47 
33	13 
34	83 
35	71 
36	45 
37	61 
38	49 
39	26 
40	76 
41	34 
42	103 
43	49 
44	12 
45	37 
46	89 
47	14 
48	90 
49	29 
50	32 
51	76 
52	82 
53	77 
54	104 
55	26 
56	19 
57	11 
58	43 
59	72 
60	71 
61	81 
62	69 
63	90 
64	79 
65	2 
66	57 
67	69 
68	13 
69	103 
70	45 
71	38 
72	8 
73	16 
74	45 
75	13 
76	38 
77	15 
78	102 
79	94 
80	59 
81	58 
82	3 
83	30 
84	67 
85	55 
86	103 
87	64 
88	21 
89	48 
90	50 
91	49 
92	46 
93	84 
94	74 
95	38 
96	102 
97	67 
98	11 
99	21 
100	58 
101	34 
102	68 
103	42 
104	88 
105	13 
106	37 
107	31 
108	34 
109	55 
110	18 
111	56 
112	84 
113	21 
114	92 
115	45 
116	14 
117	104 
118	94 
119	2 
120	32 
121	32 
122	17 
123	38 
124	65 
125	80 
126	63 
127	19 
128	38 
129	88 
130	104 
131	66 
132	68 
133	49 
134	92 
135	12 
136	38 
137	30 
138	69 
139	44 
140	81 
141	88 
142	50 
143	19 
144	19 
145	41 
146	55 
147	86 
148	2 
149	13 
150	11 
151	34 
152	53 
153	98 
154	7 
155	46 
156	21 
157	45 
158	46 
159	85 
160	61 
161	63 
162	52 
163	14 
164	16 
165	43 
166	34 
167	73 
168	75 
169	15 
170	5 
171	97 
172	89 
173	74 
174	67 
175	72 
176	24 
177	54 
178	41 
179	61 
180	55 
181	51 
182	43 
183	58 
184	54 
185	59 
186	38 
187	72 
188	82 
189	74 
190	85 
191	83 
192	90 
193	40 
194	73 
195	87 
196	92 
197	46 
198	21 
199	97 
200	33 
201	19 
202	76 
203	84 
204	52 
205	15 
206	15 
207	15 
208	45 
209	63 
210	18 
211	81 
212	44 
213	95 
214	28 
215	59 
216	34 
217	8 
218	80 
219	69 
220	5 
221	12 
222	104 
223	90 
224	33 
225	101 
226	43 
227	84 
228	3 
229	16 
230	56 
231	35 
232	79 
233	51 
234	14 
235	23 
236	11 
237	86 
238	3 
239	9 
240	83 
241	60 
242	27 
243	101 
244	53 
245	80 
246	104 
247	52 
248	49 
249	88 
250	49 
251	44 
252	42 
253	12 
254	30 
255	53 
256	71 
257	66 
258	26 
259	3 
260	2 
261	102 
262	23 
263	21 
264	90 
265	53 
266	45 
267	46 
268	7 
269	82 
270	51 
271	7 
272	5 
273	45 
274	33 
275	60 
276	1 
277	65 
278	102 
279	99 
280	93 
281	44 
282	84 
283	19 
284	4 
285	54 
286	49 
287	64 
288	17 
289	37 
290	9 
291	50 
292	71 
293	45 
294	93 
295	53 
296	59 
297	19 
298	86 
299	68 
300	13 
301	89 
302	68 
303	92 
304	51 
305	58 
306	63 
307	49 
308	1 
309	1 
310	80 
311	41 
312	31 
313	5 
314	21 
315	38 
316	98 
317	17 
318	39 
319	1 
320	69 
321	69 
322	46 
323	51 
324	86 
325	15 
326	43 
327	59 
328	53 
329	21 
330	44 
331	85 
332	79 
333	71 
334	10 
335	40 
336	47 
337	55 
338	99 
339	101 
340	40 
341	81 
342	56 
343	95 
344	34 
345	49 
346	76 
347	7 
348	57 
349	38 
350	15 
351	9 
352	50 
353	96 
354	13 
355	56 
356	63 
357	61 
358	49 
359	21 
360	83 
361	100 
362	53 
363	28 
364	38 
365	23 
366	32 
367	15 
368	47 
369	58 
370	39 
371	84 
372	74 
373	17 
374	90 
375	46 
376	34 
377	83 
378	78 
379	103 
380	50 
381	91 
382	64 
383	93 
384	77 
385	85 
386	81 
387	102 
388	33 
389	73 
390	44 
391	19 
392	70 
393	10 
394	57 
395	95 
396	44 
397	93 
398	92 
399	84 
400	47 
401	76 
402	37 
403	38 
404	89 
405	83 
406	58 
407	58 
408	95 
409	43 
410	48 
411	57 
412	43 
413	59 
414	12 
415	19 
416	41 
417	28 
418	50 
419	102 
420	46 
421	55 
422	79 
423	38 
424	21 
425	77 
426	56 
427	61 
428	60 
429	73 
430	53 
431	53 
432	41 
433	60 
434	64 
435	31 
436	85 
437	35 
438	102 
439	31 
440	54 
441	62 
442	38 
443	99 
444	11 
445	63 
446	31 
447	88 
448	6 
449	29 
450	20 
451	17 
452	5 
453	88 
454	43 
455	71 
456	71 
457	7 
458	59 
459	89 
460	69 
461	28 
462	79 
463	96 
464	57 
465	33 
466	8 
467	58 
468	73 
469	47 
470	60 
471	43 
472	5 
473	16 
474	21 
475	34 
476	89 
477	46 
478	95 
479	11 
480	44 
481	72 
482	21 
483	2 
484	14 
485	31 
486	49 
487	90 
488	26 
489	72 
490	7 
491	74 
492	42 
493	12 
494	66 
495	90 
496	98 
497	16 
498	101 
499	83 
500	78 
501	74 
502	47 
503	63 
504	17 
505	21 
506	85 
507	5 
508	91 
509	19 
510	57 
511	64 
512	53 
513	45 
514	71 
515	44 
516	54 
517	9 
518	64 
519	16 
520	6 
521	40 
522	78 
523	57 
524	95 
525	6 
526	69 
527	91 
528	30 
529	85 
530	55 
531	87 
532	34 
533	27 
534	21 
535	38 
536	101 
537	32 
538	96 
539	80 
540	2 
541	17 
542	38 
543	98 
544	48 
545	88 
546	102 
547	21 
548	29 
549	36 
550	85 
551	69 
552	41 
553	73 
554	5 
555	47 
556	55 
557	56 
558	19 
559	50 
560	40 
561	85 
562	17 
563	89 
564	88 
565	30 
566	52 
567	13 
568	51 
569	90 
570	16 
571	21 
572	17 
573	76 
574	75 
575	41 
576	16 
577	59 
578	77 
579	38 
580	101 
581	68 
582	19 
583	13 
584	66 
585	13 
586	8 
587	43 
588	38 
589	45 
590	1 
591	2 
592	5 
593	84 
594	17 
595	3 
596	56 
597	30 
598	86 
599	37 
600	45 
601	95 
602	42 
603	94 
604	64 
605	58 
606	46 
607	10 
608	81 
609	43 
610	63 
611	64 
612	102 
613	58 
614	34 
615	51 
616	49 
617	57 
618	38 
619	42 
620	19 
621	96 
622	104 
623	19 
624	72 
625	59 
626	46 
627	51 
628	14 
629	79 
630	102 
631	55 
632	13 
633	41 
634	80 
635	72 
636	57 
637	2 
638	84 
639	59 
640	9 
641	72 
642	93 
643	53 
644	98 
645	14 
646	60 
647	26 
648	39 
649	69 
650	17 
651	15 
652	56 
653	12 
654	7 
655	68 
656	25 
657	50 
658	2 
659	3 
660	49 
661	88 
662	67 
663	101 
664	10 
665	57 
666	62 
667	78 
668	25 
669	10 
670	71 
671	58 
672	89 
673	55 
674	8 
675	86 
676	11 
677	12 
678	11 
679	15 
680	100 
681	13 
682	30 
683	90 
684	39 
685	56 
686	35 
687	66 
688	79 
689	63 
690	70 
691	80 
692	21 
693	69 
694	84 
695	74 
696	17 
697	59 
698	67 
699	12 
700	104 
701	40 
702	56 
703	85 
704	85 
705	52 
706	85 
707	104 
708	31 
709	80 
710	34 
711	62 
712	30 
713	18 
714	51 
715	51 
716	30 
717	103 
718	14 
719	47 
720	53 
721	17 
722	67 
723	35 
724	4 
725	68 
726	34 
727	90 
728	16 
729	97 
730	41 
731	88 
732	47 
733	70 
734	84 
735	96 
736	99 
737	88 
738	78 
739	49 
740	63 
741	53 
742	92 
743	76 
744	37 
745	26 
746	94 
747	32 
748	82 
749	80 
750	12 
751	64 
752	10 
753	28 
754	88 
755	62 
756	79 
757	2 
758	51 
759	47 
760	46 
761	34 
762	30 
763	36 
764	103 
765	38 
766	63 
767	7 
768	37 
769	19 
770	19 
771	59 
772	71 
773	38 
774	37 
775	103 
776	33 
777	21 
778	103 
779	11 
780	85 
781	78 
782	84 
783	14 
784	18 
785	18 
786	30 
787	80 
788	85 
789	53 
790	23 
791	68 
792	58 
793	31 
794	49 
795	66 
796	21 
797	101 
798	83 
799	13 
800	32 
801	63 
802	17 
803	63 
804	66 
805	92 
806	90 
807	82 
808	83 
809	103 
810	88 
811	85 
812	15 
813	80 
814	41 
815	55 
816	102 
817	20 
818	50 
819	93 
820	33 
821	78 
822	50 
823	15 
824	3 
825	88 
826	56 
827	14 
828	95 
829	45 
830	44 
831	7 
832	53 
833	84 
834	98 
835	56 
836	14 
837	36 
838	75 
839	103 
840	53 
841	91 
842	74 
843	80 
844	19 
845	36 
846	13 
847	45 
848	25 
849	57 
850	48 
851	55 
852	61 
853	7 
854	44 
855	53 
856	79 
857	82 
858	15 
859	63 
860	38 
861	8 
862	54 
863	61 
864	34 
865	76 
866	10 
867	30 
868	15 
869	88 
870	56 
871	41 
872	44 
873	61 
874	71 
875	69 
876	78 
877	29 
878	11 
879	85 
880	35 
881	64 
882	28 
883	61 
884	96 
885	87 
886	36 
887	7 
888	89 
889	84 
890	57 
891	100 
892	39 
893	89 
894	53 
895	14 
896	30 
897	54 
898	82 
899	90 
900	84 
901	53 
902	30 
903	21 
904	34 
905	94 
906	103 
907	41 
908	84 
909	59 
910	15 
911	38 
912	39 
913	98 
914	4 
915	102 
916	39 
917	72 
918	64 
919	68 
920	45 
921	80 
922	64 
923	44 
924	41 
925	78 
926	15 
927	64 
928	39 
929	34 
930	69 
931	30 
932	79 
933	75 
934	46 
935	104 
936	18 
937	89 
938	67 
939	56 
940	38 
941	103 
942	34 
943	3 
944	22 
945	22 
946	59 
947	70 
948	2 
949	16 
950	19 
951	49 
952	11 
953	102 
954	102 
955	56 
956	51 
957	35 
958	87 
959	45 
960	28 
961	11 
962	33 
963	76 
964	66 
965	89 
966	41 
967	84 
968	67 
969	28 
970	28 
971	71 
972	85 
973	56 
974	58 
975	23 
976	56 
977	96 
978	102 
979	4 
980	16 
981	43 
982	85 
983	102 
984	46 
985	43 
986	49 
987	19 
988	25 
989	90 
990	103 
991	11 
992	99 
993	64 
994	21 
995	6 
996	99 
997	8 
998	82 
999	71 
1000	56 
1001	23 
1002	78 
1003	14 
1004	85 
1005	46 
1006	63 
1007	38 
1008	62 
1009	9 
1010	30 
1011	102 
1012	83 
1013	8 
1014	76 
1015	41 
1016	69 
1017	55 
1018	27 
1019	38 
1020	84 
1021	49 
1022	65 
1023	81 
1024	84 
1025	38 
1026	50 
1027	21 
1028	49 
1029	15 
1030	46 
1031	14 
1032	26 
1033	8 
1034	48 
1035	49 
1036	53 
1037	61 
1038	6 
1039	95 
1040	9 
1041	26 
1042	52 
1043	53 
1044	13 
1045	50 
1046	67 
1047	48 
1048	61 
1049	89 
1050	11 
1051	74 
1052	101 
1053	38 
1054	93 
1055	104 
1056	50 
1057	77 
1058	50 
1059	71 
1060	97 
1061	13 
1062	84 
1063	26 
1064	31 
1065	73 
1066	78 
1067	84 
1068	73 
1069	64 
1070	8 
1071	88 
1072	84 
1073	83 
1074	11 
1075	46 
1076	34 
1077	53 
1078	36 
1079	59 
1080	30 
1081	53 
1082	78 
1083	44 
1084	9 
1085	83 
1086	6 
1087	21 
1088	31 
1089	68 
1090	46 
1091	58 
1092	28 
1093	45 
1094	102 
1095	36 
1096	89 
1097	46 
1098	49 
1099	91 
1100	10 
1101	50 
1102	44 
1103	15 
1104	78 
1105	54 
1106	95 
1107	52 
1108	16 
1109	50 
1110	32 
1111	76 
1112	77 
1113	30 
1114	42 
1115	83 
1116	102 
1117	97 
1118	21 
1119	80 
1120	45 
1121	6 
1122	92 
1123	54 
1124	101 
1125	52 
1126	15 
1127	70 
1128	28 
1129	13 
1130	66 
1131	102 
1132	13 
1133	35 
1134	102 
1135	7 
1136	57 
1137	12 
1138	104 
1139	74 
1140	42 
1141	56 
1142	103 
1143	93 
1144	8 
1145	41 
1146	19 
1147	49 
1148	50 
1149	86 
1150	85 
1151	101 
1152	58 
1153	54 
1154	10 
1155	104 
1156	64 
1157	86 
1158	102 
1159	13 
1160	19 
1161	34 
1162	24 
1163	32 
1164	80 
1165	60 
1166	72 
1167	103 
1168	64 
1169	17 
1170	45 
1171	2 
1172	82 
1173	50 
1174	96 
1175	53 
1176	7 
1177	33 
1178	5 
1179	25 
1180	58 
1181	35 
1182	84 
1183	96 
1184	38 
1185	38 
1186	80 
1187	45 
1188	41 
1189	78 
1190	31 
1191	25 
1192	84 
1193	86 
1194	72 
1195	24 
1196	56 
1197	103 
1198	66 
1199	4 
1200	80 
1201	83 
1202	1 
1203	82 
1204	84 
1205	95 
1206	30 
1207	47 
1208	1 
1209	92 
1210	84 
1211	84 
1212	67 
1213	89 
1214	32 
1215	43 
1216	57 
1217	78 
1218	11 
1219	94 
1220	34 
1221	7 
1222	23 
1223	30 
1224	15 
1225	103 
1226	79 
1227	90 
1228	13 
1229	90 
1230	39 
1231	21 
1232	43 
1233	103 
1234	21 
1235	72 
1236	46 
1237	56 
1238	102 
1239	85 
1240	46 
1241	13 
1242	11 
1243	67 
1244	31 
1245	39 
1246	55 
1247	53 
1248	72 
1249	4 
1250	45 
1251	58 
1252	75 
1253	23 
1254	9 
1255	78 
1256	32 
1257	26 
1258	14 
1259	63 
1260	62 
1261	101 
1262	22 
1263	92 
1264	73 
1265	16 
1266	103 
1267	38 
1268	97 
1269	2 
1270	30 
1271	30 
1272	65 
1273	38 
1274	84 
1275	57 
1276	85 
1277	83 
1278	17 
1279	46 
1280	38 
1281	74 
1282	77 
1283	37 
1284	101 
1285	41 
1286	44 
1287	98 
1288	34 
1289	76 
1290	21 
1291	71 
1292	49 
1293	10 
1294	84 
1295	38 
1296	1 
1297	58 
1298	66 
1299	49 
1300	85 
1301	89 
1302	31 
1303	49 
1304	58 
1305	8 
1306	46 
1307	5 
1308	74 
1309	13 
1310	17 
1311	65 
1312	67 
1313	17 
1314	19 
1315	10 
1316	81 
1317	48 
1318	38 
1319	30 
1320	103 
1321	80 
1322	47 
1323	86 
1324	71 
1325	70 
1326	15 
1327	41 
1328	10 
1329	62 
1330	31 
1331	90 
1332	89 
1333	46 
1334	38 
1335	84 
1336	34 
1337	46 
1338	30 
1339	39 
1340	89 
1341	57 
1342	19 
1343	80 
1344	28 
1345	44 
1346	17 
1347	1 
1348	13 
1349	81 
1350	64 
1351	75 
1352	82 
1353	104 
1354	7 
1355	58 
1356	79 
1357	88 
1358	2 
1359	85 
1360	58 
1361	29 
1362	31 
1363	28 
1364	85 
1365	14 
1366	88 
1367	51 
1368	49 
1369	79 
1370	50 
1371	30 
1372	60 
1373	66 
1374	4 
1375	6 
1376	29 
1377	44 
1378	88 
1379	32 
1380	71 
1381	55 
1382	3 
1383	92 
1384	14 
1385	34 
1386	103 
1387	41 
1388	29 
1389	56 
1390	61 
1391	21 
1392	87 
1393	41 
1394	39 
1395	11 
1396	102 
1397	58 
1398	58 
1399	101 
1400	49 
1401	78 
1402	67 
1403	88 
1404	32 
1405	52 
1406	53 
1407	53 
1408	98 
1409	95 
1410	12 
1411	18 
1412	56 
1413	56 
1414	64 
1415	19 
1416	63 
1417	47 
1418	20 
1419	31 
1420	61 
1421	52 
1422	4 
1423	18 
1424	61 
1425	41 
1426	22 
1427	35 
1428	24 
1429	49 
1430	53 
1431	7 
1432	11 
1433	44 
1434	98 
1435	15 
1436	27 
1437	63 
1438	53 
1439	44 
1440	103 
1441	69 
1442	53 
1443	55 
1444	75 
1445	66 
1446	85 
1447	14 
1448	15 
1449	11 
1450	92 
1451	32 
1452	4 
1453	13 
1454	90 
1455	69 
1456	21 
1457	15 
1458	62 
1459	16 
1460	4 
1461	17 
1462	49 
1463	54 
1464	11 
1465	3 
1466	17 
1467	6 
1468	53 
1469	72 
1470	15 
1471	34 
1472	40 
1473	73 
1474	80 
1475	103 
1476	88 
1477	85 
1478	71 
1479	96 
1480	40 
1481	88 
1482	11 
1483	69 
1484	93 
1485	15 
1486	94 
1487	15 
1488	60 
1489	78 
1490	16 
1491	21 
1492	50 
1493	28 
1494	104 
1495	43 
1496	104 
1497	45 
1498	88 
1499	77 
1500	13 
1501	53 
1502	46 
1503	97 
1504	13 
1505	52 
1506	15 
1507	102 
1508	13 
1509	22 
1510	35 
1511	44 
1512	56 
1513	49 
1514	15 
1515	41 
1516	34 
1517	48 
1518	39 
1519	66 
1520	38 
1521	31 
1522	102 
1523	55 
1524	82 
1525	19 
1526	32 
1527	80 
1528	63 
1529	54 
1530	74 
1531	20 
1532	59 
1533	69 
1534	75 
1535	57 
1536	13 
1537	22 
1538	19 
1539	69 
1540	34 
1541	64 
1542	47 
1543	83 
1544	45 
1545	79 
1546	2 
1547	90 
1548	41 
1549	8 
1550	16 
1551	21 
1552	76 
1553	68 
1554	82 
1555	15 
1556	51 
1557	60 
1558	85 
1559	83 
1560	5 
1561	63 
1562	75 
1563	80 
1564	24 
1565	7 
1566	15 
1567	60 
1568	80 
1569	20 
1570	18 
1571	19 
1572	61 
1573	53 
1574	41 
1575	15 
1576	34 
1577	51 
1578	25 
1579	9 
1580	19 
1581	46 
1582	30 
1583	48 
1584	14 
1585	79 
1586	46 
1587	56 
1588	83 
1589	27 
1590	80 
1591	52 
1592	16 
1593	61 
1594	86 
1595	1 
1596	46 
1597	36 
1598	22 
1599	61 
1600	62 
1601	38 
1602	19 
1603	17 
1604	16 
1605	41 
1606	101 
1607	60 
1608	87 
1609	24 
1610	93 
1611	88 
1612	66 
1613	28 
1614	68 
1615	77 
1616	30 
1617	18 
1618	90 
1619	57 
1620	90 
1621	43 
1622	62 
1623	30 
1624	94 
1625	49 
1626	36 
1627	53 
1628	34 
1629	80 
1630	85 
1631	79 
1632	68 
1633	91 
1634	77 
1635	6 
1636	90 
1637	31 
1638	36 
1639	20 
1640	42 
1641	81 
1642	98 
1643	60 
1644	26 
1645	35 
1646	21 
1647	57 
1648	81 
1649	41 
1650	8 
1651	65 
1652	85 
1653	80 
1654	7 
1655	71 
1656	98 
1657	51 
1658	79 
1659	21 
1660	26 
1661	55 
1662	7 
1663	66 
1664	87 
1665	53 
1666	13 
1667	21 
1668	64 
1669	26 
1670	21 
1671	22 
1672	75 
1673	45 
1674	64 
1675	33 
1676	56 
1677	37 
1678	21 
1679	6 
1680	30 
1681	85 
1682	13 
1683	77 
1684	16 
1685	77 
1686	28 
1687	41 
1688	47 
1689	92 
1690	92 
1691	56 
1692	68 
1693	33 
1694	72 
1695	71 
1696	51 
1697	38 
1698	50 
1699	88 
1700	94 
1701	61 
1702	17 
1703	35 
1704	85 
1705	101 
1706	71 
1707	2 
1708	86 
1709	43 
1710	5 
1711	63 
1712	28 
1713	90 
1714	17 
1715	85 
1716	6 
1717	3 
1718	50 
1719	83 
1720	63 
1721	66 
1722	42 
1723	75 
1724	71 
1725	34 
1726	69 
1727	75 
1728	74 
1729	87 
1730	69 
1731	100 
1732	35 
1733	33 
1734	83 
1735	45 
1736	99 
1737	67 
1738	69 
1739	53 
1740	79 
1741	85 
1742	49 
1743	102 
1744	57 
1745	31 
1746	101 
1747	87 
1748	69 
1749	65 
1750	53 
1751	28 
1752	43 
1753	30 
1754	41 
1755	43 
1756	98 
1757	3 
1758	45 
1759	41 
1760	89 
1761	84 
1762	15 
1763	4 
1764	81 
1765	80 
1766	59 
1767	100 
1768	53 
1769	68 
1770	65 
1771	56 
1772	63 
1773	18 
1774	30 
1775	35 
1776	51 
1777	2 
1778	61 
1779	46 
1780	69 
1781	73 
1782	13 
1783	55 
1784	101 
1785	41 
1786	43 
1787	59 
1788	78 
1789	37 
1790	23 
1791	4 
1792	29 
1793	56 
1794	94 
1795	24 
1796	57 
1797	19 
1798	91 
1799	56 
1800	72 
1801	97 
1802	90 
1803	66 
1804	60 
1805	103 
1806	15 
1807	52 
1808	35 
1809	48 
1810	45 
1811	49 
1812	21 
1813	32 
1814	15 
1815	71 
1816	2 
1817	89 
1818	104 
1819	11 
1820	43 
1821	30 
1822	84 
1823	48 
1824	52 
1825	85 
1826	82 
1827	31 
1828	13 
1829	3 
1830	54 
1831	27 
1832	80 
1833	39 
1834	19 
1835	44 
1836	43 
1837	9 
1838	55 
1839	69 
1840	4 
1841	66 
1842	8 
1843	60 
1844	28 
1845	87 
1846	14 
1847	91 
1848	14 
1849	49 
1850	83 
1851	5 
1852	55 
1853	54 
1854	34 
1855	34 
1856	11 
1857	83 
1858	92 
1859	55 
1860	21 
1861	68 
1862	43 
1863	50 
1864	76 
1865	90 
1866	75 
1867	15 
1868	30 
1869	16 
1870	37 
1871	30 
1872	72 
1873	45 
1874	46 
1875	47 
1876	48 
1877	5 
1878	73 
1879	46 
1880	41 
1881	43 
1882	80 
1883	49 
1884	87 
1885	48 
1886	21 
1887	99 
1888	45 
1889	92 
1890	76 
1891	1 
1892	91 
1893	31 
1894	28 
1895	27 
1896	18 
1897	85 
1898	79 
1899	79 
1900	32 
1901	75 
1902	85 
1903	72 
1904	13 
1905	82 
1906	20 
1907	2 
1908	28 
1909	90 
1910	64 
1911	90 
1912	8 
1913	84 
1914	60 
1915	42 
1916	10 
1917	64 
1918	50 
1919	30 
1920	102 
1921	63 
1922	96 
1923	81 
1924	80 
1925	72 
1926	3 
1927	59 
1928	5 
1929	77 
1930	70 
1931	11 
1932	23 
1933	1 
1934	63 
1935	45 
1936	18 
1937	58 
1938	55 
1939	16 
1940	21 
1941	44 
1942	19 
1943	84 
1944	74 
1945	72 
1946	66 
1947	16 
1948	78 
1949	9 
1950	38 
1951	69 
1952	89 
1953	28 
1954	51 
1955	56 
1956	85 
1957	14 
1958	14 
1959	73 
1960	81 
1961	2 
1962	48 
1963	6 
1964	58 
1965	66 
1966	19 
1967	95 
1968	92 
1969	13 
1970	89 
1971	79 
1972	99 
1973	85 
1974	13 
1975	40 
1976	85 
1977	101 
1978	75 
1979	60 
1980	57 
1981	13 
1982	66 
1983	17 
1984	56 
1985	104 
1986	72 
1987	23 
1988	47 
1989	76 
1990	17 
1991	77 
1992	44 
1993	59 
1994	64 
1995	51 
1996	94 
1997	100 
1998	90 
1999	72 
2000	61 
2001	74 
2002	83 
2003	33 
2004	16 
2005	60 
2006	70 
2007	40 
2008	17 
2009	34 
2010	103 
2011	66 
2012	43 
2013	30 
2014	39 
2015	96 
2016	30 
2017	91 
2018	69 
2019	21 
2020	84 
2021	31 
2022	85 
2023	92 
2024	85 
2025	59 
2026	81 
2027	87 
2028	90 
2029	15 
2030	16 
2031	97 
2032	91 
2033	92 
2034	13 
2035	83 
2036	63 
2037	45 
2038	45 
2039	18 
2040	53 
2041	18 
2042	58 
2043	38 
2044	61 
2045	83 
2046	11 
2047	63 
2048	93 
2049	19 
2050	14 
2051	28 
2052	16 
2053	41 
2054	23 
2055	30 
2056	14 
2057	94 
2058	19 
2059	14 
2060	24 
2061	33 
2062	89 
2063	72 
2064	89 
2065	37 
2066	61 
2067	59 
2068	88 
2069	102 
2070	36 
2071	29 
2072	42 
2073	59 
2074	39 
2075	15 
2076	84 
2077	67 
2078	59 
2079	35 
2080	19 
2081	66 
2082	77 
2083	71 
2084	52 
2085	15 
2086	41 
2087	44 
2088	31 
2089	102 
2090	66 
2091	53 
2092	76 
2093	15 
2094	54 
2095	36 
2096	20 
2097	70 
2098	47 
2099	61 
2100	53 
2101	17 
2102	61 
2103	71 
2104	75 
2105	84 
2106	79 
2107	36 
2108	34 
2109	53 
2110	46 
2111	103 
2112	53 
2113	81 
2114	19 
2115	65 
2116	38 
2117	83 
2118	51 
2119	53 
2120	10 
2121	68 
2122	81 
2123	101 
2124	69 
2125	50 
2126	32 
2127	6 
2128	33 
2129	97 
2130	90 
2131	66 
2132	28 
2133	62 
2134	13 
2135	64 
2136	89 
2137	95 
2138	14 
2139	43 
2140	40 
2141	21 
2142	32 
2143	31 
2144	85 
2145	32 
2146	94 
2147	38 
2148	46 
2149	82 
2150	61 
2151	60 
2152	75 
2153	29 
2154	34 
2155	58 
2156	17 
2157	48 
2158	3 
2159	64 
2160	39 
2161	6 
2162	21 
2163	61 
2164	68 
2165	8 
2166	53 
2167	78 
2168	56 
2169	45 
2170	60 
2171	45 
2172	23 
2173	9 
2174	45 
2175	66 
2176	57 
2177	45 
2178	19 
2179	55 
2180	30 
2181	26 
2182	15 
2183	82 
2184	102 
2185	93 
2186	103 
2187	76 
2188	46 
2189	60 
2190	19 
2191	88 
2192	94 
2193	11 
2194	19 
2195	81 
2196	41 
2197	52 
2198	69 
2199	14 
2200	60 
2201	20 
2202	88 
2203	99 
2204	81 
2205	20 
2206	61 
2207	55 
2208	23 
2209	31 
2210	11 
2211	80 
2212	61 
2213	5 
2214	47 
2215	30 
2216	70 
2217	44 
2218	14 
2219	33 
2220	73 
2221	93 
2222	35 
2223	20 
2224	9 
2225	104 
2226	102 
2227	53 
2228	71 
2229	37 
2230	74 
2231	31 
2232	29 
2233	71 
2234	71 
2235	14 
2236	18 
2237	96 
2238	92 
2239	55 
2240	37 
2241	38 
2242	67 
2243	76 
2244	45 
2245	18 
2246	19 
2247	104 
2248	53 
2249	68 
2250	101 
2251	29 
2252	58 
2253	43 
2254	82 
2255	4 
2256	16 
2257	73 
2258	32 
2259	84 
2260	61 
2261	80 
2262	30 
2263	34 
2264	20 
2265	52 
2266	14 
2267	76 
2268	1 
2269	101 
2270	76 
2271	83 
2272	62 
2273	34 
2274	46 
2275	23 
2276	23 
2277	59 
2278	55 
2279	38 
2280	10 
2281	67 
2282	67 
2283	79 
2284	41 
2285	48 
2286	60 
2287	9 
2288	71 
2289	101 
2290	20 
2291	34 
2292	34 
2293	65 
2294	5 
2295	84 
2296	14 
2297	41 
2298	53 
2299	23 
2300	45 
2301	66 
2302	95 
2303	38 
2304	82 
2305	97 
2306	67 
2307	46 
2308	28 
2309	92 
2310	50 
2311	70 
2312	34 
2313	3 
2314	89 
2315	3 
2316	64 
2317	32 
2318	45 
2319	26 
2320	90 
2321	80 
2322	77 
2323	58 
2324	83 
2325	30 
2326	36 
2327	86 
2328	15 
2329	21 
2330	31 
2331	44 
2332	18 
2333	82 
2334	95 
2335	7 
2336	100 
2337	74 
2338	5 
2339	61 
2340	21 
2341	58 
2342	15 
2343	7 
2344	16 
2345	6 
2346	89 
2347	53 
2348	43 
2349	80 
2350	55 
2351	34 
2352	48 
2353	75 
2354	90 
2355	46 
2356	61 
2357	104 
2358	88 
2359	75 
2360	92 
2361	15 
2362	2 
2363	8 
2364	85 
2365	45 
2366	104 
2367	24 
2368	46 
2369	88 
2370	50 
2371	58 
2372	62 
2373	100 
2374	87 
2375	68 
2376	12 
2377	81 
2378	101 
2379	6 
2380	34 
2381	71 
2382	60 
2383	31 
2384	86 
2385	98 
2386	98 
2387	22 
2388	53 
2389	9 
2390	85 
2391	33 
2392	80 
2393	60 
2394	72 
2395	46 
2396	74 
2397	54 
2398	3 
2399	46 
2400	28 
2401	19 
2402	103 
2403	20 
2404	58 
2405	14 
2406	69 
2407	80 
2408	66 
2409	34 
2410	92 
2411	40 
2412	38 
2413	60 
2414	65 
2415	52 
2416	102 
2417	89 
2418	71 
2419	56 
2420	32 
2421	21 
2422	92 
2423	84 
2424	56 
2425	44 
2426	29 
2427	8 
2428	59 
2429	79 
2430	89 
2431	53 
2432	83 
2433	71 
2434	19 
2435	88 
2436	91 
2437	23 
2438	15 
2439	6 
2440	16 
2441	2 
2442	73 
2443	90 
2444	82 
2445	46 
2446	62 
2447	46 
2448	49 
2449	72 
2450	88 
2451	98 
2452	73 
2453	100 
2454	48 
2455	101 
2456	75 
2457	18 
2458	77 
2459	38 
2460	79 
2461	5 
2462	52 
2463	25 
2464	21 
2465	56 
2466	53 
2467	24 
2468	96 
2469	74 
2470	71 
2471	59 
2472	85 
2473	19 
2474	89 
2475	50 
2476	84 
2477	62 
2478	22 
2479	90 
2480	30 
2481	53 
2482	92 
2483	9 
2484	45 
2485	57 
2486	66 
2487	19 
2488	15 
2489	92 
2490	103 
2491	83 
2492	68 
2493	15 
2494	25 
2495	97 
2496	17 
2497	99 
2498	21 
2499	84 
2500	1 
2501	80 
2502	13 
2503	40 
2504	56 
2505	88 
2506	87 
2507	61 
2508	18 
2509	53 
2510	14 
2511	38 
2512	18 
2513	82 
2514	56 
2515	30 
2516	70 
2517	93 
2518	75 
2519	56 
2520	83 
2521	101 
2522	33 
2523	8 
2524	71 
2525	35 
2526	34 
2527	46 
2528	18 
2529	90 
2530	45 
2531	19 
2532	101 
2533	77 
2534	6 
2535	9 
2536	59 
2537	63 
2538	64 
2539	42 
2540	62 
2541	104 
2542	10 
2543	102 
2544	58 
2545	24 
2546	67 
2547	21 
2548	46 
2549	43 
2550	5 
2551	69 
2552	61 
2553	88 
2554	44 
2555	80 
2556	72 
2557	31 
2558	85 
2559	66 
2560	30 
2561	75 
2562	69 
2563	102 
2564	86 
2565	72 
2566	58 
2567	19 
2568	84 
2569	32 
2570	89 
2571	102 
2572	95 
2573	80 
2574	90 
2575	6 
2576	71 
2577	82 
2578	55 
2579	79 
2580	21 
2581	26 
2582	45 
2583	41 
2584	61 
2585	1 
2586	66 
2587	9 
2588	6 
2589	98 
2590	12 
2591	100 
2592	87 
2593	98 
2594	38 
2595	58 
2596	2 
2597	1 
2598	75 
2599	74 
2600	13 
2601	104 
2602	15 
2603	7 
2604	58 
2605	3 
2606	17 
2607	58 
2608	35 
2609	92 
2610	44 
2611	21 
2612	56 
2613	90 
2614	37 
2615	8 
2616	45 
2617	8 
2618	90 
2619	93 
2620	61 
2621	76 
2622	54 
2623	63 
2624	6 
2625	52 
2626	66 
2627	31 
2628	80 
2629	48 
2630	33 
2631	75 
2632	16 
2633	14 
2634	82 
2635	85 
2636	56 
2637	12 
2638	79 
2639	34 
2640	63 
2641	49 
2642	57 
2643	50 
2644	12 
2645	25 
2646	60 
2647	88 
2648	23 
2649	103 
2650	63 
2651	19 
2652	33 
2653	76 
2654	60 
2655	101 
2656	102 
2657	69 
2658	72 
2659	17 
2660	100 
2661	95 
2662	76 
2663	5 
2664	104 
2665	31 
2666	56 
2667	31 
2668	12 
2669	72 
2670	3 
2671	65 
2672	39 
2673	86 
2674	31 
2675	85 
2676	61 
2677	56 
2678	56 
2679	53 
2680	34 
2681	41 
2682	41 
2683	64 
2684	37 
2685	82 
2686	13 
2687	83 
2688	1 
2689	79 
2690	81 
2691	48 
2692	96 
2693	60 
2694	102 
2695	71 
2696	69 
2697	20 
2698	60 
2699	16 
2700	67 
2701	32 
2702	19 
2703	55 
2704	58 
2705	11 
2706	97 
2707	61 
2708	32 
2709	31 
2710	64 
2711	103 
2712	72 
2713	69 
2714	12 
2715	60 
2716	45 
2717	38 
2718	30 
2719	13 
2720	65 
2721	63 
2722	32 
2723	62 
2724	98 
2725	43 
2726	27 
2727	28 
2728	14 
2729	50 
2730	87 
2731	33 
2732	34 
2733	24 
2734	13 
2735	73 
2736	1 
2737	37 
2738	19 
2739	31 
2740	85 
2741	58 
2742	65 
2743	89 
2744	89 
2745	102 
2746	61 
2747	83 
2748	75 
2749	46 
2750	27 
2751	91 
2752	58 
2753	55 
2754	19 
2755	92 
2756	66 
2757	75 
2758	33 
2759	13 
2760	58 
2761	58 
2762	6 
2763	4 
2764	27 
2765	73 
2766	58 
2767	60 
2768	81 
2769	45 
2770	75 
2771	30 
2772	45 
2773	7 
2774	81 
2775	79 
2776	15 
2777	51 
2778	97 
2779	2 
2780	45 
2781	32 
2782	38 
2783	96 
2784	99 
2785	41 
2786	93 
2787	90 
2788	67 
2789	47 
2790	84 
2791	49 
2792	23 
2793	96 
2794	41 
2795	55 
2796	95 
2797	44 
2798	90 
2799	91 
2800	33 
2801	19 
2802	13 
2803	62 
2804	58 
2805	61 
2806	49 
2807	90 
2808	64 
2809	14 
2810	21 
2811	92 
2812	53 
2813	35 
2814	71 
2815	88 
2816	91 
2817	90 
2818	2 
2819	45 
2820	38 
2821	29 
2822	15 
2823	55 
2824	61 
2825	22 
2826	104 
2827	102 
2828	59 
2829	52 
2830	79 
2831	41 
2832	36 
2833	52 
2834	43 
2835	56 
2836	17 
2837	102 
2838	71 
2839	5 
2840	90 
2841	66 
2842	85 
2843	53 
2844	104 
2845	15 
2846	101 
2847	92 
2848	20 
2849	77 
2850	27 
2851	15 
2852	11 
2853	18 
2854	85 
2855	15 
2856	89 
2857	33 
2858	53 
2859	22 
2860	38 
2861	23 
2862	91 
2863	76 
2864	6 
2865	25 
2866	56 
2867	96 
2868	49 
2869	99 
2870	26 
2871	49 
2872	23 
2873	58 
2874	41 
2875	42 
2876	34 
2877	30 
2878	66 
2879	65 
2880	19 
2881	13 
2882	13 
2883	18 
2884	30 
2885	37 
2886	61 
2887	15 
2888	66 
2889	20 
2890	5 
2891	75 
2892	42 
2893	89 
2894	71 
2895	33 
2896	69 
2897	86 
2898	8 
2899	60 
2900	36 
2901	55 
2902	85 
2903	38 
2904	7 
2905	64 
2906	38 
2907	21 
2908	76 
2909	19 
2910	11 
2911	31 
2912	102 
2913	34 
2914	58 
2915	17 
2916	61 
2917	55 
2918	57 
2919	38 
2920	45 
2921	66 
2922	97 
2923	49 
2924	72 
2925	103 
2926	11 
2927	13 
2928	30 
2929	43 
2930	79 
2931	7 
2932	53 
2933	19 
2934	17 
2935	60 
2936	24 
2937	15 
2938	80 
2939	7 
2940	32 
2941	72 
2942	45 
2943	71 
2944	4 
2945	69 
2946	50 
2947	73 
2948	40 
2949	99 
2950	103 
2951	81 
2952	75 
2953	66 
2954	75 
2955	95 
2956	56 
2957	102 
2958	95 
2959	104 
2960	55 
2961	53 
2962	53 
2963	60 
2964	58 
2965	84 
2966	87 
2967	74 
2968	12 
2969	31 
2970	82 
2971	81 
2972	19 
2973	36 
2974	16 
2975	60 
2976	55 
2977	24 
2978	80 
2979	86 
2980	84 
2981	38 
2982	30 
2983	13 
2984	31 
2985	4 
2986	62 
2987	55 
2988	30 
2989	72 
2990	71 
2991	80 
2992	44 
2993	11 
2994	80 
2995	70 
2996	66 
2997	61 
2998	68 
2999	13 
3000	89 
3001	22 
3002	10 
3003	26 
3004	31 
3005	21 
3006	23 
3007	5 
3008	90 
3009	40 
3010	71 
3011	34 
3012	52 
3013	95 
3014	51 
3015	69 
3016	75 
3017	48 
3018	102 
3019	13 
3020	76 
3021	41 
3022	90 
3023	32 
3024	30 
3025	17 
3026	104 
3027	61 
3028	57 
3029	35 
3030	5 
3031	17 
3032	75 
3033	43 
3034	63 
3035	86 
3036	44 
3037	103 
3038	4 
3039	43 
3040	58 
3041	41 
3042	53 
3043	59 
3044	58 
3045	74 
3046	35 
3047	19 
3048	31 
3049	6 
3050	3 
3051	101 
3052	50 
3053	102 
3054	23 
3055	78 
3056	42 
3057	24 
3058	14 
3059	62 
3060	61 
3061	102 
3062	53 
3063	104 
3064	30 
3065	45 
3066	18 
3067	65 
3068	56 
3069	53 
3070	55 
3071	87 
3072	92 
3073	38 
3074	8 
3075	10 
3076	80 
3077	34 
3078	50 
3079	33 
3080	17 
3081	47 
3082	83 
3083	60 
3084	2 
3085	104 
3086	104 
3087	5 
3088	27 
3089	46 
3090	63 
3091	21 
3092	64 
3093	20 
3094	99 
3095	58 
3096	71 
3097	32 
3098	4 
3099	22 
3100	85 
3101	7 
3102	71 
3103	34 
3104	49 
3105	50 
3106	49 
3107	12 
3108	20 
3109	96 
3110	45 
3111	54 
3112	30 
3113	74 
3114	84 
3115	78 
3116	81 
3117	33 
3118	3 
3119	10 
3120	13 
3121	98 
3122	91 
3123	21 
3124	30 
3125	77 
3126	13 
3127	59 
3128	69 
3129	22 
3130	88 
3131	30 
3132	83 
3133	80 
3134	30 
3135	56 
3136	26 
3137	33 
3138	28 
3139	21 
3140	84 
3141	16 
3142	30 
3143	85 
3144	28 
3145	69 
3146	33 
3147	22 
3148	88 
3149	100 
3150	56 
3151	40 
3152	50 
3153	81 
3154	45 
3155	93 
3156	36 
3157	99 
3158	5 
3159	6 
3160	5 
3161	15 
3162	8 
3163	57 
3164	83 
3165	104 
3166	53 
3167	39 
3168	31 
3169	65 
3170	75 
3171	57 
3172	45 
3173	34 
3174	10 
3175	41 
3176	104 
3177	90 
3178	66 
3179	17 
3180	102 
3181	64 
3182	38 
3183	17 
3184	25 
3185	42 
3186	55 
3187	66 
3188	63 
3189	85 
3190	78 
3191	82 
3192	45 
3193	100 
3194	41 
3195	93 
3196	7 
3197	16 
3198	48 
3199	18 
3200	38 
3201	88 
3202	66 
3203	52 
3204	50 
3205	53 
3206	59 
3207	98 
3208	16 
3209	74 
3210	62 
3211	28 
3212	60 
3213	74 
3214	2 
3215	54 
3216	18 
3217	38 
3218	72 
3219	35 
3220	97 
3221	58 
3222	19 
3223	84 
3224	30 
3225	103 
3226	55 
3227	91 
3228	6 
3229	56 
3230	53 
3231	7 
3232	51 
3233	71 
3234	17 
3235	84 
3236	30 
3237	76 
3238	21 
3239	4 
3240	21 
3241	52 
3242	2 
3243	8 
3244	30 
3245	18 
3246	19 
3247	52 
3248	2 
3249	97 
3250	69 
3251	27 
3252	63 
3253	79 
3254	56 
3255	21 
3256	55 
3257	43 
3258	97 
3259	72 
3260	49 
3261	27 
3262	85 
3263	99 
3264	32 
3265	85 
3266	13 
3267	38 
3268	71 
3269	60 
3270	35 
3271	15 
3272	84 
3273	27 
3274	57 
3275	58 
3276	45 
3277	79 
3278	91 
3279	85 
3280	55 
3281	10 
3282	25 
3283	9 
3284	46 
3285	21 
3286	24 
3287	69 
3288	61 
3289	56 
3290	53 
3291	60 
3292	76 
3293	10 
3294	48 
3295	66 
3296	31 
3297	91 
3298	84 
3299	43 
3300	60 
3301	14 
3302	91 
3303	26 
3304	54 
3305	58 
3306	81 
3307	38 
3308	59 
3309	91 
3310	18 
3311	103 
3312	80 
3313	61 
3314	15 
3315	38 
3316	13 
3317	69 
3318	44 
3319	80 
3320	88 
3321	34 
3322	17 
3323	14 
3324	45 
3325	80 
3326	17 
3327	22 
3328	17 
3329	24 
3330	81 
3331	83 
3332	28 
3333	19 
3334	74 
3335	90 
3336	35 
3337	71 
3338	17 
3339	30 
3340	90 
3341	45 
3342	15 
3343	64 
3344	53 
3345	9 
3346	104 
3347	20 
3348	84 
3349	58 
3350	55 
3351	42 
3352	82 
3353	2 
3354	6 
3355	66 
3356	90 
3357	60 
3358	60 
3359	50 
3360	26 
3361	13 
3362	79 
3363	29 
3364	97 
3365	53 
3366	45 
3367	56 
3368	56 
3369	56 
3370	81 
3371	104 
3372	3 
3373	44 
3374	31 
3375	45 
3376	65 
3377	44 
3378	42 
3379	70 
3380	86 
3381	83 
3382	103 
3383	72 
3384	39 
3385	100 
3386	83 
3387	17 
3388	15 
3389	9 
3390	82 
3391	30 
3392	37 
3393	98 
3394	13 
3395	40 
3396	54 
3397	98 
3398	80 
3399	33 
3400	72 
3401	6 
3402	13 
3403	34 
3404	70 
3405	34 
3406	15 
3407	63 
3408	98 
3409	19 
3410	27 
3411	64 
3412	80 
3413	28 
3414	77 
3415	61 
3416	72 
3417	84 
3418	83 
3419	38 
3420	45 
3421	45 
3422	45 
3423	56 
3424	52 
3425	57 
3426	87 
3427	80 
3428	85 
3429	78 
3430	79 
3431	2 
3432	51 
3433	31 
3434	5 
3435	72 
3436	55 
3437	9 
3438	74 
3439	61 
3440	71 
3441	56 
3442	83 
3443	38 
3444	25 
3445	81 
3446	69 
3447	89 
3448	66 
3449	5 
3450	15 
3451	69 
3452	88 
3453	16 
3454	76 
3455	80 
3456	38 
3457	31 
3458	95 
3459	57 
3460	61 
3461	41 
3462	50 
3463	42 
3464	31 
3465	32 
3466	16 
3467	44 
3468	69 
3469	82 
3470	4 
3471	58 
3472	84 
3473	103 
3474	52 
3475	13 
3476	102 
3477	93 
3478	63 
3479	95 
3480	54 
3481	100 
3482	3 
3483	76 
3484	41 
3485	76 
3486	41 
3487	69 
3488	29 
3489	41 
3490	64 
3491	95 
3492	49 
3493	31 
3494	79 
3495	90 
3496	53 
3497	101 
3498	2 
3499	14 
3500	55 
3501	4 
3502	84 
3503	97 
3504	18 
3505	76 
3506	53 
3507	21 
3508	21 
3509	38 
3510	71 
3511	60 
3512	46 
3513	25 
3514	50 
3515	61 
3516	9 
3517	14 
3518	56 
3519	70 
3520	66 
3521	15 
3522	67 
3523	94 
3524	33 
3525	103 
3526	59 
3527	53 
3528	65 
3529	41 
3530	57 
3531	10 
3532	32 
3533	49 
3534	5 
3535	16 
3536	99 
3537	73 
3538	79 
3539	28 
3540	45 
3541	56 
3542	78 
3543	9 
3544	84 
3545	15 
3546	19 
3547	30 
3548	13 
3549	12 
3550	39 
3551	84 
3552	8 
3553	14 
3554	55 
3555	56 
3556	43 
3557	7 
3558	63 
3559	50 
3560	85 
3561	93 
3562	15 
3563	90 
3564	78 
3565	49 
3566	81 
3567	45 
3568	17 
3569	59 
3570	60 
3571	17 
3572	82 
3573	93 
3574	15 
3575	83 
3576	71 
3577	30 
3578	72 
3579	53 
3580	81 
3581	55 
3582	84 
3583	97 
3584	13 
3585	80 
3586	51 
3587	45 
3588	41 
3589	89 
3590	55 
3591	60 
3592	73 
3593	84 
3594	34 
3595	66 
3596	37 
3597	94 
3598	86 
3599	2 
3600	17 
3601	38 
3602	15 
3603	47 
3604	51 
3605	45 
3606	49 
3607	19 
3608	21 
3609	49 
3610	7 
3611	103 
3612	45 
3613	6 
3614	67 
3615	75 
3616	44 
3617	102 
3618	31 
3619	71 
3620	56 
3621	75 
3622	8 
3623	49 
3624	19 
3625	46 
3626	60 
3627	16 
3628	41 
3629	92 
3630	30 
3631	36 
3632	5 
3633	5 
3634	18 
3635	66 
3636	6 
3637	65 
3638	10 
3639	30 
3640	104 
3641	34 
3642	71 
3643	64 
3644	57 
3645	90 
3646	27 
3647	75 
3648	57 
3649	103 
3650	54 
3651	44 
3652	72 
3653	84 
3654	56 
3655	56 
3656	92 
3657	8 
3658	14 
3659	52 
3660	55 
3661	80 
3662	91 
3663	83 
3664	24 
3665	15 
3666	102 
3667	43 
3668	85 
3669	84 
3670	77 
3671	71 
3672	47 
3673	32 
3674	60 
3675	5 
3676	85 
3677	45 
3678	45 
3679	56 
3680	21 
3681	68 
3682	18 
3683	31 
3684	35 
3685	22 
3686	100 
3687	89 
3688	100 
3689	31 
3690	88 
3691	82 
3692	41 
3693	16 
3694	21 
3695	11 
3696	69 
3697	11 
3698	53 
3699	63 
3700	68 
3701	48 
3702	46 
3703	57 
3704	52 
3705	83 
3706	51 
3707	80 
3708	67 
3709	48 
3710	6 
3711	104 
3712	26 
3713	22 
3714	64 
3715	16 
3716	9 
3717	34 
3718	55 
3719	17 
3720	68 
3721	36 
3722	66 
3723	58 
3724	26 
3725	84 
3726	35 
3727	29 
3728	77 
3729	30 
3730	85 
3731	87 
3732	45 
3733	69 
3734	18 
3735	33 
3736	96 
3737	84 
3738	95 
3739	61 
3740	43 
3741	78 
3742	46 
3743	17 
3744	28 
3745	21 
3746	71 
3747	52 
3748	89 
3749	38 
3750	83 
3751	54 
3752	59 
3753	60 
3754	83 
3755	14 
3756	85 
3757	17 
3758	75 
3759	35 
3760	28 
3761	18 
3762	60 
3763	37 
3764	15 
3765	83 
3766	31 
3767	50 
3768	23 
3769	102 
3770	55 
3771	16 
3772	66 
3773	17 
3774	82 
3775	7 
3776	31 
3777	31 
3778	55 
3779	16 
3780	45 
3781	16 
3782	41 
3783	76 
3784	57 
3785	81 
3786	69 
3787	15 
3788	53 
3789	6 
3790	17 
3791	11 
3792	8 
3793	45 
3794	76 
3795	76 
3796	46 
3797	83 
3798	21 
3799	64 
3800	91 
3801	64 
3802	104 
3803	72 
3804	45 
3805	31 
3806	57 
3807	22 
3808	103 
3809	91 
3810	74 
3811	14 
3812	32 
3813	97 
3814	59 
3815	32 
3816	28 
3817	38 
3818	96 
3819	50 
3820	102 
3821	27 
3822	49 
3823	79 
3824	34 
3825	53 
3826	48 
3827	84 
3828	85 
3829	15 
3830	74 
3831	2 
3832	77 
3833	65 
3834	54 
3835	67 
3836	29 
3837	15 
3838	80 
3839	80 
3840	55 
3841	64 
3842	90 
3843	55 
3844	91 
3845	49 
3846	72 
3847	88 
3848	33 
3849	78 
3850	78 
3851	52 
3852	55 
3853	23 
3854	9 
3855	44 
3856	75 
3857	43 
3858	84 
3859	64 
3860	60 
3861	87 
3862	47 
3863	21 
3864	85 
3865	21 
3866	70 
3867	47 
3868	28 
3869	90 
3870	70 
3871	87 
3872	30 
3873	21 
3874	71 
3875	60 
3876	30 
3877	35 
3878	19 
3879	104 
3880	71 
3881	24 
3882	72 
3883	56 
3884	45 
3885	13 
3886	31 
3887	49 
3888	16 
3889	45 
3890	72 
3891	38 
3892	53 
3893	58 
3894	74 
3895	31 
3896	75 
3897	74 
3898	102 
3899	29 
3900	42 
3901	22 
3902	82 
3903	61 
3904	103 
3905	88 
3906	83 
3907	49 
3908	31 
3909	63 
3910	39 
3911	50 
3912	56 
3913	102 
3914	75 
3915	84 
3916	80 
3917	30 
3918	30 
3919	77 
3920	82 
3921	49 
3922	56 
3923	71 
3924	50 
3925	39 
3926	9 
3927	89 
3928	98 
3929	50 
3930	57 
3931	58 
3932	36 
3933	10 
3934	93 
3935	51 
3936	14 
3937	98 
3938	71 
3939	6 
3940	5 
3941	57 
3942	89 
3943	82 
3944	28 
3945	19 
3946	20 
3947	96 
3948	33 
3949	43 
3950	50 
3951	11 
3952	86 
3953	94 
3954	59 
3955	103 
3956	55 
3957	50 
3958	85 
3959	70 
3960	88 
3961	21 
3962	86 
3963	75 
3964	41 
3965	55 
3966	54 
3967	35 
3968	43 
3969	85 
3970	93 
3971	90 
3972	69 
3973	82 
3974	14 
3975	86 
3976	16 
3977	97 
3978	59 
3979	43 
3980	60 
3981	39 
3982	1 
3983	51 
3984	14 
3985	41 
3986	25 
3987	45 
3988	71 
3989	69 
3990	35 
3991	80 
3992	71 
3993	101 
3994	69 
3995	56 
3996	66 
3997	83 
3998	58 
3999	41 
4000	56 
4001	41 
4002	56 
4003	1 
4004	38 
4005	80 
4006	79 
4007	69 
4008	43 
4009	45 
4010	15 
4011	66 
4012	22 
4013	55 
4014	46 
4015	43 
4016	85 
4017	1 
4018	80 
4019	7 
4020	28 
4021	55 
4022	44 
4023	74 
4024	31 
4025	89 
4026	27 
4027	35 
4028	38 
4029	71 
4030	47 
4031	14 
4032	55 
4033	90 
4034	68 
4035	79 
4036	38 
4037	37 
4038	41 
4039	97 
4040	103 
4041	88 
4042	57 
4043	52 
4044	95 
4045	87 
4046	61 
4047	32 
4048	79 
4049	81 
4050	41 
4051	45 
4052	70 
4053	66 
4054	69 
4055	30 
4056	101 
4057	17 
4058	72 
4059	79 
4060	79 
4061	69 
4062	14 
4063	40 
4064	86 
4065	40 
4066	21 
4067	81 
4068	70 
4069	20 
4070	60 
4071	19 
4072	55 
4073	16 
4074	64 
4075	40 
4076	35 
4077	39 
4078	41 
4079	53 
4080	34 
4081	71 
4082	72 
4083	3 
4084	19 
4085	47 
4086	91 
4087	72 
4088	9 
4089	84 
4090	82 
4091	85 
4092	21 
4093	103 
4094	53 
4095	22 
4096	93 
4097	48 
4098	63 
4099	31 
4100	4 
4101	56 
4102	49 
4103	102 
4104	76 
4105	55 
4106	92 
4107	7 
4108	52 
4109	72 
4110	34 
4111	15 
4112	97 
4113	4 
4114	60 
4115	72 
4116	46 
4117	15 
4118	93 
4119	103 
4120	94 
4121	37 
4122	5 
4123	79 
4124	56 
4125	16 
4126	16 
4127	101 
4128	7 
4129	17 
4130	44 
4131	44 
4132	84 
4133	25 
4134	97 
4135	8 
4136	3 
4137	104 
4138	34 
4139	74 
4140	44 
4141	74 
4142	47 
4143	56 
4144	10 
4145	41 
4146	9 
4147	38 
4148	64 
4149	51 
4150	70 
4151	53 
4152	82 
4153	69 
4154	59 
4155	32 
4156	67 
4157	90 
4158	71 
4159	93 
4160	43 
4161	98 
4162	7 
4163	81 
4164	46 
4165	3 
4166	64 
4167	66 
4168	69 
4169	50 
4170	21 
4171	56 
4172	61 
4173	43 
4174	30 
4175	88 
4176	85 
4177	88 
4178	64 
4179	43 
4180	26 
4181	42 
4182	61 
4183	94 
4184	54 
4185	74 
4186	18 
4187	53 
4188	92 
4189	90 
4190	84 
4191	11 
4192	4 
4193	84 
4194	51 
4195	84 
4196	82 
4197	57 
4198	97 
4199	64 
4200	67 
4201	74 
4202	66 
4203	33 
4204	48 
4205	102 
4206	39 
4207	13 
4208	2 
4209	50 
4210	13 
4211	80 
4212	67 
4213	93 
4214	74 
4215	98 
4216	66 
4217	103 
4218	8 
4219	85 
4220	50 
4221	63 
4222	67 
4223	39 
4224	15 
4225	76 
4226	84 
4227	10 
4228	50 
4229	43 
4230	31 
4231	98 
4232	76 
4233	45 
4234	65 
4235	47 
4236	99 
4237	30 
4238	6 
4239	18 
4240	3 
4241	7 
4242	33 
4243	74 
4244	9 
4245	100 
4246	25 
4247	84 
4248	62 
4249	13 
4250	102 
4251	92 
4252	82 
4253	15 
4254	57 
4255	61 
4256	19 
4257	56 
4258	47 
4259	2 
4260	29 
4261	14 
4262	100 
4263	101 
4264	26 
4265	61 
4266	31 
4267	92 
4268	55 
4269	15 
4270	62 
4271	103 
4272	82 
4273	97 
4274	48 
4275	60 
4276	8 
4277	1 
4278	25 
4279	43 
4280	34 
4281	101 
4282	89 
4283	55 
4284	2 
4285	25 
4286	79 
4287	31 
4288	93 
4289	44 
4290	5 
4291	1 
4292	71 
4293	68 
4294	34 
4295	8 
4296	64 
4297	94 
4298	48 
4299	61 
4300	92 
4301	63 
4302	14 
4303	53 
4304	60 
4305	84 
4306	63 
4307	38 
4308	72 
4309	71 
4310	78 
4311	77 
4312	4 
4313	95 
4314	19 
4315	50 
4316	50 
4317	59 
4318	45 
4319	80 
4320	70 
4321	32 
4322	2 
4323	39 
4324	55 
4325	97 
4326	51 
4327	16 
4328	4 
4329	82 
4330	69 
4331	46 
4332	45 
4333	9 
4334	76 
4335	62 
4336	5 
4337	45 
4338	98 
4339	4 
4340	11 
4341	39 
4342	73 
4343	100 
4344	27 
4345	79 
4346	43 
4347	61 
4348	46 
4349	12 
4350	72 
4351	70 
4352	99 
4353	16 
4354	84 
4355	31 
4356	60 
4357	18 
4358	44 
4359	6 
4360	37 
4361	50 
4362	42 
4363	85 
4364	23 
4365	30 
4366	50 
4367	81 
4368	80 
4369	53 
4370	53 
4371	28 
4372	33 
4373	47 
4374	69 
4375	65 
4376	103 
4377	6 
4378	76 
4379	14 
4380	83 
4381	34 
4382	71 
4383	34 
4384	78 
4385	72 
4386	19 
4387	19 
4388	32 
4389	35 
4390	11 
4391	33 
4392	99 
4393	16 
4394	62 
4395	80 
4396	98 
4397	30 
4398	100 
4399	57 
4400	17 
4401	90 
4402	53 
4403	2 
4404	64 
4405	5 
4406	32 
4407	16 
4408	71 
4409	58 
4410	17 
4411	50 
4412	33 
4413	82 
4414	61 
4415	41 
4416	85 
4417	15 
4418	56 
4419	80 
4420	88 
4421	13 
4422	45 
4423	4 
4424	71 
4425	6 
4426	45 
4427	28 
4428	67 
4429	30 
4430	17 
4431	101 
4432	21 
4433	80 
4434	18 
4435	4 
4436	104 
4437	79 
4438	102 
4439	91 
4440	49 
4441	56 
4442	16 
4443	89 
4444	80 
4445	7 
4446	5 
4447	34 
4448	97 
4449	33 
4450	90 
4451	85 
4452	71 
4453	61 
4454	85 
4455	76 
4456	36 
4457	15 
4458	45 
4459	44 
4460	60 
4461	38 
4462	18 
4463	29 
4464	50 
4465	71 
4466	83 
4467	14 
4468	11 
4469	57 
4470	19 
4471	53 
4472	27 
4473	71 
4474	14 
4475	75 
4476	55 
4477	88 
4478	61 
4479	41 
4480	46 
4481	62 
4482	30 
4483	69 
4484	48 
4485	95 
4486	46 
4487	53 
4488	69 
4489	17 
4490	101 
4491	22 
4492	66 
4493	47 
4494	56 
4495	30 
4496	38 
4497	13 
4498	53 
4499	72 
4500	63 
4501	80 
4502	90 
4503	80 
4504	3 
4505	46 
4506	46 
4507	14 
4508	11 
4509	93 
4510	35 
4511	35 
4512	1 
4513	82 
4514	88 
4515	16 
4516	31 
4517	24 
4518	34 
4519	9 
4520	83 
4521	59 
4522	102 
4523	75 
4524	57 
4525	46 
4526	98 
4527	67 
4528	75 
4529	13 
4530	52 
4531	34 
4532	72 
4533	75 
4534	38 
4535	14 
4536	69 
4537	55 
4538	56 
4539	30 
4540	102 
4541	47 
4542	36 
4543	53 
4544	21 
4545	79 
4546	6 
4547	7 
4548	7 
4549	1 
4550	30 
4551	83 
4552	21 
4553	51 
4554	88 
4555	31 
4556	82 
4557	2 
4558	19 
4559	38 
4560	15 
4561	87 
4562	68 
4563	15 
4564	53 
4565	55 
4566	50 
4567	60 
4568	51 
4569	45 
4570	56 
4571	59 
4572	93 
4573	103 
4574	59 
4575	82 
4576	16 
4577	76 
4578	69 
4579	43 
4580	34 
4581	66 
4582	43 
4583	59 
4584	50 
4585	55 
4586	5 
4587	41 
4588	91 
4589	8 
4590	31 
4591	3 
4592	38 
4593	49 
4594	83 
4595	15 
4596	4 
4597	78 
4598	79 
4599	44 
4600	76 
4601	87 
4602	93 
4603	1 
4604	41 
4605	46 
4606	41 
4607	31 
4608	45 
4609	55 
4610	73 
4611	98 
4612	88 
4613	98 
4614	52 
4615	45 
4616	19 
4617	104 
4618	80 
4619	98 
4620	98 
4621	34 
4622	41 
4623	12 
4624	19 
4625	103 
4626	21 
4627	15 
4628	60 
4629	21 
4630	11 
4631	82 
4632	16 
4633	37 
4634	83 
4635	84 
4636	46 
4637	89 
4638	9 
4639	44 
4640	63 
4641	31 
4642	85 
4643	16 
4644	75 
4645	67 
4646	63 
4647	61 
4648	64 
4649	31 
4650	39 
4651	84 
4652	46 
4653	84 
4654	71 
4655	2 
4656	18 
4657	64 
4658	17 
4659	37 
4660	80 
4661	83 
4662	68 
4663	7 
4664	13 
4665	83 
4666	84 
4667	13 
4668	88 
4669	37 
4670	3 
4671	38 
4672	71 
4673	74 
4674	46 
4675	35 
4676	38 
4677	82 
4678	62 
4679	69 
4680	89 
4681	43 
4682	61 
4683	84 
4684	98 
4685	53 
4686	76 
4687	91 
4688	89 
4689	62 
4690	66 
4691	23 
4692	31 
4693	34 
4694	68 
4695	7 
4696	72 
4697	47 
4698	59 
4699	7 
4700	41 
4701	30 
4702	15 
4703	80 
4704	50 
4705	84 
4706	58 
4707	30 
4708	88 
4709	64 
4710	21 
4711	46 
4712	52 
4713	88 
4714	15 
4715	63 
4716	102 
4717	92 
4718	38 
4719	61 
4720	49 
4721	50 
4722	43 
4723	55 
4724	60 
4725	43 
4726	37 
4727	15 
4728	35 
4729	51 
4730	71 
4731	56 
4732	13 
4733	18 
4734	59 
4735	34 
4736	55 
4737	43 
4738	57 
4739	56 
4740	34 
4741	15 
4742	84 
4743	46 
4744	85 
4745	11 
4746	66 
4747	30 
4748	64 
4749	55 
4750	17 
4751	13 
4752	103 
4753	3 
4754	21 
4755	28 
4756	52 
4757	80 
4758	103 
4759	64 
4760	64 
4761	35 
4762	82 
4763	31 
4764	46 
4765	71 
4766	38 
4767	97 
4768	85 
4769	74 
4770	21 
4771	75 
4772	84 
4773	83 
4774	28 
4775	17 
4776	85 
4777	38 
4778	102 
4779	104 
4780	14 
4781	85 
4782	67 
4783	69 
4784	80 
4785	14 
4786	45 
4787	82 
4788	90 
4789	97 
4790	80 
4791	41 
4792	3 
4793	50 
4794	66 
4795	80 
4796	85 
4797	33 
4798	66 
4799	69 
4800	13 
4801	102 
4802	8 
4803	21 
4804	21 
4805	21 
4806	3 
4807	45 
4808	55 
4809	51 
4810	57 
4811	83 
4812	50 
4813	59 
4814	43 
4815	57 
4816	49 
4817	82 
4818	53 
4819	45 
4820	46 
4821	38 
4822	64 
4823	33 
4824	81 
4825	76 
4826	66 
4827	71 
4828	6 
4829	85 
4830	45 
4831	84 
4832	53 
4833	6 
4834	13 
4835	15 
4836	14 
4837	11 
4838	102 
4839	38 
4840	33 
4841	64 
4842	88 
4843	46 
4844	34 
4845	21 
4846	2 
4847	75 
4848	6 
4849	19 
4850	11 
4851	85 
4852	18 
4853	15 
4854	49 
4855	28 
4856	21 
4857	83 
4858	85 
4859	35 
4860	30 
4861	74 
4862	14 
4863	51 
4864	2 
4865	21 
4866	61 
4867	28 
4868	11 
4869	15 
4870	71 
4871	57 
4872	61 
4873	80 
4874	89 
4875	5 
4876	64 
4877	14 
4878	92 
4879	43 
4880	45 
4881	21 
4882	15 
4883	55 
4884	61 
4885	64 
4886	102 
4887	46 
4888	58 
4889	57 
4890	49 
4891	89 
4892	21 
4893	33 
4894	53 
4895	14 
4896	38 
4897	34 
4898	55 
4899	46 
4900	19 
4901	53 
4902	71 
4903	17 
4904	83 
4905	69 
4906	17 
4907	58 
4908	89 
4909	84 
4910	44 
4911	38 
4912	69 
4913	11 
4914	55 
4915	46 
4916	30 
4917	17 
4918	84 
4919	46 
4920	21 
4921	71 
4922	38 
4923	50 
4924	31 
4925	45 
4926	13 
4927	31 
4928	46 
4929	58 
4930	34 
4931	16 
4932	50 
4933	15 
4934	89 
4935	85 
4936	63 
4937	72 
4938	38 
4939	85 
4940	11 
4941	44 
4942	31 
4943	90 
4944	46 
4945	61 
4946	30 
4947	15 
4948	90 
4949	63 
4950	88 
4951	38 
4952	72 
4953	53 
4954	72 
4955	21 
4956	88 
4957	103 
4958	15 
4959	21 
4960	64 
4961	103 
4962	15 
4963	80 
4964	66 
4965	50 
4966	66 
4967	71 
4968	71 
4969	60 
4970	82 
4971	64 
4972	31 
4973	19 
4974	61 
4975	61 
4976	45 
4977	21 
4978	13 
4979	34 
4980	50 
4981	21 
4982	50 
4983	17 
4984	66 
4985	85 
4986	71 
4987	16 
4988	103 
4989	85 
4990	71 
4991	55 
4992	14 
4993	56 
4994	55 
4995	34 
4996	38 
4997	85 
4998	58 
4999	50 
5000	69 
