1	11 
2	5 
3	3 
4	15 
5	44 
6	42 
7	11 
8	42 
9	36 
10	46 
11	11 
12	3 
13	42 
14	7 
15	44 
16	44 
17	30 
18	8 
19	11 
20	12 
21	36 
22	44 
23	1 
24	17 
25	14 
26	44 
27	22 
28	32 
29	44 
30	23 
31	8 
32	36 
33	23 
34	42 
35	11 
36	36 
37	22 
38	21 
39	1 
40	8 
41	36 
42	40 
43	21 
44	40 
45	8 
46	11 
47	22 
48	36 
49	42 
50	42 
51	1 
52	11 
53	35 
54	3 
55	11 
56	30 
57	45 
58	30 
59	30 
60	44 
61	16 
62	44 
63	30 
64	2 
65	22 
66	13 
67	44 
68	8 
69	8 
70	2 
71	1 
72	11 
73	11 
74	6 
75	44 
76	44 
77	23 
78	11 
79	46 
80	30 
81	36 
82	1 
83	1 
84	1 
85	3 
86	8 
87	35 
88	36 
89	1 
90	3 
91	1 
92	4 
93	11 
94	42 
95	45 
96	40 
97	11 
98	11 
99	42 
100	42 
101	11 
102	34 
103	5 
104	22 
105	42 
106	30 
107	40 
108	35 
109	3 
110	8 
111	11 
112	30 
113	3 
114	44 
115	22 
116	45 
117	43 
118	42 
119	14 
120	6 
121	40 
122	8 
123	30 
124	14 
125	8 
126	40 
127	30 
128	15 
129	40 
130	1 
131	12 
132	22 
133	22 
134	30 
135	44 
136	8 
137	8 
138	3 
139	42 
140	12 
141	8 
142	8 
143	3 
144	14 
145	35 
146	36 
147	21 
148	30 
149	17 
150	21 
151	44 
152	36 
153	40 
154	5 
155	35 
156	40 
157	44 
158	23 
159	1 
160	8 
161	1 
162	3 
163	1 
164	42 
165	42 
166	19 
167	21 
168	35 
169	35 
170	44 
171	18 
172	40 
173	22 
174	36 
175	1 
176	23 
177	35 
178	11 
179	30 
180	1 
181	44 
182	23 
183	40 
184	40 
185	42 
186	22 
187	36 
188	3 
189	44 
190	5 
191	45 
192	8 
193	3 
194	13 
195	45 
196	11 
197	44 
198	11 
199	42 
200	35 
201	5 
202	12 
203	8 
204	44 
205	22 
206	42 
207	11 
208	12 
209	44 
210	44 
211	5 
212	11 
213	8 
214	11 
215	44 
216	3 
217	40 
218	44 
219	12 
220	22 
221	23 
222	40 
223	1 
224	8 
225	3 
226	40 
227	42 
228	3 
229	43 
230	8 
231	30 
232	8 
233	35 
234	38 
235	35 
236	7 
237	21 
238	35 
239	44 
240	3 
241	40 
242	8 
243	3 
244	30 
245	23 
246	23 
247	8 
248	22 
249	23 
250	12 
251	8 
252	42 
253	11 
254	44 
255	44 
256	31 
257	44 
258	8 
259	3 
260	42 
261	3 
262	44 
263	13 
264	46 
265	44 
266	1 
267	30 
268	11 
269	1 
270	42 
271	22 
272	17 
273	44 
274	12 
275	23 
276	5 
277	44 
278	40 
279	16 
280	30 
281	8 
282	44 
283	44 
284	22 
285	15 
286	30 
287	11 
288	42 
289	5 
290	36 
291	8 
292	44 
293	8 
294	16 
295	42 
296	37 
297	40 
298	36 
299	12 
300	36 
301	22 
302	44 
303	35 
304	36 
305	44 
306	44 
307	29 
308	45 
309	8 
310	36 
311	11 
312	22 
313	14 
314	11 
315	11 
316	40 
317	30 
318	40 
319	11 
320	44 
321	1 
322	36 
323	3 
324	11 
325	30 
326	3 
327	38 
328	44 
329	44 
330	30 
331	1 
332	23 
333	35 
334	8 
335	11 
336	8 
337	22 
338	11 
339	30 
340	42 
341	3 
342	30 
343	1 
344	39 
345	40 
346	30 
347	11 
348	8 
349	40 
350	22 
351	31 
352	38 
353	8 
354	44 
355	36 
356	36 
357	23 
358	3 
359	42 
360	44 
361	35 
362	30 
363	5 
364	23 
365	8 
366	40 
367	44 
368	21 
369	12 
370	17 
371	23 
372	1 
373	43 
374	3 
375	8 
376	42 
377	21 
378	12 
379	36 
380	40 
381	11 
382	12 
383	46 
384	45 
385	46 
386	35 
387	12 
388	8 
389	11 
390	3 
391	8 
392	30 
393	12 
394	36 
395	5 
396	3 
397	35 
398	7 
399	44 
400	11 
401	11 
402	11 
403	3 
404	44 
405	44 
406	45 
407	6 
408	9 
409	44 
410	1 
411	30 
412	11 
413	8 
414	11 
415	3 
416	30 
417	44 
418	23 
419	11 
420	3 
421	35 
422	22 
423	42 
424	46 
425	38 
426	2 
427	12 
428	13 
429	45 
430	30 
431	44 
432	1 
433	25 
434	8 
435	30 
436	3 
437	40 
438	23 
439	40 
440	44 
441	8 
442	7 
443	17 
444	14 
445	40 
446	40 
447	42 
448	17 
449	44 
450	5 
451	12 
452	43 
453	40 
454	12 
455	16 
456	12 
457	22 
458	3 
459	3 
460	36 
461	10 
462	42 
463	44 
464	30 
465	11 
466	11 
467	43 
468	43 
469	16 
470	3 
471	32 
472	2 
473	30 
474	7 
475	30 
476	42 
477	36 
478	3 
479	40 
480	3 
481	21 
482	40 
483	42 
484	12 
485	6 
486	10 
487	11 
488	42 
489	44 
490	11 
491	3 
492	3 
493	40 
494	11 
495	30 
496	36 
497	1 
498	11 
499	1 
500	44 
501	7 
502	42 
503	30 
504	1 
505	3 
506	30 
507	1 
508	44 
509	36 
510	7 
511	35 
512	11 
513	22 
514	40 
515	28 
516	7 
517	43 
518	22 
519	3 
520	8 
521	44 
522	14 
523	1 
524	45 
525	35 
526	42 
527	35 
528	6 
529	21 
530	1 
531	8 
532	35 
533	42 
534	17 
535	11 
536	3 
537	8 
538	15 
539	44 
540	11 
541	19 
542	45 
543	17 
544	46 
545	7 
546	10 
547	30 
548	17 
549	17 
550	40 
551	8 
552	45 
553	1 
554	14 
555	1 
556	21 
557	40 
558	22 
559	11 
560	44 
561	8 
562	42 
563	8 
564	3 
565	36 
566	2 
567	12 
568	44 
569	5 
570	8 
571	11 
572	23 
573	22 
574	42 
575	39 
576	16 
577	1 
578	12 
579	5 
580	17 
581	30 
582	8 
583	44 
584	12 
585	12 
586	43 
587	3 
588	36 
589	42 
590	22 
591	40 
592	40 
593	8 
594	8 
595	40 
596	36 
597	42 
598	5 
599	3 
600	30 
601	44 
602	36 
603	23 
604	42 
605	38 
606	3 
607	7 
608	44 
609	8 
610	42 
611	13 
612	21 
613	42 
614	11 
615	42 
616	33 
617	8 
618	8 
619	22 
620	3 
621	30 
622	44 
623	44 
624	14 
625	23 
626	12 
627	6 
628	36 
629	44 
630	8 
631	22 
632	8 
633	45 
634	36 
635	35 
636	30 
637	44 
638	44 
639	45 
640	11 
641	30 
642	44 
643	45 
644	42 
645	36 
646	8 
647	15 
648	22 
649	44 
650	22 
651	11 
652	45 
653	1 
654	1 
655	19 
656	8 
657	11 
658	22 
659	44 
660	7 
661	40 
662	6 
663	11 
664	8 
665	8 
666	23 
667	23 
668	36 
669	40 
670	7 
671	36 
672	35 
673	11 
674	5 
675	36 
676	8 
677	23 
678	12 
679	14 
680	42 
681	42 
682	42 
683	8 
684	40 
685	5 
686	11 
687	30 
688	20 
689	21 
690	44 
691	44 
692	22 
693	11 
694	23 
695	44 
696	36 
697	44 
698	11 
699	35 
700	28 
701	1 
702	44 
703	1 
704	1 
705	8 
706	44 
707	40 
708	8 
709	43 
710	8 
711	44 
712	44 
713	35 
714	35 
715	22 
716	11 
717	44 
718	13 
719	8 
720	12 
721	8 
722	14 
723	23 
724	23 
725	19 
726	16 
727	42 
728	45 
729	11 
730	22 
731	4 
732	14 
733	44 
734	11 
735	11 
736	8 
737	45 
738	36 
739	3 
740	42 
741	23 
742	42 
743	36 
744	30 
745	38 
746	45 
747	43 
748	1 
749	44 
750	11 
751	11 
752	5 
753	40 
754	44 
755	40 
756	12 
757	22 
758	7 
759	8 
760	44 
761	12 
762	35 
763	8 
764	40 
765	44 
766	35 
767	7 
768	45 
769	40 
770	11 
771	8 
772	5 
773	8 
774	11 
775	32 
776	3 
777	11 
778	46 
779	42 
780	22 
781	11 
782	11 
783	35 
784	1 
785	40 
786	14 
787	46 
788	44 
789	35 
790	22 
791	8 
792	18 
793	11 
794	5 
795	8 
796	11 
797	36 
798	23 
799	44 
800	3 
801	19 
802	1 
803	30 
804	36 
805	30 
806	45 
807	3 
808	7 
809	7 
810	40 
811	11 
812	44 
813	21 
814	44 
815	38 
816	1 
817	11 
818	36 
819	13 
820	11 
821	3 
822	23 
823	8 
824	11 
825	44 
826	21 
827	12 
828	11 
829	6 
830	36 
831	15 
832	22 
833	16 
834	36 
835	7 
836	21 
837	38 
838	23 
839	35 
840	44 
841	14 
842	36 
843	30 
844	42 
845	8 
846	44 
847	8 
848	21 
849	30 
850	11 
851	3 
852	42 
853	32 
854	26 
855	3 
856	15 
857	44 
858	45 
859	44 
860	44 
861	36 
862	3 
863	44 
864	11 
865	36 
866	8 
867	33 
868	1 
869	15 
870	42 
871	29 
872	30 
873	44 
874	42 
875	11 
876	42 
877	8 
878	7 
879	12 
880	16 
881	8 
882	22 
883	23 
884	22 
885	22 
886	17 
887	8 
888	40 
889	22 
890	3 
891	22 
892	44 
893	23 
894	40 
895	42 
896	40 
897	1 
898	11 
899	3 
900	44 
901	35 
902	44 
903	22 
904	26 
905	12 
906	22 
907	7 
908	44 
909	23 
910	23 
911	8 
912	38 
913	11 
914	44 
915	44 
916	5 
917	36 
918	42 
919	6 
920	42 
921	22 
922	26 
923	27 
924	22 
925	13 
926	8 
927	22 
928	11 
929	7 
930	23 
931	36 
932	22 
933	8 
934	3 
935	32 
936	44 
937	36 
938	5 
939	42 
940	42 
941	40 
942	35 
943	40 
944	3 
945	7 
946	45 
947	3 
948	3 
949	8 
950	4 
951	45 
952	30 
953	22 
954	10 
955	1 
956	44 
957	41 
958	42 
959	1 
960	6 
961	44 
962	44 
963	40 
964	35 
965	42 
966	8 
967	22 
968	23 
969	8 
970	11 
971	35 
972	42 
973	3 
974	40 
975	42 
976	42 
977	30 
978	12 
979	35 
980	23 
981	30 
982	16 
983	36 
984	3 
985	23 
986	1 
987	4 
988	23 
989	6 
990	42 
991	7 
992	17 
993	44 
994	44 
995	1 
996	30 
997	1 
998	42 
999	45 
1000	42 
1001	42 
1002	17 
1003	42 
1004	4 
1005	11 
1006	40 
1007	11 
1008	44 
1009	40 
1010	44 
1011	23 
1012	11 
1013	5 
1014	1 
1015	23 
1016	44 
1017	35 
1018	44 
1019	36 
1020	36 
1021	44 
1022	36 
1023	8 
1024	36 
1025	11 
1026	42 
1027	11 
1028	42 
1029	5 
1030	44 
1031	12 
1032	1 
1033	30 
1034	40 
1035	34 
1036	5 
1037	44 
1038	12 
1039	44 
1040	14 
1041	3 
1042	8 
1043	40 
1044	40 
1045	11 
1046	42 
1047	44 
1048	46 
1049	1 
1050	20 
1051	22 
1052	22 
1053	1 
1054	35 
1055	44 
1056	44 
1057	35 
1058	25 
1059	44 
1060	30 
1061	42 
1062	17 
1063	8 
1064	44 
1065	11 
1066	7 
1067	13 
1068	8 
1069	11 
1070	3 
1071	30 
1072	40 
1073	25 
1074	45 
1075	42 
1076	8 
1077	19 
1078	22 
1079	42 
1080	6 
1081	42 
1082	18 
1083	11 
1084	8 
1085	23 
1086	11 
1087	42 
1088	12 
1089	42 
1090	8 
1091	8 
1092	42 
1093	17 
1094	11 
1095	45 
1096	39 
1097	10 
1098	40 
1099	2 
1100	5 
1101	30 
1102	30 
1103	36 
1104	42 
1105	40 
1106	23 
1107	11 
1108	9 
1109	37 
1110	42 
1111	3 
1112	42 
1113	17 
1114	40 
1115	11 
1116	8 
1117	3 
1118	35 
1119	35 
1120	3 
1121	8 
1122	42 
1123	7 
1124	40 
1125	8 
1126	3 
1127	11 
1128	44 
1129	35 
1130	3 
1131	10 
1132	34 
1133	1 
1134	22 
1135	30 
1136	35 
1137	11 
1138	11 
1139	36 
1140	1 
1141	11 
1142	1 
1143	10 
1144	7 
1145	40 
1146	11 
1147	17 
1148	44 
1149	45 
1150	8 
1151	44 
1152	17 
1153	42 
1154	44 
1155	3 
1156	44 
1157	42 
1158	44 
1159	36 
1160	1 
1161	1 
1162	22 
1163	8 
1164	44 
1165	8 
1166	8 
1167	11 
1168	12 
1169	8 
1170	30 
1171	12 
1172	8 
1173	45 
1174	42 
1175	4 
1176	40 
1177	45 
1178	11 
1179	30 
1180	17 
1181	14 
1182	5 
1183	19 
1184	42 
1185	22 
1186	28 
1187	42 
1188	34 
1189	45 
1190	11 
1191	22 
1192	36 
1193	11 
1194	42 
1195	36 
1196	8 
1197	10 
1198	24 
1199	36 
1200	35 
1201	44 
1202	11 
1203	17 
1204	22 
1205	11 
1206	42 
1207	8 
1208	30 
1209	23 
1210	1 
1211	1 
1212	27 
1213	3 
1214	40 
1215	3 
1216	30 
1217	8 
1218	30 
1219	3 
1220	22 
1221	42 
1222	1 
1223	7 
1224	23 
1225	26 
1226	17 
1227	30 
1228	36 
1229	44 
1230	23 
1231	11 
1232	21 
1233	30 
1234	8 
1235	40 
1236	18 
1237	35 
1238	8 
1239	8 
1240	8 
1241	46 
1242	17 
1243	12 
1244	11 
1245	6 
1246	42 
1247	44 
1248	44 
1249	11 
1250	23 
1251	44 
1252	36 
1253	12 
1254	8 
1255	42 
1256	36 
1257	17 
1258	30 
1259	3 
1260	23 
1261	10 
1262	16 
1263	1 
1264	44 
1265	7 
1266	1 
1267	30 
1268	44 
1269	44 
1270	11 
1271	1 
1272	30 
1273	35 
1274	22 
1275	36 
1276	42 
1277	8 
1278	19 
1279	35 
1280	34 
1281	23 
1282	1 
1283	23 
1284	1 
1285	11 
1286	3 
1287	44 
1288	1 
1289	40 
1290	2 
1291	17 
1292	1 
1293	12 
1294	40 
1295	42 
1296	16 
1297	30 
1298	23 
1299	17 
1300	16 
1301	1 
1302	26 
1303	12 
1304	3 
1305	36 
1306	40 
1307	23 
1308	8 
1309	12 
1310	23 
1311	5 
1312	43 
1313	11 
1314	6 
1315	40 
1316	44 
1317	8 
1318	3 
1319	22 
1320	36 
1321	31 
1322	46 
1323	6 
1324	40 
1325	12 
1326	11 
1327	44 
1328	44 
1329	23 
1330	8 
1331	30 
1332	46 
1333	42 
1334	1 
1335	11 
1336	19 
1337	7 
1338	44 
1339	30 
1340	11 
1341	34 
1342	2 
1343	19 
1344	13 
1345	1 
1346	35 
1347	35 
1348	45 
1349	11 
1350	23 
1351	8 
1352	46 
1353	44 
1354	34 
1355	23 
1356	44 
1357	23 
1358	44 
1359	44 
1360	38 
1361	11 
1362	1 
1363	30 
1364	44 
1365	11 
1366	44 
1367	42 
1368	3 
1369	42 
1370	36 
1371	42 
1372	30 
1373	11 
1374	21 
1375	17 
1376	23 
1377	44 
1378	12 
1379	40 
1380	23 
1381	3 
1382	30 
1383	36 
1384	35 
1385	7 
1386	7 
1387	30 
1388	40 
1389	22 
1390	11 
1391	36 
1392	3 
1393	11 
1394	3 
1395	5 
1396	8 
1397	44 
1398	40 
1399	23 
1400	1 
1401	7 
1402	44 
1403	36 
1404	10 
1405	3 
1406	3 
1407	1 
1408	11 
1409	3 
1410	3 
1411	5 
1412	1 
1413	3 
1414	45 
1415	23 
1416	35 
1417	42 
1418	13 
1419	17 
1420	3 
1421	3 
1422	35 
1423	46 
1424	36 
1425	22 
1426	42 
1427	5 
1428	36 
1429	45 
1430	8 
1431	30 
1432	21 
1433	5 
1434	13 
1435	44 
1436	17 
1437	3 
1438	35 
1439	23 
1440	3 
1441	12 
1442	22 
1443	13 
1444	42 
1445	27 
1446	21 
1447	45 
1448	44 
1449	11 
1450	8 
1451	3 
1452	13 
1453	8 
1454	1 
1455	23 
1456	33 
1457	11 
1458	42 
1459	13 
1460	42 
1461	42 
1462	36 
1463	44 
1464	45 
1465	3 
1466	1 
1467	44 
1468	36 
1469	17 
1470	44 
1471	44 
1472	8 
1473	8 
1474	19 
1475	8 
1476	11 
1477	38 
1478	36 
1479	13 
1480	22 
1481	42 
1482	3 
1483	34 
1484	12 
1485	41 
1486	30 
1487	11 
1488	45 
1489	40 
1490	22 
1491	44 
1492	11 
1493	8 
1494	44 
1495	3 
1496	36 
1497	42 
1498	44 
1499	7 
1500	35 
1501	11 
1502	12 
1503	8 
1504	11 
1505	11 
1506	40 
1507	40 
1508	22 
1509	3 
1510	11 
1511	3 
1512	40 
1513	21 
1514	36 
1515	11 
1516	42 
1517	36 
1518	1 
1519	40 
1520	21 
1521	13 
1522	6 
1523	8 
1524	46 
1525	30 
1526	3 
1527	42 
1528	34 
1529	7 
1530	1 
1531	23 
1532	8 
1533	38 
1534	1 
1535	44 
1536	3 
1537	12 
1538	44 
1539	30 
1540	1 
1541	23 
1542	23 
1543	36 
1544	22 
1545	8 
1546	44 
1547	38 
1548	1 
1549	42 
1550	3 
1551	42 
1552	1 
1553	42 
1554	10 
1555	11 
1556	11 
1557	22 
1558	8 
1559	44 
1560	43 
1561	11 
1562	17 
1563	3 
1564	22 
1565	11 
1566	38 
1567	38 
1568	1 
1569	40 
1570	44 
1571	34 
1572	36 
1573	23 
1574	44 
1575	8 
1576	44 
1577	28 
1578	3 
1579	1 
1580	16 
1581	3 
1582	1 
1583	22 
1584	23 
1585	42 
1586	44 
1587	1 
1588	36 
1589	36 
1590	42 
1591	36 
1592	30 
1593	10 
1594	44 
1595	11 
1596	8 
1597	3 
1598	30 
1599	42 
1600	42 
1601	42 
1602	8 
1603	42 
1604	44 
1605	42 
1606	44 
1607	2 
1608	15 
1609	44 
1610	46 
1611	42 
1612	36 
1613	11 
1614	11 
1615	19 
1616	3 
1617	40 
1618	1 
1619	1 
1620	30 
1621	8 
1622	44 
1623	11 
1624	44 
1625	36 
1626	40 
1627	34 
1628	37 
1629	1 
1630	8 
1631	1 
1632	39 
1633	3 
1634	39 
1635	36 
1636	35 
1637	12 
1638	4 
1639	3 
1640	9 
1641	5 
1642	8 
1643	36 
1644	42 
1645	11 
1646	42 
1647	36 
1648	3 
1649	36 
1650	30 
1651	11 
1652	44 
1653	40 
1654	36 
1655	11 
1656	44 
1657	3 
1658	10 
1659	3 
1660	36 
1661	40 
1662	3 
1663	3 
1664	44 
1665	36 
1666	40 
1667	14 
1668	1 
1669	7 
1670	11 
1671	3 
1672	1 
1673	13 
1674	30 
1675	45 
1676	42 
1677	22 
1678	6 
1679	40 
1680	11 
1681	42 
1682	35 
1683	23 
1684	3 
1685	12 
1686	35 
1687	40 
1688	44 
1689	40 
1690	32 
1691	11 
1692	44 
1693	22 
1694	8 
1695	23 
1696	3 
1697	36 
1698	36 
1699	45 
1700	36 
1701	1 
1702	1 
1703	44 
1704	22 
1705	11 
1706	40 
1707	11 
1708	40 
1709	3 
1710	36 
1711	23 
1712	36 
1713	6 
1714	11 
1715	6 
1716	6 
1717	11 
1718	23 
1719	6 
1720	23 
1721	1 
1722	8 
1723	17 
1724	44 
1725	7 
1726	4 
1727	8 
1728	42 
1729	23 
1730	36 
1731	30 
1732	8 
1733	43 
1734	23 
1735	14 
1736	40 
1737	8 
1738	7 
1739	11 
1740	36 
1741	15 
1742	20 
1743	5 
1744	41 
1745	22 
1746	23 
1747	42 
1748	11 
1749	42 
1750	34 
1751	44 
1752	44 
1753	11 
1754	42 
1755	44 
1756	3 
1757	11 
1758	36 
1759	22 
1760	1 
1761	44 
1762	22 
1763	30 
1764	11 
1765	19 
1766	12 
1767	1 
1768	23 
1769	22 
1770	2 
1771	11 
1772	8 
1773	41 
1774	21 
1775	3 
1776	44 
1777	44 
1778	44 
1779	11 
1780	20 
1781	24 
1782	30 
1783	1 
1784	1 
1785	22 
1786	40 
1787	15 
1788	13 
1789	44 
1790	1 
1791	45 
1792	18 
1793	46 
1794	34 
1795	42 
1796	40 
1797	1 
1798	3 
1799	4 
1800	7 
1801	5 
1802	42 
1803	42 
1804	5 
1805	17 
1806	7 
1807	21 
1808	8 
1809	8 
1810	8 
1811	14 
1812	32 
1813	12 
1814	8 
1815	30 
1816	1 
1817	40 
1818	20 
1819	44 
1820	45 
1821	21 
1822	35 
1823	1 
1824	23 
1825	7 
1826	1 
1827	42 
1828	3 
1829	36 
1830	20 
1831	13 
1832	5 
1833	11 
1834	12 
1835	8 
1836	40 
1837	7 
1838	22 
1839	11 
1840	35 
1841	22 
1842	36 
1843	3 
1844	39 
1845	11 
1846	5 
1847	12 
1848	40 
1849	3 
1850	13 
1851	3 
1852	42 
1853	46 
1854	30 
1855	3 
1856	39 
1857	5 
1858	6 
1859	44 
1860	14 
1861	42 
1862	9 
1863	8 
1864	45 
1865	12 
1866	11 
1867	13 
1868	44 
1869	8 
1870	36 
1871	18 
1872	42 
1873	10 
1874	7 
1875	12 
1876	42 
1877	8 
1878	30 
1879	7 
1880	30 
1881	8 
1882	40 
1883	8 
1884	23 
1885	11 
1886	23 
1887	46 
1888	22 
1889	46 
1890	44 
1891	35 
1892	1 
1893	12 
1894	8 
1895	30 
1896	22 
1897	23 
1898	36 
1899	40 
1900	8 
1901	17 
1902	13 
1903	8 
1904	1 
1905	3 
1906	42 
1907	40 
1908	8 
1909	3 
1910	8 
1911	3 
1912	6 
1913	40 
1914	7 
1915	22 
1916	42 
1917	1 
1918	8 
1919	30 
1920	4 
1921	35 
1922	44 
1923	8 
1924	3 
1925	36 
1926	22 
1927	44 
1928	44 
1929	45 
1930	23 
1931	8 
1932	42 
1933	11 
1934	3 
1935	23 
1936	42 
1937	8 
1938	30 
1939	42 
1940	10 
1941	12 
1942	30 
1943	12 
1944	6 
1945	22 
1946	7 
1947	1 
1948	17 
1949	30 
1950	43 
1951	35 
1952	10 
1953	3 
1954	19 
1955	46 
1956	13 
1957	15 
1958	8 
1959	42 
1960	23 
1961	35 
1962	11 
1963	22 
1964	11 
1965	22 
1966	5 
1967	42 
1968	5 
1969	23 
1970	23 
1971	22 
1972	36 
1973	30 
1974	23 
1975	8 
1976	11 
1977	15 
1978	8 
1979	42 
1980	21 
1981	36 
1982	44 
1983	17 
1984	22 
1985	11 
1986	46 
1987	40 
1988	11 
1989	12 
1990	11 
1991	36 
1992	23 
1993	11 
1994	42 
1995	1 
1996	42 
1997	23 
1998	3 
1999	3 
2000	45 
2001	42 
2002	2 
2003	3 
2004	11 
2005	36 
2006	8 
2007	25 
2008	36 
2009	7 
2010	1 
2011	44 
2012	44 
2013	11 
2014	10 
2015	11 
2016	11 
2017	13 
2018	30 
2019	8 
2020	8 
2021	40 
2022	13 
2023	8 
2024	45 
2025	42 
2026	14 
2027	36 
2028	35 
2029	45 
2030	5 
2031	44 
2032	44 
2033	45 
2034	36 
2035	8 
2036	2 
2037	3 
2038	44 
2039	44 
2040	40 
2041	40 
2042	4 
2043	36 
2044	1 
2045	14 
2046	35 
2047	1 
2048	42 
2049	36 
2050	8 
2051	30 
2052	1 
2053	3 
2054	40 
2055	7 
2056	7 
2057	13 
2058	42 
2059	1 
2060	40 
2061	3 
2062	40 
2063	10 
2064	11 
2065	17 
2066	11 
2067	23 
2068	14 
2069	11 
2070	21 
2071	42 
2072	35 
2073	30 
2074	11 
2075	8 
2076	7 
2077	30 
2078	35 
2079	45 
2080	11 
2081	36 
2082	6 
2083	11 
2084	1 
2085	7 
2086	30 
2087	8 
2088	25 
2089	1 
2090	12 
2091	3 
2092	1 
2093	44 
2094	8 
2095	23 
2096	7 
2097	36 
2098	36 
2099	40 
2100	8 
2101	23 
2102	42 
2103	42 
2104	5 
2105	3 
2106	11 
2107	42 
2108	7 
2109	40 
2110	11 
2111	1 
2112	5 
2113	36 
2114	46 
2115	40 
2116	14 
2117	42 
2118	44 
2119	11 
2120	44 
2121	44 
2122	40 
2123	44 
2124	1 
2125	6 
2126	46 
2127	7 
2128	3 
2129	11 
2130	19 
2131	30 
2132	35 
2133	30 
2134	40 
2135	5 
2136	11 
2137	3 
2138	7 
2139	36 
2140	40 
2141	1 
2142	8 
2143	36 
2144	36 
2145	17 
2146	42 
2147	1 
2148	5 
2149	21 
2150	11 
2151	45 
2152	44 
2153	40 
2154	24 
2155	23 
2156	42 
2157	44 
2158	23 
2159	8 
2160	11 
2161	1 
2162	8 
2163	40 
2164	3 
2165	20 
2166	8 
2167	39 
2168	44 
2169	30 
2170	19 
2171	42 
2172	3 
2173	44 
2174	30 
2175	40 
2176	22 
2177	36 
2178	30 
2179	12 
2180	35 
2181	23 
2182	35 
2183	8 
2184	8 
2185	11 
2186	21 
2187	46 
2188	44 
2189	17 
2190	36 
2191	40 
2192	1 
2193	23 
2194	44 
2195	8 
2196	11 
2197	23 
2198	3 
2199	8 
2200	12 
2201	43 
2202	8 
2203	3 
2204	44 
2205	2 
2206	42 
2207	5 
2208	10 
2209	29 
2210	11 
2211	11 
2212	8 
2213	44 
2214	44 
2215	8 
2216	40 
2217	35 
2218	11 
2219	38 
2220	42 
2221	3 
2222	23 
2223	11 
2224	8 
2225	30 
2226	3 
2227	11 
2228	3 
2229	22 
2230	12 
2231	1 
2232	18 
2233	42 
2234	36 
2235	4 
2236	8 
2237	12 
2238	8 
2239	44 
2240	11 
2241	22 
2242	11 
2243	1 
2244	7 
2245	44 
2246	36 
2247	8 
2248	45 
2249	8 
2250	7 
2251	36 
2252	36 
2253	17 
2254	30 
2255	11 
2256	3 
2257	8 
2258	11 
2259	22 
2260	44 
2261	8 
2262	6 
2263	39 
2264	13 
2265	11 
2266	11 
2267	11 
2268	36 
2269	4 
2270	3 
2271	11 
2272	3 
2273	5 
2274	18 
2275	11 
2276	1 
2277	3 
2278	8 
2279	22 
2280	35 
2281	44 
2282	7 
2283	14 
2284	8 
2285	3 
2286	36 
2287	8 
2288	44 
2289	42 
2290	45 
2291	36 
2292	1 
2293	30 
2294	22 
2295	45 
2296	31 
2297	44 
2298	22 
2299	36 
2300	30 
2301	21 
2302	44 
2303	35 
2304	44 
2305	44 
2306	42 
2307	1 
2308	44 
2309	40 
2310	1 
2311	7 
2312	45 
2313	12 
2314	3 
2315	40 
2316	30 
2317	8 
2318	36 
2319	7 
2320	8 
2321	7 
2322	40 
2323	44 
2324	16 
2325	40 
2326	25 
2327	30 
2328	11 
2329	3 
2330	44 
2331	3 
2332	42 
2333	36 
2334	22 
2335	30 
2336	23 
2337	42 
2338	45 
2339	8 
2340	40 
2341	23 
2342	3 
2343	1 
2344	23 
2345	11 
2346	42 
2347	40 
2348	8 
2349	34 
2350	3 
2351	42 
2352	7 
2353	12 
2354	42 
2355	5 
2356	45 
2357	3 
2358	32 
2359	35 
2360	43 
2361	1 
2362	8 
2363	8 
2364	8 
2365	22 
2366	44 
2367	44 
2368	40 
2369	1 
2370	11 
2371	5 
2372	36 
2373	8 
2374	39 
2375	23 
2376	12 
2377	1 
2378	21 
2379	3 
2380	44 
2381	42 
2382	17 
2383	8 
2384	1 
2385	11 
2386	13 
2387	36 
2388	23 
2389	44 
2390	11 
2391	45 
2392	8 
2393	22 
2394	11 
2395	1 
2396	42 
2397	40 
2398	42 
2399	39 
2400	44 
2401	36 
2402	1 
2403	14 
2404	32 
2405	10 
2406	44 
2407	4 
2408	8 
2409	30 
2410	36 
2411	1 
2412	11 
2413	6 
2414	19 
2415	42 
2416	44 
2417	3 
2418	1 
2419	11 
2420	11 
2421	36 
2422	30 
2423	11 
2424	28 
2425	19 
2426	35 
2427	13 
2428	44 
2429	30 
2430	40 
2431	3 
2432	11 
2433	3 
2434	46 
2435	40 
2436	17 
2437	7 
2438	30 
2439	8 
2440	35 
2441	43 
2442	44 
2443	44 
2444	35 
2445	44 
2446	12 
2447	11 
2448	12 
2449	14 
2450	30 
2451	28 
2452	11 
2453	3 
2454	11 
2455	11 
2456	36 
2457	8 
2458	11 
2459	11 
2460	8 
2461	44 
2462	36 
2463	12 
2464	11 
2465	8 
2466	44 
2467	6 
2468	11 
2469	36 
2470	3 
2471	40 
2472	8 
2473	38 
2474	40 
2475	11 
2476	36 
2477	23 
2478	1 
2479	22 
2480	44 
2481	8 
2482	28 
2483	8 
2484	40 
2485	11 
2486	13 
2487	29 
2488	44 
2489	3 
2490	11 
2491	7 
2492	30 
2493	44 
2494	36 
2495	30 
2496	42 
2497	44 
2498	8 
2499	11 
2500	1 
2501	23 
2502	8 
2503	42 
2504	15 
2505	8 
2506	44 
2507	3 
2508	12 
2509	11 
2510	36 
2511	12 
2512	42 
2513	44 
2514	20 
2515	22 
2516	42 
2517	22 
2518	42 
2519	11 
2520	40 
2521	3 
2522	44 
2523	40 
2524	36 
2525	30 
2526	22 
2527	8 
2528	3 
2529	45 
2530	10 
2531	30 
2532	3 
2533	3 
2534	8 
2535	11 
2536	3 
2537	23 
2538	30 
2539	3 
2540	40 
2541	3 
2542	34 
2543	18 
2544	42 
2545	35 
2546	44 
2547	42 
2548	22 
2549	2 
2550	30 
2551	42 
2552	42 
2553	34 
2554	23 
2555	11 
2556	42 
2557	8 
2558	42 
2559	23 
2560	23 
2561	23 
2562	44 
2563	17 
2564	42 
2565	23 
2566	42 
2567	44 
2568	8 
2569	42 
2570	7 
2571	45 
2572	21 
2573	35 
2574	13 
2575	36 
2576	3 
2577	42 
2578	3 
2579	11 
2580	42 
2581	11 
2582	42 
2583	42 
2584	8 
2585	44 
2586	36 
2587	35 
2588	1 
2589	6 
2590	36 
2591	3 
2592	16 
2593	42 
2594	44 
2595	35 
2596	44 
2597	5 
2598	36 
2599	42 
2600	36 
2601	46 
2602	42 
2603	3 
2604	3 
2605	42 
2606	23 
2607	21 
2608	12 
2609	23 
2610	30 
2611	8 
2612	40 
2613	36 
2614	1 
2615	8 
2616	5 
2617	3 
2618	8 
2619	42 
2620	19 
2621	11 
2622	30 
2623	44 
2624	11 
2625	8 
2626	3 
2627	46 
2628	40 
2629	44 
2630	30 
2631	40 
2632	36 
2633	15 
2634	23 
2635	2 
2636	42 
2637	46 
2638	5 
2639	30 
2640	7 
2641	16 
2642	11 
2643	11 
2644	36 
2645	42 
2646	43 
2647	44 
2648	42 
2649	11 
2650	7 
2651	44 
2652	22 
2653	44 
2654	10 
2655	1 
2656	8 
2657	1 
2658	1 
2659	30 
2660	8 
2661	8 
2662	44 
2663	36 
2664	5 
2665	13 
2666	8 
2667	30 
2668	11 
2669	22 
2670	14 
2671	11 
2672	22 
2673	44 
2674	35 
2675	30 
2676	11 
2677	1 
2678	21 
2679	42 
2680	22 
2681	40 
2682	11 
2683	5 
2684	42 
2685	12 
2686	42 
2687	30 
2688	23 
2689	44 
2690	8 
2691	44 
2692	44 
2693	12 
2694	3 
2695	1 
2696	1 
2697	16 
2698	5 
2699	14 
2700	1 
2701	29 
2702	40 
2703	8 
2704	11 
2705	42 
2706	11 
2707	44 
2708	3 
2709	3 
2710	1 
2711	8 
2712	36 
2713	14 
2714	22 
2715	17 
2716	11 
2717	42 
2718	30 
2719	4 
2720	44 
2721	8 
2722	3 
2723	40 
2724	1 
2725	3 
2726	23 
2727	42 
2728	22 
2729	11 
2730	35 
2731	42 
2732	3 
2733	3 
2734	10 
2735	30 
2736	42 
2737	46 
2738	42 
2739	30 
2740	15 
2741	3 
2742	35 
2743	3 
2744	11 
2745	40 
2746	36 
2747	36 
2748	11 
2749	8 
2750	3 
2751	42 
2752	42 
2753	3 
2754	7 
2755	22 
2756	35 
2757	8 
2758	42 
2759	17 
2760	40 
2761	1 
2762	44 
2763	8 
2764	3 
2765	40 
2766	30 
2767	3 
2768	42 
2769	7 
2770	30 
2771	42 
2772	36 
2773	3 
2774	45 
2775	42 
2776	12 
2777	39 
2778	44 
2779	22 
2780	43 
2781	7 
2782	22 
2783	23 
2784	8 
2785	42 
2786	36 
2787	8 
2788	36 
2789	44 
2790	11 
2791	40 
2792	40 
2793	39 
2794	30 
2795	40 
2796	16 
2797	42 
2798	7 
2799	20 
2800	3 
2801	1 
2802	3 
2803	36 
2804	11 
2805	7 
2806	8 
2807	1 
2808	43 
2809	3 
2810	42 
2811	30 
2812	1 
2813	11 
2814	8 
2815	6 
2816	7 
2817	46 
2818	44 
2819	23 
2820	8 
2821	22 
2822	1 
2823	5 
2824	30 
2825	30 
2826	19 
2827	13 
2828	1 
2829	3 
2830	6 
2831	1 
2832	31 
2833	8 
2834	19 
2835	46 
2836	22 
2837	44 
2838	36 
2839	1 
2840	30 
2841	6 
2842	8 
2843	8 
2844	20 
2845	14 
2846	5 
2847	42 
2848	9 
2849	17 
2850	22 
2851	2 
2852	42 
2853	23 
2854	1 
2855	14 
2856	7 
2857	35 
2858	3 
2859	44 
2860	23 
2861	8 
2862	35 
2863	40 
2864	44 
2865	3 
2866	23 
2867	5 
2868	8 
2869	6 
2870	22 
2871	6 
2872	43 
2873	11 
2874	44 
2875	1 
2876	1 
2877	3 
2878	8 
2879	44 
2880	8 
2881	36 
2882	8 
2883	40 
2884	36 
2885	11 
2886	36 
2887	40 
2888	30 
2889	36 
2890	11 
2891	35 
2892	8 
2893	22 
2894	30 
2895	8 
2896	22 
2897	11 
2898	8 
2899	1 
2900	1 
2901	30 
2902	12 
2903	23 
2904	5 
2905	14 
2906	44 
2907	35 
2908	22 
2909	6 
2910	12 
2911	7 
2912	35 
2913	8 
2914	11 
2915	1 
2916	23 
2917	30 
2918	15 
2919	7 
2920	44 
2921	7 
2922	1 
2923	8 
2924	44 
2925	3 
2926	36 
2927	43 
2928	42 
2929	17 
2930	1 
2931	8 
2932	1 
2933	8 
2934	14 
2935	1 
2936	36 
2937	44 
2938	2 
2939	40 
2940	35 
2941	32 
2942	42 
2943	44 
2944	30 
2945	11 
2946	36 
2947	2 
2948	40 
2949	8 
2950	42 
2951	11 
2952	35 
2953	36 
2954	11 
2955	11 
2956	6 
2957	30 
2958	40 
2959	1 
2960	30 
2961	1 
2962	30 
2963	10 
2964	44 
2965	44 
2966	30 
2967	11 
2968	44 
2969	44 
2970	44 
2971	22 
2972	40 
2973	44 
2974	7 
2975	3 
2976	34 
2977	23 
2978	34 
2979	22 
2980	42 
2981	40 
2982	23 
2983	44 
2984	46 
2985	34 
2986	44 
2987	11 
2988	11 
2989	42 
2990	44 
2991	23 
2992	44 
2993	42 
2994	7 
2995	8 
2996	1 
2997	36 
2998	12 
2999	23 
3000	36 
3001	35 
3002	36 
3003	22 
3004	44 
3005	39 
3006	17 
3007	44 
3008	35 
3009	40 
3010	35 
3011	3 
3012	1 
3013	11 
3014	42 
3015	11 
3016	38 
3017	11 
3018	45 
3019	46 
3020	3 
3021	3 
3022	8 
3023	8 
3024	44 
3025	30 
3026	32 
3027	11 
3028	12 
3029	42 
3030	3 
3031	38 
3032	30 
3033	1 
3034	17 
3035	42 
3036	36 
3037	8 
3038	43 
3039	3 
3040	11 
3041	3 
3042	11 
3043	15 
3044	1 
3045	30 
3046	3 
3047	42 
3048	45 
3049	16 
3050	12 
3051	23 
3052	1 
3053	22 
3054	17 
3055	12 
3056	11 
3057	42 
3058	35 
3059	22 
3060	36 
3061	1 
3062	23 
3063	30 
3064	3 
3065	23 
3066	7 
3067	1 
3068	44 
3069	36 
3070	35 
3071	35 
3072	32 
3073	42 
3074	1 
3075	8 
3076	30 
3077	45 
3078	44 
3079	38 
3080	44 
3081	8 
3082	44 
3083	11 
3084	23 
3085	44 
3086	8 
3087	23 
3088	8 
3089	30 
3090	35 
3091	17 
3092	44 
3093	11 
3094	34 
3095	30 
3096	11 
3097	30 
3098	1 
3099	12 
3100	8 
3101	30 
3102	23 
3103	44 
3104	23 
3105	23 
3106	40 
3107	44 
3108	12 
3109	30 
3110	3 
3111	35 
3112	8 
3113	42 
3114	1 
3115	40 
3116	8 
3117	11 
3118	17 
3119	36 
3120	11 
3121	13 
3122	11 
3123	8 
3124	42 
3125	1 
3126	32 
3127	5 
3128	44 
3129	3 
3130	3 
3131	15 
3132	11 
3133	1 
3134	3 
3135	30 
3136	30 
3137	1 
3138	30 
3139	23 
3140	11 
3141	44 
3142	8 
3143	38 
3144	35 
3145	34 
3146	3 
3147	40 
3148	17 
3149	30 
3150	22 
3151	40 
3152	6 
3153	42 
3154	36 
3155	8 
3156	36 
3157	21 
3158	12 
3159	8 
3160	3 
3161	8 
3162	11 
3163	3 
3164	35 
3165	11 
3166	30 
3167	36 
3168	35 
3169	40 
3170	8 
3171	11 
3172	42 
3173	36 
3174	45 
3175	11 
3176	1 
3177	44 
3178	3 
3179	5 
3180	8 
3181	11 
3182	21 
3183	6 
3184	42 
3185	35 
3186	10 
3187	3 
3188	30 
3189	35 
3190	42 
3191	14 
3192	42 
3193	3 
3194	11 
3195	8 
3196	44 
3197	43 
3198	1 
3199	6 
3200	17 
3201	35 
3202	44 
3203	10 
3204	44 
3205	8 
3206	8 
3207	8 
3208	11 
3209	12 
3210	8 
3211	8 
3212	19 
3213	44 
3214	42 
3215	5 
3216	8 
3217	46 
3218	8 
3219	8 
3220	36 
3221	36 
3222	19 
3223	1 
3224	30 
3225	11 
3226	22 
3227	3 
3228	3 
3229	7 
3230	30 
3231	8 
3232	36 
3233	8 
3234	8 
3235	1 
3236	16 
3237	44 
3238	11 
3239	3 
3240	30 
3241	8 
3242	23 
3243	1 
3244	12 
3245	11 
3246	45 
3247	42 
3248	36 
3249	16 
3250	35 
3251	39 
3252	3 
3253	4 
3254	8 
3255	26 
3256	1 
3257	8 
3258	40 
3259	3 
3260	40 
3261	44 
3262	30 
3263	45 
3264	11 
3265	8 
3266	44 
3267	1 
3268	8 
3269	17 
3270	22 
3271	43 
3272	42 
3273	30 
3274	22 
3275	42 
3276	36 
3277	8 
3278	11 
3279	40 
3280	11 
3281	5 
3282	42 
3283	11 
3284	8 
3285	3 
3286	42 
3287	11 
3288	11 
3289	3 
3290	7 
3291	1 
3292	1 
3293	23 
3294	1 
3295	40 
3296	42 
3297	42 
3298	36 
3299	3 
3300	42 
3301	40 
3302	1 
3303	44 
3304	22 
3305	40 
3306	23 
3307	35 
3308	15 
3309	23 
3310	42 
3311	8 
3312	5 
3313	12 
3314	35 
3315	15 
3316	44 
3317	30 
3318	3 
3319	11 
3320	22 
3321	8 
3322	22 
3323	12 
3324	42 
3325	42 
3326	23 
3327	46 
3328	40 
3329	46 
3330	41 
3331	11 
3332	11 
3333	40 
3334	11 
3335	36 
3336	17 
3337	19 
3338	44 
3339	40 
3340	1 
3341	22 
3342	22 
3343	23 
3344	42 
3345	35 
3346	42 
3347	11 
3348	3 
3349	10 
3350	36 
3351	35 
3352	44 
3353	39 
3354	8 
3355	3 
3356	3 
3357	8 
3358	1 
3359	13 
3360	40 
3361	17 
3362	11 
3363	8 
3364	23 
3365	36 
3366	36 
3367	40 
3368	8 
3369	11 
3370	22 
3371	5 
3372	40 
3373	12 
3374	21 
3375	10 
3376	42 
3377	40 
3378	29 
3379	44 
3380	1 
3381	1 
3382	3 
3383	36 
3384	30 
3385	44 
3386	30 
3387	11 
3388	22 
3389	8 
3390	36 
3391	23 
3392	36 
3393	15 
3394	44 
3395	8 
3396	3 
3397	3 
3398	3 
3399	45 
3400	30 
3401	1 
3402	40 
3403	8 
3404	42 
3405	15 
3406	22 
3407	21 
3408	30 
3409	11 
3410	17 
3411	1 
3412	11 
3413	8 
3414	23 
3415	22 
3416	42 
3417	21 
3418	45 
3419	35 
3420	3 
3421	36 
3422	28 
3423	30 
3424	3 
3425	1 
3426	35 
3427	23 
3428	42 
3429	22 
3430	11 
3431	12 
3432	36 
3433	19 
3434	1 
3435	29 
3436	17 
3437	11 
3438	42 
3439	44 
3440	11 
3441	40 
3442	40 
3443	1 
3444	36 
3445	40 
3446	45 
3447	8 
3448	42 
3449	1 
3450	44 
3451	30 
3452	35 
3453	12 
3454	44 
3455	3 
3456	44 
3457	5 
3458	3 
3459	30 
3460	44 
3461	42 
3462	23 
3463	11 
3464	40 
3465	11 
3466	42 
3467	22 
3468	40 
3469	11 
3470	30 
3471	14 
3472	11 
3473	42 
3474	42 
3475	30 
3476	42 
3477	23 
3478	44 
3479	42 
3480	36 
3481	32 
3482	44 
3483	23 
3484	11 
3485	45 
3486	42 
3487	36 
3488	42 
3489	36 
3490	43 
3491	30 
3492	11 
3493	23 
3494	11 
3495	1 
3496	40 
3497	1 
3498	1 
3499	7 
3500	35 
3501	11 
3502	35 
3503	6 
3504	3 
3505	3 
3506	35 
3507	11 
3508	44 
3509	42 
3510	44 
3511	42 
3512	42 
3513	36 
3514	30 
3515	7 
3516	3 
3517	11 
3518	1 
3519	36 
3520	29 
3521	3 
3522	23 
3523	36 
3524	44 
3525	11 
3526	44 
3527	23 
3528	40 
3529	7 
3530	3 
3531	8 
3532	42 
3533	44 
3534	8 
3535	44 
3536	8 
3537	42 
3538	11 
3539	7 
3540	23 
3541	22 
3542	11 
3543	11 
3544	30 
3545	7 
3546	8 
3547	44 
3548	8 
3549	3 
3550	8 
3551	8 
3552	36 
3553	11 
3554	6 
3555	8 
3556	40 
3557	44 
3558	1 
3559	36 
3560	40 
3561	8 
3562	44 
3563	10 
3564	11 
3565	35 
3566	3 
3567	11 
3568	22 
3569	23 
3570	3 
3571	42 
3572	42 
3573	22 
3574	42 
3575	12 
3576	44 
3577	8 
3578	30 
3579	11 
3580	40 
3581	3 
3582	16 
3583	22 
3584	8 
3585	11 
3586	36 
3587	22 
3588	8 
3589	30 
3590	30 
3591	36 
3592	11 
3593	40 
3594	21 
3595	1 
3596	42 
3597	8 
3598	11 
3599	3 
3600	3 
3601	44 
3602	34 
3603	30 
3604	22 
3605	44 
3606	8 
3607	23 
3608	45 
3609	45 
3610	8 
3611	17 
3612	36 
3613	1 
3614	30 
3615	17 
3616	35 
3617	11 
3618	40 
3619	6 
3620	6 
3621	10 
3622	10 
3623	8 
3624	46 
3625	42 
3626	44 
3627	36 
3628	15 
3629	30 
3630	44 
3631	5 
3632	11 
3633	2 
3634	21 
3635	40 
3636	7 
3637	3 
3638	8 
3639	3 
3640	12 
3641	45 
3642	4 
3643	8 
3644	1 
3645	8 
3646	3 
3647	8 
3648	11 
3649	36 
3650	1 
3651	36 
3652	20 
3653	8 
3654	5 
3655	44 
3656	12 
3657	44 
3658	44 
3659	40 
3660	22 
3661	42 
3662	42 
3663	8 
3664	23 
3665	6 
3666	42 
3667	11 
3668	32 
3669	3 
3670	8 
3671	8 
3672	3 
3673	40 
3674	17 
3675	6 
3676	3 
3677	7 
3678	11 
3679	8 
3680	8 
3681	6 
3682	8 
3683	40 
3684	46 
3685	23 
3686	8 
3687	22 
3688	30 
3689	22 
3690	36 
3691	12 
3692	32 
3693	23 
3694	8 
3695	11 
3696	1 
3697	35 
3698	4 
3699	26 
3700	8 
3701	12 
3702	19 
3703	11 
3704	30 
3705	11 
3706	44 
3707	30 
3708	30 
3709	42 
3710	42 
3711	1 
3712	3 
3713	36 
3714	3 
3715	11 
3716	30 
3717	30 
3718	8 
3719	8 
3720	11 
3721	8 
3722	30 
3723	11 
3724	11 
3725	8 
3726	36 
3727	1 
3728	40 
3729	3 
3730	3 
3731	42 
3732	35 
3733	40 
3734	23 
3735	40 
3736	44 
3737	11 
3738	22 
3739	23 
3740	35 
3741	23 
3742	42 
3743	11 
3744	22 
3745	44 
3746	40 
3747	42 
3748	44 
3749	42 
3750	1 
3751	42 
3752	44 
3753	40 
3754	40 
3755	36 
3756	3 
3757	40 
3758	3 
3759	16 
3760	44 
3761	36 
3762	36 
3763	45 
3764	8 
3765	8 
3766	23 
3767	36 
3768	44 
3769	8 
3770	16 
3771	40 
3772	8 
3773	23 
3774	44 
3775	11 
3776	11 
3777	23 
3778	8 
3779	40 
3780	36 
3781	44 
3782	44 
3783	35 
3784	5 
3785	44 
3786	11 
3787	11 
3788	5 
3789	35 
3790	1 
3791	3 
3792	3 
3793	7 
3794	40 
3795	15 
3796	44 
3797	44 
3798	3 
3799	3 
3800	36 
3801	10 
3802	11 
3803	44 
3804	45 
3805	5 
3806	11 
3807	44 
3808	30 
3809	1 
3810	3 
3811	42 
3812	15 
3813	42 
3814	3 
3815	8 
3816	44 
3817	44 
3818	17 
3819	1 
3820	44 
3821	5 
3822	30 
3823	1 
3824	23 
3825	12 
3826	21 
3827	3 
3828	42 
3829	44 
3830	3 
3831	3 
3832	36 
3833	40 
3834	8 
3835	45 
3836	3 
3837	19 
3838	42 
3839	42 
3840	16 
3841	11 
3842	19 
3843	40 
3844	22 
3845	8 
3846	5 
3847	1 
3848	11 
3849	30 
3850	16 
3851	14 
3852	22 
3853	36 
3854	8 
3855	45 
3856	1 
3857	44 
3858	8 
3859	1 
3860	8 
3861	8 
3862	11 
3863	42 
3864	44 
3865	42 
3866	17 
3867	20 
3868	11 
3869	44 
3870	11 
3871	44 
3872	12 
3873	42 
3874	3 
3875	40 
3876	11 
3877	11 
3878	44 
3879	1 
3880	23 
3881	1 
3882	35 
3883	11 
3884	11 
3885	11 
3886	23 
3887	23 
3888	8 
3889	3 
3890	11 
3891	3 
3892	8 
3893	36 
3894	6 
3895	44 
3896	36 
3897	8 
3898	40 
3899	36 
3900	44 
3901	40 
3902	23 
3903	3 
3904	42 
3905	11 
3906	28 
3907	22 
3908	23 
3909	11 
3910	11 
3911	45 
3912	12 
3913	44 
3914	36 
3915	21 
3916	5 
3917	11 
3918	30 
3919	40 
3920	12 
3921	22 
3922	34 
3923	21 
3924	40 
3925	10 
3926	42 
3927	8 
3928	35 
3929	11 
3930	12 
3931	8 
3932	40 
3933	30 
3934	36 
3935	8 
3936	45 
3937	17 
3938	40 
3939	40 
3940	34 
3941	6 
3942	35 
3943	23 
3944	42 
3945	3 
3946	4 
3947	3 
3948	11 
3949	34 
3950	36 
3951	23 
3952	40 
3953	8 
3954	42 
3955	11 
3956	36 
3957	44 
3958	3 
3959	11 
3960	5 
3961	35 
3962	36 
3963	42 
3964	16 
3965	36 
3966	8 
3967	11 
3968	40 
3969	44 
3970	40 
3971	5 
3972	30 
3973	3 
3974	11 
3975	44 
3976	1 
3977	12 
3978	1 
3979	30 
3980	1 
3981	14 
3982	42 
3983	36 
3984	36 
3985	42 
3986	40 
3987	3 
3988	8 
3989	45 
3990	35 
3991	11 
3992	11 
3993	6 
3994	35 
3995	8 
3996	1 
3997	36 
3998	11 
3999	1 
4000	30 
4001	7 
4002	11 
4003	30 
4004	44 
4005	8 
4006	3 
4007	23 
4008	30 
4009	23 
4010	15 
4011	44 
4012	42 
4013	5 
4014	32 
4015	44 
4016	40 
4017	4 
4018	43 
4019	22 
4020	23 
4021	13 
4022	11 
4023	1 
4024	30 
4025	11 
4026	6 
4027	12 
4028	30 
4029	3 
4030	42 
4031	30 
4032	36 
4033	7 
4034	30 
4035	8 
4036	42 
4037	36 
4038	11 
4039	42 
4040	42 
4041	30 
4042	42 
4043	34 
4044	17 
4045	40 
4046	23 
4047	15 
4048	11 
4049	42 
4050	11 
4051	22 
4052	11 
4053	12 
4054	17 
4055	17 
4056	20 
4057	1 
4058	40 
4059	46 
4060	7 
4061	1 
4062	1 
4063	44 
4064	19 
4065	8 
4066	3 
4067	11 
4068	13 
4069	3 
4070	2 
4071	44 
4072	40 
4073	44 
4074	40 
4075	22 
4076	23 
4077	42 
4078	1 
4079	36 
4080	2 
4081	8 
4082	30 
4083	7 
4084	42 
4085	3 
4086	38 
4087	1 
4088	44 
4089	44 
4090	10 
4091	40 
4092	36 
4093	30 
4094	3 
4095	44 
4096	40 
4097	30 
4098	12 
4099	23 
4100	42 
4101	8 
4102	23 
4103	22 
4104	30 
4105	36 
4106	5 
4107	8 
4108	8 
4109	1 
4110	44 
4111	45 
4112	8 
4113	36 
4114	45 
4115	3 
4116	40 
4117	36 
4118	6 
4119	40 
4120	40 
4121	22 
4122	42 
4123	40 
4124	42 
4125	30 
4126	8 
4127	44 
4128	1 
4129	12 
4130	23 
4131	30 
4132	44 
4133	28 
4134	42 
4135	21 
4136	43 
4137	22 
4138	1 
4139	32 
4140	40 
4141	8 
4142	30 
4143	42 
4144	21 
4145	1 
4146	13 
4147	30 
4148	30 
4149	8 
4150	40 
4151	40 
4152	45 
4153	8 
4154	44 
4155	17 
4156	11 
4157	30 
4158	35 
4159	1 
4160	15 
4161	5 
4162	30 
4163	11 
4164	30 
4165	11 
4166	11 
4167	1 
4168	12 
4169	12 
4170	8 
4171	36 
4172	45 
4173	44 
4174	11 
4175	40 
4176	40 
4177	44 
4178	35 
4179	17 
4180	8 
4181	5 
4182	36 
4183	44 
4184	17 
4185	12 
4186	7 
4187	14 
4188	23 
4189	11 
4190	7 
4191	8 
4192	22 
4193	16 
4194	28 
4195	3 
4196	2 
4197	42 
4198	7 
4199	12 
4200	40 
4201	15 
4202	30 
4203	13 
4204	44 
4205	11 
4206	30 
4207	11 
4208	11 
4209	23 
4210	45 
4211	35 
4212	11 
4213	3 
4214	1 
4215	30 
4216	43 
4217	35 
4218	11 
4219	1 
4220	44 
4221	12 
4222	11 
4223	38 
4224	22 
4225	44 
4226	8 
4227	40 
4228	30 
4229	44 
4230	35 
4231	18 
4232	42 
4233	35 
4234	30 
4235	14 
4236	2 
4237	28 
4238	40 
4239	30 
4240	40 
4241	44 
4242	42 
4243	8 
4244	42 
4245	22 
4246	5 
4247	11 
4248	22 
4249	11 
4250	11 
4251	7 
4252	1 
4253	16 
4254	3 
4255	40 
4256	8 
4257	42 
4258	44 
4259	8 
4260	1 
4261	11 
4262	13 
4263	30 
4264	23 
4265	8 
4266	15 
4267	11 
4268	30 
4269	3 
4270	13 
4271	30 
4272	36 
4273	11 
4274	23 
4275	36 
4276	8 
4277	11 
4278	11 
4279	43 
4280	22 
4281	18 
4282	22 
4283	40 
4284	18 
4285	8 
4286	15 
4287	35 
4288	44 
4289	1 
4290	5 
4291	11 
4292	1 
4293	8 
4294	12 
4295	3 
4296	42 
4297	30 
4298	23 
4299	45 
4300	5 
4301	22 
4302	21 
4303	8 
4304	1 
4305	23 
4306	40 
4307	44 
4308	36 
4309	45 
4310	44 
4311	44 
4312	30 
4313	44 
4314	12 
4315	11 
4316	11 
4317	30 
4318	12 
4319	42 
4320	36 
4321	36 
4322	40 
4323	30 
4324	42 
4325	35 
4326	36 
4327	30 
4328	11 
4329	42 
4330	30 
4331	3 
4332	15 
4333	44 
4334	11 
4335	35 
4336	36 
4337	40 
4338	42 
4339	8 
4340	22 
4341	42 
4342	40 
4343	22 
4344	10 
4345	45 
4346	35 
4347	23 
4348	17 
4349	42 
4350	11 
4351	36 
4352	14 
4353	22 
4354	11 
4355	35 
4356	11 
4357	35 
4358	16 
4359	8 
4360	36 
4361	45 
4362	22 
4363	45 
4364	45 
4365	3 
4366	3 
4367	44 
4368	44 
4369	23 
4370	8 
4371	45 
4372	3 
4373	8 
4374	32 
4375	10 
4376	8 
4377	45 
4378	11 
4379	44 
4380	42 
4381	23 
4382	6 
4383	3 
4384	36 
4385	42 
4386	12 
4387	1 
4388	40 
4389	44 
4390	40 
4391	1 
4392	8 
4393	44 
4394	8 
4395	40 
4396	1 
4397	42 
4398	5 
4399	36 
4400	23 
4401	11 
4402	11 
4403	19 
4404	11 
4405	44 
4406	44 
4407	30 
4408	3 
4409	17 
4410	30 
4411	44 
4412	11 
4413	5 
4414	1 
4415	10 
4416	36 
4417	7 
4418	12 
4419	42 
4420	35 
4421	36 
4422	1 
4423	17 
4424	22 
4425	35 
4426	15 
4427	3 
4428	3 
4429	34 
4430	42 
4431	44 
4432	12 
4433	3 
4434	42 
4435	8 
4436	3 
4437	32 
4438	3 
4439	12 
4440	44 
4441	40 
4442	22 
4443	1 
4444	14 
4445	8 
4446	1 
4447	35 
4448	44 
4449	42 
4450	42 
4451	16 
4452	35 
4453	44 
4454	11 
4455	40 
4456	5 
4457	17 
4458	35 
4459	12 
4460	42 
4461	11 
4462	42 
4463	8 
4464	22 
4465	11 
4466	1 
4467	8 
4468	11 
4469	3 
4470	6 
4471	8 
4472	7 
4473	35 
4474	36 
4475	23 
4476	1 
4477	1 
4478	35 
4479	30 
4480	30 
4481	44 
4482	1 
4483	11 
4484	16 
4485	11 
4486	40 
4487	42 
4488	35 
4489	11 
4490	8 
4491	1 
4492	8 
4493	22 
4494	8 
4495	42 
4496	13 
4497	23 
4498	45 
4499	21 
4500	30 
4501	30 
4502	3 
4503	8 
4504	23 
4505	3 
4506	44 
4507	42 
4508	42 
4509	23 
4510	36 
4511	12 
4512	42 
4513	45 
4514	22 
4515	23 
4516	30 
4517	3 
4518	43 
4519	22 
4520	22 
4521	8 
4522	36 
4523	23 
4524	22 
4525	11 
4526	2 
4527	1 
4528	23 
4529	45 
4530	30 
4531	8 
4532	11 
4533	42 
4534	40 
4535	12 
4536	10 
4537	30 
4538	23 
4539	42 
4540	30 
4541	3 
4542	4 
4543	21 
4544	17 
4545	1 
4546	4 
4547	13 
4548	8 
4549	44 
4550	3 
4551	1 
4552	1 
4553	44 
4554	35 
4555	21 
4556	42 
4557	1 
4558	5 
4559	8 
4560	11 
4561	14 
4562	3 
4563	8 
4564	3 
4565	11 
4566	45 
4567	42 
4568	7 
4569	11 
4570	40 
4571	17 
4572	44 
4573	22 
4574	8 
4575	30 
4576	12 
4577	8 
4578	11 
4579	43 
4580	42 
4581	36 
4582	3 
4583	8 
4584	23 
4585	10 
4586	1 
4587	44 
4588	3 
4589	30 
4590	40 
4591	3 
4592	35 
4593	3 
4594	30 
4595	44 
4596	35 
4597	44 
4598	35 
4599	44 
4600	42 
4601	8 
4602	8 
4603	44 
4604	36 
4605	11 
4606	8 
4607	44 
4608	30 
4609	22 
4610	11 
4611	3 
4612	44 
4613	8 
4614	36 
4615	23 
4616	35 
4617	45 
4618	36 
4619	3 
4620	13 
4621	42 
4622	8 
4623	42 
4624	17 
4625	42 
4626	46 
4627	1 
4628	5 
4629	30 
4630	44 
4631	8 
4632	8 
4633	22 
4634	17 
4635	19 
4636	30 
4637	44 
4638	3 
4639	36 
4640	14 
4641	8 
4642	40 
4643	22 
4644	3 
4645	8 
4646	16 
4647	17 
4648	11 
4649	10 
4650	44 
4651	30 
4652	11 
4653	40 
4654	1 
4655	36 
4656	36 
4657	12 
4658	5 
4659	22 
4660	45 
4661	36 
4662	42 
4663	2 
4664	30 
4665	6 
4666	12 
4667	35 
4668	6 
4669	6 
4670	42 
4671	42 
4672	40 
4673	42 
4674	35 
4675	23 
4676	45 
4677	2 
4678	3 
4679	23 
4680	3 
4681	22 
4682	23 
4683	3 
4684	42 
4685	11 
4686	3 
4687	40 
4688	11 
4689	11 
4690	23 
4691	3 
4692	8 
4693	30 
4694	36 
4695	11 
4696	40 
4697	17 
4698	44 
4699	1 
4700	44 
4701	11 
4702	8 
4703	44 
4704	14 
4705	30 
4706	42 
4707	1 
4708	15 
4709	23 
4710	8 
4711	1 
4712	42 
4713	42 
4714	36 
4715	36 
4716	11 
4717	44 
4718	8 
4719	22 
4720	42 
4721	17 
4722	3 
4723	21 
4724	42 
4725	45 
4726	1 
4727	7 
4728	16 
4729	40 
4730	3 
4731	35 
4732	22 
4733	42 
4734	11 
4735	22 
4736	46 
4737	40 
4738	45 
4739	11 
4740	36 
4741	45 
4742	40 
4743	2 
4744	44 
4745	40 
4746	30 
4747	11 
4748	44 
4749	12 
4750	42 
4751	6 
4752	11 
4753	5 
4754	11 
4755	44 
4756	21 
4757	44 
4758	30 
4759	14 
4760	3 
4761	42 
4762	36 
4763	11 
4764	1 
4765	23 
4766	44 
4767	36 
4768	11 
4769	6 
4770	22 
4771	42 
4772	5 
4773	30 
4774	11 
4775	5 
4776	30 
4777	43 
4778	3 
4779	35 
4780	45 
4781	44 
4782	23 
4783	3 
4784	44 
4785	11 
4786	3 
4787	35 
4788	3 
4789	3 
4790	11 
4791	22 
4792	17 
4793	23 
4794	1 
4795	22 
4796	30 
4797	3 
4798	3 
4799	3 
4800	23 
4801	46 
4802	3 
4803	42 
4804	36 
4805	44 
4806	40 
4807	5 
4808	11 
4809	16 
4810	22 
4811	30 
4812	35 
4813	36 
4814	46 
4815	44 
4816	8 
4817	36 
4818	36 
4819	11 
4820	1 
4821	40 
4822	11 
4823	46 
4824	30 
4825	11 
4826	11 
4827	22 
4828	30 
4829	30 
4830	30 
4831	6 
4832	36 
4833	40 
4834	11 
4835	8 
4836	1 
4837	30 
4838	14 
4839	30 
4840	11 
4841	23 
4842	8 
4843	8 
4844	44 
4845	30 
4846	35 
4847	30 
4848	21 
4849	11 
4850	12 
4851	30 
4852	23 
4853	22 
4854	30 
4855	45 
4856	22 
4857	8 
4858	12 
4859	36 
4860	42 
4861	42 
4862	6 
4863	3 
4864	3 
4865	42 
4866	35 
4867	23 
4868	42 
4869	36 
4870	44 
4871	36 
4872	44 
4873	8 
4874	6 
4875	42 
4876	1 
4877	6 
4878	22 
4879	42 
4880	5 
4881	44 
4882	36 
4883	7 
4884	3 
4885	8 
4886	8 
4887	3 
4888	35 
4889	44 
4890	42 
4891	7 
4892	1 
4893	42 
4894	45 
4895	11 
4896	11 
4897	40 
4898	23 
4899	40 
4900	36 
4901	3 
4902	36 
4903	36 
4904	22 
4905	44 
4906	30 
4907	11 
4908	11 
4909	1 
4910	23 
4911	45 
4912	44 
4913	45 
4914	3 
4915	36 
4916	30 
4917	30 
4918	7 
4919	36 
4920	7 
4921	22 
4922	30 
4923	42 
4924	11 
4925	8 
4926	3 
4927	42 
4928	36 
4929	40 
4930	44 
4931	44 
4932	35 
4933	42 
4934	30 
4935	44 
4936	30 
4937	30 
4938	44 
4939	7 
4940	40 
4941	1 
4942	12 
4943	8 
4944	42 
4945	1 
4946	45 
4947	30 
4948	30 
4949	11 
4950	11 
4951	42 
4952	44 
4953	44 
4954	30 
4955	1 
4956	23 
4957	44 
4958	35 
4959	8 
4960	40 
4961	22 
4962	8 
4963	11 
4964	22 
4965	30 
4966	36 
4967	11 
4968	11 
4969	23 
4970	8 
4971	8 
4972	11 
4973	40 
4974	11 
4975	3 
4976	11 
4977	23 
4978	1 
4979	23 
4980	11 
4981	42 
4982	1 
4983	42 
4984	23 
4985	44 
4986	40 
4987	8 
4988	30 
4989	42 
4990	36 
4991	40 
4992	3 
4993	44 
4994	1 
4995	42 
4996	44 
4997	3 
4998	42 
4999	3 
5000	3 
