1	12 
2	5 
3	30 
4	23 
5	30 
6	1 
7	22 
8	1 
9	28 
10	42 
11	42 
12	43 
13	35 
14	21 
15	42 
16	36 
17	36 
18	14 
19	3 
20	40 
21	30 
22	42 
23	13 
24	19 
25	12 
26	3 
27	2 
28	11 
29	8 
30	42 
31	21 
32	36 
33	5 
34	23 
35	11 
36	3 
37	37 
38	21 
39	35 
40	5 
41	30 
42	8 
43	17 
44	43 
45	30 
46	42 
47	11 
48	11 
49	42 
50	1 
51	2 
52	30 
53	30 
54	11 
55	30 
56	22 
57	42 
58	15 
59	42 
60	11 
61	1 
62	13 
63	23 
64	12 
65	5 
66	11 
67	37 
68	22 
69	11 
70	11 
71	1 
72	39 
73	30 
74	3 
75	14 
76	42 
77	13 
78	40 
79	36 
80	11 
81	43 
82	23 
83	42 
84	8 
85	40 
86	40 
87	42 
88	1 
89	6 
90	22 
91	16 
92	6 
93	3 
94	23 
95	1 
96	10 
97	36 
98	40 
99	1 
100	40 
101	3 
102	22 
103	18 
104	42 
105	8 
106	38 
107	8 
108	10 
109	6 
110	12 
111	23 
112	8 
113	1 
114	7 
115	25 
116	11 
117	36 
118	36 
119	43 
120	22 
121	36 
122	12 
123	32 
124	11 
125	42 
126	34 
127	1 
128	28 
129	22 
130	22 
131	11 
132	1 
133	8 
134	8 
135	11 
136	8 
137	11 
138	30 
139	1 
140	1 
141	40 
142	36 
143	35 
144	1 
145	1 
146	24 
147	12 
148	30 
149	38 
150	1 
151	11 
152	16 
153	36 
154	12 
155	11 
156	11 
157	20 
158	7 
159	35 
160	11 
161	36 
162	23 
163	3 
164	42 
165	16 
166	22 
167	1 
168	35 
169	22 
170	22 
171	27 
172	42 
173	30 
174	36 
175	42 
176	35 
177	13 
178	36 
179	1 
180	28 
181	8 
182	36 
183	22 
184	36 
185	11 
186	1 
187	30 
188	8 
189	14 
190	6 
191	40 
192	11 
193	36 
194	12 
195	8 
196	19 
197	40 
198	36 
199	3 
200	1 
201	22 
202	20 
203	30 
204	3 
205	42 
206	1 
207	14 
208	36 
209	8 
210	15 
211	11 
212	21 
213	16 
214	11 
215	29 
216	11 
217	30 
218	3 
219	36 
220	1 
221	42 
222	37 
223	35 
224	8 
225	30 
226	12 
227	8 
228	11 
229	8 
230	30 
231	1 
232	1 
233	39 
234	5 
235	30 
236	4 
237	5 
238	11 
239	21 
240	40 
241	30 
242	38 
243	5 
244	8 
245	13 
246	40 
247	3 
248	24 
249	23 
250	22 
251	10 
252	40 
253	23 
254	11 
255	42 
256	12 
257	11 
258	23 
259	8 
260	42 
261	40 
262	8 
263	35 
264	8 
265	28 
266	31 
267	42 
268	8 
269	8 
270	11 
271	42 
272	30 
273	11 
274	40 
275	11 
276	11 
277	36 
278	35 
279	1 
280	21 
281	17 
282	40 
283	14 
284	42 
285	23 
286	42 
287	11 
288	11 
289	30 
290	6 
291	28 
292	8 
293	40 
294	23 
295	13 
296	33 
297	1 
298	12 
299	38 
300	40 
301	16 
302	1 
303	8 
304	36 
305	3 
306	11 
307	42 
308	1 
309	8 
310	3 
311	13 
312	32 
313	30 
314	22 
315	42 
316	22 
317	17 
318	21 
319	23 
320	30 
321	5 
322	42 
323	8 
324	12 
325	1 
326	22 
327	40 
328	17 
329	43 
330	42 
331	23 
332	40 
333	22 
334	35 
335	1 
336	2 
337	27 
338	11 
339	1 
340	11 
341	3 
342	8 
343	26 
344	11 
345	17 
346	15 
347	8 
348	8 
349	3 
350	3 
351	6 
352	14 
353	1 
354	23 
355	3 
356	11 
357	2 
358	11 
359	22 
360	11 
361	12 
362	1 
363	35 
364	14 
365	5 
366	15 
367	40 
368	3 
369	8 
370	42 
371	1 
372	36 
373	1 
374	3 
375	35 
376	22 
377	8 
378	30 
379	42 
380	3 
381	8 
382	40 
383	1 
384	40 
385	36 
386	42 
387	42 
388	6 
389	11 
390	11 
391	5 
392	41 
393	43 
394	8 
395	42 
396	40 
397	10 
398	36 
399	8 
400	8 
401	11 
402	1 
403	11 
404	23 
405	1 
406	5 
407	42 
408	34 
409	6 
410	7 
411	11 
412	42 
413	35 
414	1 
415	22 
416	39 
417	38 
418	42 
419	12 
420	8 
421	35 
422	36 
423	22 
424	23 
425	23 
426	8 
427	27 
428	22 
429	5 
430	11 
431	5 
432	11 
433	11 
434	42 
435	40 
436	11 
437	42 
438	11 
439	12 
440	9 
441	11 
442	33 
443	8 
444	11 
445	36 
446	12 
447	36 
448	3 
449	35 
450	8 
451	40 
452	3 
453	3 
454	41 
455	40 
456	1 
457	36 
458	12 
459	40 
460	1 
461	30 
462	3 
463	17 
464	23 
465	3 
466	42 
467	30 
468	21 
469	23 
470	17 
471	3 
472	3 
473	1 
474	29 
475	11 
476	1 
477	22 
478	8 
479	23 
480	12 
481	34 
482	35 
483	1 
484	40 
485	23 
486	14 
487	36 
488	8 
489	10 
490	11 
491	42 
492	22 
493	35 
494	12 
495	6 
496	11 
497	40 
498	30 
499	14 
500	23 
501	11 
502	30 
503	8 
504	17 
505	39 
506	21 
507	3 
508	30 
509	38 
510	22 
511	5 
512	36 
513	2 
514	4 
515	40 
516	22 
517	36 
518	5 
519	36 
520	32 
521	3 
522	7 
523	36 
524	36 
525	35 
526	11 
527	30 
528	36 
529	30 
530	22 
531	40 
532	8 
533	35 
534	10 
535	3 
536	8 
537	3 
538	23 
539	38 
540	36 
541	5 
542	11 
543	11 
544	6 
545	36 
546	16 
547	8 
548	1 
549	14 
550	15 
551	19 
552	3 
553	8 
554	8 
555	39 
556	30 
557	35 
558	3 
559	42 
560	35 
561	8 
562	22 
563	13 
564	11 
565	17 
566	22 
567	3 
568	36 
569	19 
570	8 
571	42 
572	32 
573	42 
574	18 
575	7 
576	42 
577	12 
578	24 
579	8 
580	21 
581	6 
582	30 
583	1 
584	36 
585	25 
586	6 
587	22 
588	16 
589	15 
590	1 
591	8 
592	40 
593	30 
594	42 
595	8 
596	3 
597	11 
598	42 
599	42 
600	42 
601	15 
602	12 
603	1 
604	31 
605	30 
606	30 
607	40 
608	42 
609	11 
610	30 
611	3 
612	37 
613	2 
614	22 
615	30 
616	42 
617	23 
618	1 
619	36 
620	1 
621	1 
622	11 
623	11 
624	15 
625	12 
626	40 
627	22 
628	8 
629	30 
630	36 
631	19 
632	12 
633	34 
634	22 
635	42 
636	23 
637	12 
638	22 
639	35 
640	3 
641	5 
642	27 
643	23 
644	22 
645	11 
646	23 
647	30 
648	33 
649	36 
650	6 
651	32 
652	36 
653	42 
654	8 
655	12 
656	11 
657	34 
658	40 
659	8 
660	6 
661	30 
662	12 
663	3 
664	11 
665	8 
666	3 
667	5 
668	14 
669	11 
670	5 
671	40 
672	35 
673	11 
674	42 
675	42 
676	42 
677	4 
678	23 
679	8 
680	1 
681	5 
682	23 
683	34 
684	21 
685	8 
686	2 
687	1 
688	42 
689	3 
690	30 
691	3 
692	36 
693	8 
694	3 
695	42 
696	23 
697	21 
698	38 
699	17 
700	36 
701	30 
702	3 
703	15 
704	4 
705	19 
706	35 
707	42 
708	8 
709	42 
710	42 
711	36 
712	11 
713	22 
714	22 
715	30 
716	8 
717	3 
718	40 
719	11 
720	11 
721	8 
722	30 
723	31 
724	30 
725	11 
726	42 
727	15 
728	40 
729	11 
730	3 
731	11 
732	22 
733	30 
734	1 
735	35 
736	22 
737	6 
738	5 
739	42 
740	5 
741	1 
742	40 
743	27 
744	7 
745	21 
746	21 
747	3 
748	40 
749	36 
750	3 
751	35 
752	35 
753	8 
754	5 
755	3 
756	10 
757	3 
758	40 
759	30 
760	36 
761	14 
762	12 
763	5 
764	1 
765	42 
766	26 
767	6 
768	3 
769	1 
770	42 
771	23 
772	1 
773	1 
774	3 
775	11 
776	36 
777	36 
778	11 
779	40 
780	42 
781	14 
782	40 
783	42 
784	11 
785	11 
786	4 
787	42 
788	23 
789	29 
790	39 
791	13 
792	8 
793	19 
794	42 
795	6 
796	12 
797	39 
798	5 
799	33 
800	42 
801	35 
802	23 
803	18 
804	18 
805	3 
806	36 
807	42 
808	36 
809	30 
810	19 
811	8 
812	3 
813	22 
814	30 
815	42 
816	8 
817	42 
818	7 
819	1 
820	36 
821	3 
822	22 
823	8 
824	5 
825	36 
826	40 
827	42 
828	12 
829	10 
830	36 
831	11 
832	23 
833	22 
834	14 
835	19 
836	30 
837	22 
838	40 
839	42 
840	3 
841	8 
842	40 
843	1 
844	10 
845	11 
846	36 
847	32 
848	1 
849	40 
850	39 
851	15 
852	23 
853	1 
854	8 
855	11 
856	12 
857	39 
858	42 
859	5 
860	36 
861	8 
862	17 
863	3 
864	8 
865	5 
866	1 
867	42 
868	30 
869	11 
870	30 
871	40 
872	40 
873	42 
874	34 
875	40 
876	40 
877	36 
878	6 
879	17 
880	8 
881	3 
882	11 
883	11 
884	6 
885	17 
886	2 
887	7 
888	1 
889	13 
890	40 
891	2 
892	22 
893	2 
894	22 
895	24 
896	1 
897	1 
898	15 
899	35 
900	3 
901	30 
902	15 
903	30 
904	14 
905	30 
906	11 
907	11 
908	16 
909	30 
910	35 
911	36 
912	17 
913	12 
914	20 
915	42 
916	42 
917	30 
918	21 
919	3 
920	42 
921	15 
922	23 
923	11 
924	20 
925	16 
926	40 
927	11 
928	42 
929	1 
930	23 
931	40 
932	26 
933	42 
934	3 
935	40 
936	11 
937	42 
938	41 
939	8 
940	30 
941	1 
942	22 
943	3 
944	3 
945	40 
946	32 
947	13 
948	20 
949	11 
950	42 
951	42 
952	8 
953	31 
954	8 
955	19 
956	22 
957	8 
958	12 
959	11 
960	25 
961	17 
962	30 
963	22 
964	23 
965	3 
966	15 
967	1 
968	26 
969	34 
970	36 
971	1 
972	21 
973	40 
974	8 
975	35 
976	17 
977	11 
978	29 
979	1 
980	11 
981	22 
982	1 
983	43 
984	22 
985	11 
986	23 
987	22 
988	1 
989	5 
990	22 
991	16 
992	1 
993	30 
994	1 
995	8 
996	5 
997	9 
998	30 
999	36 
1000	43 
1001	11 
1002	8 
1003	6 
1004	36 
1005	36 
1006	36 
1007	1 
1008	3 
1009	3 
1010	42 
1011	35 
1012	31 
1013	23 
1014	34 
1015	8 
1016	3 
1017	4 
1018	37 
1019	12 
1020	30 
1021	22 
1022	40 
1023	1 
1024	36 
1025	3 
1026	40 
1027	8 
1028	11 
1029	21 
1030	30 
1031	36 
1032	12 
1033	38 
1034	17 
1035	3 
1036	8 
1037	11 
1038	36 
1039	8 
1040	42 
1041	22 
1042	24 
1043	42 
1044	8 
1045	22 
1046	27 
1047	35 
1048	8 
1049	8 
1050	1 
1051	3 
1052	30 
1053	17 
1054	1 
1055	3 
1056	3 
1057	38 
1058	11 
1059	11 
1060	3 
1061	11 
1062	15 
1063	39 
1064	1 
1065	11 
1066	24 
1067	6 
1068	1 
1069	36 
1070	40 
1071	14 
1072	14 
1073	32 
1074	42 
1075	11 
1076	6 
1077	6 
1078	3 
1079	40 
1080	35 
1081	42 
1082	7 
1083	1 
1084	11 
1085	14 
1086	17 
1087	30 
1088	8 
1089	34 
1090	17 
1091	42 
1092	36 
1093	5 
1094	36 
1095	30 
1096	11 
1097	22 
1098	1 
1099	1 
1100	42 
1101	30 
1102	10 
1103	10 
1104	1 
1105	42 
1106	8 
1107	35 
1108	35 
1109	3 
1110	17 
1111	1 
1112	10 
1113	40 
1114	42 
1115	23 
1116	8 
1117	1 
1118	11 
1119	2 
1120	21 
1121	30 
1122	30 
1123	25 
1124	10 
1125	6 
1126	19 
1127	3 
1128	21 
1129	40 
1130	8 
1131	28 
1132	11 
1133	40 
1134	34 
1135	40 
1136	3 
1137	30 
1138	12 
1139	39 
1140	11 
1141	42 
1142	35 
1143	35 
1144	1 
1145	14 
1146	8 
1147	36 
1148	42 
1149	9 
1150	28 
1151	35 
1152	28 
1153	12 
1154	15 
1155	22 
1156	7 
1157	42 
1158	22 
1159	4 
1160	22 
1161	1 
1162	12 
1163	42 
1164	36 
1165	22 
1166	7 
1167	38 
1168	11 
1169	8 
1170	36 
1171	1 
1172	43 
1173	36 
1174	42 
1175	21 
1176	7 
1177	36 
1178	36 
1179	40 
1180	11 
1181	43 
1182	35 
1183	30 
1184	3 
1185	11 
1186	42 
1187	22 
1188	23 
1189	5 
1190	22 
1191	12 
1192	40 
1193	5 
1194	36 
1195	42 
1196	17 
1197	23 
1198	11 
1199	8 
1200	22 
1201	8 
1202	35 
1203	20 
1204	37 
1205	3 
1206	13 
1207	30 
1208	31 
1209	12 
1210	26 
1211	42 
1212	42 
1213	1 
1214	1 
1215	11 
1216	42 
1217	34 
1218	35 
1219	42 
1220	15 
1221	36 
1222	23 
1223	8 
1224	3 
1225	30 
1226	8 
1227	11 
1228	11 
1229	21 
1230	14 
1231	11 
1232	40 
1233	3 
1234	36 
1235	23 
1236	43 
1237	5 
1238	36 
1239	17 
1240	36 
1241	21 
1242	8 
1243	19 
1244	42 
1245	42 
1246	21 
1247	30 
1248	42 
1249	40 
1250	42 
1251	36 
1252	30 
1253	8 
1254	32 
1255	12 
1256	42 
1257	8 
1258	23 
1259	42 
1260	30 
1261	5 
1262	23 
1263	35 
1264	34 
1265	1 
1266	40 
1267	19 
1268	23 
1269	30 
1270	11 
1271	11 
1272	11 
1273	8 
1274	30 
1275	3 
1276	5 
1277	40 
1278	8 
1279	19 
1280	36 
1281	3 
1282	30 
1283	1 
1284	11 
1285	30 
1286	21 
1287	42 
1288	9 
1289	1 
1290	11 
1291	8 
1292	22 
1293	23 
1294	11 
1295	8 
1296	12 
1297	40 
1298	11 
1299	3 
1300	22 
1301	11 
1302	43 
1303	34 
1304	23 
1305	1 
1306	23 
1307	8 
1308	22 
1309	14 
1310	42 
1311	23 
1312	39 
1313	5 
1314	12 
1315	30 
1316	8 
1317	36 
1318	42 
1319	30 
1320	36 
1321	1 
1322	22 
1323	23 
1324	36 
1325	11 
1326	26 
1327	8 
1328	30 
1329	8 
1330	35 
1331	42 
1332	36 
1333	3 
1334	11 
1335	40 
1336	3 
1337	30 
1338	8 
1339	8 
1340	30 
1341	36 
1342	12 
1343	11 
1344	42 
1345	18 
1346	1 
1347	30 
1348	40 
1349	22 
1350	40 
1351	3 
1352	36 
1353	3 
1354	12 
1355	36 
1356	29 
1357	36 
1358	19 
1359	30 
1360	30 
1361	22 
1362	40 
1363	1 
1364	23 
1365	22 
1366	3 
1367	13 
1368	12 
1369	1 
1370	35 
1371	23 
1372	11 
1373	30 
1374	11 
1375	36 
1376	11 
1377	8 
1378	3 
1379	10 
1380	10 
1381	3 
1382	11 
1383	40 
1384	11 
1385	11 
1386	13 
1387	30 
1388	4 
1389	28 
1390	8 
1391	11 
1392	6 
1393	36 
1394	35 
1395	5 
1396	34 
1397	1 
1398	3 
1399	40 
1400	23 
1401	22 
1402	23 
1403	1 
1404	30 
1405	42 
1406	32 
1407	40 
1408	37 
1409	11 
1410	22 
1411	42 
1412	36 
1413	18 
1414	3 
1415	22 
1416	8 
1417	11 
1418	11 
1419	30 
1420	42 
1421	35 
1422	2 
1423	40 
1424	30 
1425	38 
1426	36 
1427	36 
1428	8 
1429	8 
1430	35 
1431	35 
1432	42 
1433	7 
1434	30 
1435	22 
1436	22 
1437	43 
1438	36 
1439	13 
1440	12 
1441	40 
1442	30 
1443	1 
1444	8 
1445	3 
1446	30 
1447	36 
1448	8 
1449	15 
1450	12 
1451	31 
1452	1 
1453	22 
1454	8 
1455	23 
1456	22 
1457	3 
1458	3 
1459	42 
1460	10 
1461	42 
1462	40 
1463	11 
1464	29 
1465	1 
1466	35 
1467	11 
1468	5 
1469	40 
1470	36 
1471	13 
1472	30 
1473	5 
1474	30 
1475	34 
1476	42 
1477	3 
1478	8 
1479	11 
1480	19 
1481	30 
1482	22 
1483	5 
1484	40 
1485	7 
1486	23 
1487	38 
1488	8 
1489	40 
1490	36 
1491	43 
1492	34 
1493	32 
1494	23 
1495	36 
1496	11 
1497	38 
1498	10 
1499	22 
1500	36 
1501	10 
1502	3 
1503	32 
1504	20 
1505	11 
1506	22 
1507	36 
1508	11 
1509	35 
1510	43 
1511	12 
1512	30 
1513	11 
1514	11 
1515	19 
1516	7 
1517	1 
1518	11 
1519	33 
1520	26 
1521	36 
1522	12 
1523	8 
1524	8 
1525	1 
1526	14 
1527	23 
1528	5 
1529	11 
1530	26 
1531	8 
1532	13 
1533	11 
1534	40 
1535	3 
1536	3 
1537	34 
1538	1 
1539	22 
1540	36 
1541	8 
1542	1 
1543	42 
1544	3 
1545	22 
1546	35 
1547	34 
1548	1 
1549	42 
1550	11 
1551	23 
1552	12 
1553	11 
1554	30 
1555	11 
1556	1 
1557	11 
1558	22 
1559	6 
1560	30 
1561	11 
1562	23 
1563	5 
1564	3 
1565	12 
1566	8 
1567	1 
1568	11 
1569	12 
1570	30 
1571	1 
1572	34 
1573	1 
1574	3 
1575	34 
1576	30 
1577	36 
1578	16 
1579	35 
1580	30 
1581	40 
1582	22 
1583	43 
1584	5 
1585	23 
1586	35 
1587	33 
1588	22 
1589	4 
1590	7 
1591	11 
1592	36 
1593	3 
1594	8 
1595	36 
1596	35 
1597	23 
1598	5 
1599	32 
1600	19 
1601	22 
1602	1 
1603	15 
1604	7 
1605	8 
1606	1 
1607	10 
1608	3 
1609	31 
1610	8 
1611	20 
1612	11 
1613	20 
1614	5 
1615	11 
1616	22 
1617	14 
1618	23 
1619	11 
1620	1 
1621	3 
1622	36 
1623	42 
1624	5 
1625	22 
1626	8 
1627	40 
1628	23 
1629	12 
1630	11 
1631	12 
1632	1 
1633	40 
1634	43 
1635	42 
1636	11 
1637	43 
1638	1 
1639	40 
1640	8 
1641	1 
1642	16 
1643	11 
1644	36 
1645	30 
1646	41 
1647	8 
1648	12 
1649	35 
1650	3 
1651	1 
1652	23 
1653	1 
1654	23 
1655	30 
1656	1 
1657	23 
1658	14 
1659	40 
1660	41 
1661	23 
1662	42 
1663	12 
1664	23 
1665	18 
1666	42 
1667	3 
1668	5 
1669	4 
1670	11 
1671	10 
1672	14 
1673	30 
1674	11 
1675	22 
1676	3 
1677	2 
1678	22 
1679	8 
1680	21 
1681	8 
1682	36 
1683	23 
1684	12 
1685	22 
1686	11 
1687	3 
1688	42 
1689	39 
1690	40 
1691	1 
1692	35 
1693	42 
1694	30 
1695	10 
1696	12 
1697	3 
1698	23 
1699	5 
1700	23 
1701	3 
1702	15 
1703	16 
1704	30 
1705	40 
1706	30 
1707	22 
1708	40 
1709	40 
1710	40 
1711	36 
1712	9 
1713	36 
1714	23 
1715	8 
1716	36 
1717	6 
1718	19 
1719	40 
1720	23 
1721	35 
1722	5 
1723	22 
1724	42 
1725	30 
1726	42 
1727	35 
1728	8 
1729	15 
1730	21 
1731	1 
1732	1 
1733	2 
1734	28 
1735	22 
1736	2 
1737	11 
1738	3 
1739	35 
1740	23 
1741	22 
1742	12 
1743	8 
1744	35 
1745	3 
1746	36 
1747	12 
1748	22 
1749	34 
1750	21 
1751	42 
1752	21 
1753	1 
1754	3 
1755	29 
1756	11 
1757	11 
1758	23 
1759	42 
1760	23 
1761	40 
1762	23 
1763	1 
1764	36 
1765	22 
1766	36 
1767	23 
1768	22 
1769	34 
1770	3 
1771	40 
1772	1 
1773	8 
1774	11 
1775	36 
1776	35 
1777	11 
1778	36 
1779	3 
1780	15 
1781	22 
1782	40 
1783	42 
1784	42 
1785	36 
1786	17 
1787	1 
1788	12 
1789	3 
1790	5 
1791	23 
1792	35 
1793	8 
1794	8 
1795	21 
1796	17 
1797	21 
1798	30 
1799	23 
1800	11 
1801	12 
1802	35 
1803	3 
1804	12 
1805	3 
1806	17 
1807	3 
1808	11 
1809	35 
1810	1 
1811	40 
1812	25 
1813	11 
1814	43 
1815	42 
1816	42 
1817	42 
1818	8 
1819	11 
1820	17 
1821	42 
1822	36 
1823	20 
1824	36 
1825	13 
1826	3 
1827	35 
1828	11 
1829	30 
1830	18 
1831	22 
1832	11 
1833	30 
1834	36 
1835	11 
1836	40 
1837	14 
1838	23 
1839	42 
1840	11 
1841	19 
1842	3 
1843	9 
1844	2 
1845	3 
1846	12 
1847	8 
1848	22 
1849	11 
1850	23 
1851	22 
1852	19 
1853	11 
1854	1 
1855	17 
1856	8 
1857	6 
1858	36 
1859	36 
1860	40 
1861	36 
1862	14 
1863	9 
1864	17 
1865	3 
1866	8 
1867	14 
1868	6 
1869	4 
1870	30 
1871	36 
1872	8 
1873	42 
1874	11 
1875	14 
1876	43 
1877	42 
1878	22 
1879	6 
1880	36 
1881	19 
1882	29 
1883	18 
1884	34 
1885	32 
1886	42 
1887	23 
1888	1 
1889	16 
1890	11 
1891	3 
1892	3 
1893	14 
1894	40 
1895	11 
1896	40 
1897	5 
1898	12 
1899	3 
1900	36 
1901	35 
1902	7 
1903	1 
1904	36 
1905	40 
1906	42 
1907	40 
1908	3 
1909	23 
1910	10 
1911	16 
1912	16 
1913	13 
1914	8 
1915	3 
1916	12 
1917	1 
1918	11 
1919	42 
1920	21 
1921	1 
1922	22 
1923	18 
1924	30 
1925	36 
1926	5 
1927	39 
1928	36 
1929	40 
1930	40 
1931	1 
1932	3 
1933	42 
1934	21 
1935	22 
1936	3 
1937	35 
1938	25 
1939	10 
1940	18 
1941	8 
1942	38 
1943	5 
1944	1 
1945	2 
1946	3 
1947	22 
1948	22 
1949	42 
1950	30 
1951	26 
1952	6 
1953	34 
1954	32 
1955	38 
1956	36 
1957	16 
1958	35 
1959	42 
1960	36 
1961	1 
1962	15 
1963	11 
1964	36 
1965	1 
1966	36 
1967	22 
1968	40 
1969	7 
1970	36 
1971	42 
1972	7 
1973	28 
1974	22 
1975	23 
1976	17 
1977	8 
1978	35 
1979	40 
1980	7 
1981	36 
1982	35 
1983	42 
1984	15 
1985	42 
1986	42 
1987	23 
1988	12 
1989	3 
1990	40 
1991	13 
1992	22 
1993	5 
1994	5 
1995	5 
1996	23 
1997	42 
1998	40 
1999	3 
2000	20 
2001	1 
2002	34 
2003	23 
2004	11 
2005	30 
2006	6 
2007	13 
2008	6 
2009	42 
2010	22 
2011	32 
2012	1 
2013	22 
2014	11 
2015	13 
2016	42 
2017	1 
2018	8 
2019	3 
2020	1 
2021	1 
2022	11 
2023	2 
2024	8 
2025	1 
2026	14 
2027	23 
2028	11 
2029	40 
2030	35 
2031	36 
2032	8 
2033	30 
2034	23 
2035	42 
2036	20 
2037	40 
2038	8 
2039	8 
2040	11 
2041	35 
2042	2 
2043	42 
2044	11 
2045	40 
2046	30 
2047	42 
2048	23 
2049	42 
2050	11 
2051	8 
2052	42 
2053	15 
2054	12 
2055	30 
2056	11 
2057	21 
2058	3 
2059	8 
2060	22 
2061	36 
2062	3 
2063	22 
2064	3 
2065	42 
2066	21 
2067	42 
2068	22 
2069	8 
2070	1 
2071	22 
2072	36 
2073	22 
2074	42 
2075	3 
2076	13 
2077	36 
2078	1 
2079	30 
2080	11 
2081	36 
2082	11 
2083	36 
2084	22 
2085	11 
2086	42 
2087	11 
2088	38 
2089	3 
2090	35 
2091	5 
2092	11 
2093	25 
2094	11 
2095	11 
2096	23 
2097	42 
2098	40 
2099	13 
2100	30 
2101	5 
2102	11 
2103	11 
2104	18 
2105	22 
2106	23 
2107	17 
2108	23 
2109	30 
2110	36 
2111	16 
2112	35 
2113	36 
2114	8 
2115	40 
2116	11 
2117	28 
2118	3 
2119	8 
2120	8 
2121	40 
2122	22 
2123	35 
2124	35 
2125	40 
2126	11 
2127	22 
2128	15 
2129	7 
2130	16 
2131	11 
2132	8 
2133	3 
2134	3 
2135	11 
2136	40 
2137	16 
2138	35 
2139	11 
2140	1 
2141	15 
2142	7 
2143	42 
2144	1 
2145	43 
2146	1 
2147	40 
2148	4 
2149	8 
2150	5 
2151	40 
2152	40 
2153	8 
2154	36 
2155	30 
2156	25 
2157	40 
2158	17 
2159	22 
2160	40 
2161	12 
2162	10 
2163	8 
2164	36 
2165	35 
2166	11 
2167	8 
2168	22 
2169	15 
2170	11 
2171	23 
2172	1 
2173	36 
2174	36 
2175	12 
2176	1 
2177	3 
2178	18 
2179	11 
2180	23 
2181	5 
2182	8 
2183	17 
2184	1 
2185	23 
2186	8 
2187	8 
2188	40 
2189	3 
2190	36 
2191	11 
2192	8 
2193	9 
2194	11 
2195	22 
2196	30 
2197	23 
2198	38 
2199	11 
2200	40 
2201	40 
2202	35 
2203	15 
2204	17 
2205	23 
2206	3 
2207	8 
2208	42 
2209	40 
2210	35 
2211	42 
2212	8 
2213	23 
2214	6 
2215	1 
2216	17 
2217	8 
2218	11 
2219	2 
2220	6 
2221	5 
2222	12 
2223	3 
2224	40 
2225	14 
2226	19 
2227	11 
2228	38 
2229	11 
2230	21 
2231	22 
2232	35 
2233	30 
2234	3 
2235	42 
2236	35 
2237	19 
2238	35 
2239	22 
2240	3 
2241	11 
2242	42 
2243	23 
2244	40 
2245	6 
2246	42 
2247	30 
2248	6 
2249	8 
2250	3 
2251	40 
2252	1 
2253	11 
2254	42 
2255	30 
2256	12 
2257	1 
2258	11 
2259	8 
2260	8 
2261	38 
2262	42 
2263	36 
2264	11 
2265	40 
2266	11 
2267	3 
2268	42 
2269	17 
2270	30 
2271	11 
2272	6 
2273	8 
2274	23 
2275	3 
2276	1 
2277	16 
2278	41 
2279	8 
2280	5 
2281	30 
2282	11 
2283	1 
2284	5 
2285	12 
2286	36 
2287	3 
2288	3 
2289	23 
2290	11 
2291	38 
2292	14 
2293	11 
2294	28 
2295	12 
2296	42 
2297	4 
2298	30 
2299	42 
2300	11 
2301	23 
2302	12 
2303	3 
2304	3 
2305	14 
2306	35 
2307	42 
2308	35 
2309	30 
2310	36 
2311	8 
2312	28 
2313	1 
2314	8 
2315	36 
2316	21 
2317	8 
2318	40 
2319	30 
2320	30 
2321	19 
2322	23 
2323	14 
2324	15 
2325	1 
2326	11 
2327	3 
2328	40 
2329	34 
2330	3 
2331	8 
2332	1 
2333	12 
2334	40 
2335	12 
2336	1 
2337	40 
2338	42 
2339	8 
2340	17 
2341	8 
2342	43 
2343	26 
2344	23 
2345	40 
2346	3 
2347	36 
2348	42 
2349	11 
2350	8 
2351	36 
2352	8 
2353	3 
2354	1 
2355	22 
2356	30 
2357	14 
2358	10 
2359	39 
2360	11 
2361	40 
2362	23 
2363	42 
2364	16 
2365	21 
2366	11 
2367	23 
2368	30 
2369	35 
2370	32 
2371	1 
2372	3 
2373	23 
2374	3 
2375	11 
2376	40 
2377	16 
2378	40 
2379	40 
2380	30 
2381	3 
2382	2 
2383	8 
2384	29 
2385	3 
2386	1 
2387	8 
2388	23 
2389	21 
2390	3 
2391	30 
2392	30 
2393	42 
2394	23 
2395	11 
2396	30 
2397	38 
2398	42 
2399	11 
2400	42 
2401	16 
2402	40 
2403	3 
2404	42 
2405	5 
2406	16 
2407	21 
2408	22 
2409	40 
2410	12 
2411	4 
2412	16 
2413	5 
2414	17 
2415	1 
2416	17 
2417	3 
2418	8 
2419	17 
2420	11 
2421	20 
2422	3 
2423	8 
2424	17 
2425	42 
2426	42 
2427	7 
2428	35 
2429	40 
2430	2 
2431	11 
2432	1 
2433	6 
2434	30 
2435	40 
2436	8 
2437	30 
2438	35 
2439	3 
2440	21 
2441	8 
2442	41 
2443	1 
2444	12 
2445	23 
2446	42 
2447	35 
2448	16 
2449	35 
2450	36 
2451	8 
2452	3 
2453	42 
2454	40 
2455	7 
2456	16 
2457	43 
2458	42 
2459	42 
2460	36 
2461	42 
2462	26 
2463	31 
2464	17 
2465	11 
2466	42 
2467	36 
2468	30 
2469	23 
2470	30 
2471	3 
2472	42 
2473	16 
2474	3 
2475	3 
2476	22 
2477	36 
2478	3 
2479	3 
2480	13 
2481	9 
2482	3 
2483	1 
2484	11 
2485	36 
2486	30 
2487	38 
2488	8 
2489	3 
2490	40 
2491	35 
2492	30 
2493	11 
2494	11 
2495	23 
2496	35 
2497	35 
2498	11 
2499	23 
2500	1 
2501	4 
2502	43 
2503	11 
2504	1 
2505	28 
2506	10 
2507	23 
2508	8 
2509	42 
2510	23 
2511	14 
2512	30 
2513	36 
2514	42 
2515	3 
2516	42 
2517	21 
2518	34 
2519	8 
2520	3 
2521	8 
2522	20 
2523	14 
2524	5 
2525	11 
2526	1 
2527	10 
2528	42 
2529	43 
2530	12 
2531	30 
2532	41 
2533	23 
2534	42 
2535	3 
2536	29 
2537	3 
2538	8 
2539	1 
2540	22 
2541	36 
2542	11 
2543	11 
2544	21 
2545	30 
2546	30 
2547	40 
2548	3 
2549	36 
2550	36 
2551	7 
2552	7 
2553	35 
2554	14 
2555	35 
2556	19 
2557	8 
2558	23 
2559	8 
2560	8 
2561	22 
2562	22 
2563	42 
2564	8 
2565	35 
2566	17 
2567	42 
2568	23 
2569	21 
2570	36 
2571	36 
2572	1 
2573	11 
2574	23 
2575	21 
2576	11 
2577	42 
2578	11 
2579	12 
2580	11 
2581	23 
2582	43 
2583	30 
2584	1 
2585	14 
2586	8 
2587	36 
2588	6 
2589	23 
2590	36 
2591	25 
2592	17 
2593	40 
2594	30 
2595	40 
2596	20 
2597	43 
2598	11 
2599	35 
2600	32 
2601	17 
2602	17 
2603	3 
2604	18 
2605	40 
2606	13 
2607	3 
2608	42 
2609	1 
2610	34 
2611	35 
2612	8 
2613	21 
2614	22 
2615	8 
2616	3 
2617	3 
2618	42 
2619	40 
2620	40 
2621	3 
2622	1 
2623	11 
2624	11 
2625	42 
2626	40 
2627	12 
2628	15 
2629	11 
2630	13 
2631	7 
2632	8 
2633	36 
2634	1 
2635	8 
2636	17 
2637	5 
2638	20 
2639	11 
2640	4 
2641	23 
2642	3 
2643	3 
2644	3 
2645	11 
2646	30 
2647	2 
2648	42 
2649	1 
2650	35 
2651	16 
2652	3 
2653	11 
2654	1 
2655	22 
2656	8 
2657	8 
2658	11 
2659	40 
2660	35 
2661	3 
2662	40 
2663	3 
2664	3 
2665	5 
2666	17 
2667	36 
2668	3 
2669	32 
2670	23 
2671	11 
2672	40 
2673	1 
2674	5 
2675	30 
2676	43 
2677	8 
2678	13 
2679	36 
2680	16 
2681	3 
2682	13 
2683	1 
2684	38 
2685	28 
2686	3 
2687	3 
2688	30 
2689	10 
2690	7 
2691	4 
2692	38 
2693	29 
2694	17 
2695	11 
2696	8 
2697	10 
2698	11 
2699	41 
2700	23 
2701	13 
2702	22 
2703	11 
2704	1 
2705	10 
2706	18 
2707	30 
2708	42 
2709	36 
2710	42 
2711	42 
2712	40 
2713	30 
2714	11 
2715	5 
2716	8 
2717	14 
2718	3 
2719	22 
2720	1 
2721	12 
2722	3 
2723	23 
2724	16 
2725	6 
2726	28 
2727	42 
2728	1 
2729	30 
2730	3 
2731	17 
2732	40 
2733	6 
2734	15 
2735	30 
2736	42 
2737	8 
2738	2 
2739	23 
2740	35 
2741	41 
2742	16 
2743	1 
2744	36 
2745	38 
2746	1 
2747	7 
2748	42 
2749	4 
2750	13 
2751	7 
2752	3 
2753	34 
2754	4 
2755	22 
2756	23 
2757	30 
2758	11 
2759	42 
2760	5 
2761	36 
2762	36 
2763	40 
2764	8 
2765	22 
2766	30 
2767	2 
2768	40 
2769	16 
2770	39 
2771	20 
2772	36 
2773	43 
2774	18 
2775	17 
2776	8 
2777	7 
2778	8 
2779	21 
2780	42 
2781	22 
2782	22 
2783	8 
2784	30 
2785	7 
2786	23 
2787	40 
2788	12 
2789	42 
2790	43 
2791	38 
2792	36 
2793	30 
2794	36 
2795	42 
2796	8 
2797	30 
2798	3 
2799	40 
2800	42 
2801	40 
2802	8 
2803	23 
2804	14 
2805	36 
2806	1 
2807	3 
2808	1 
2809	10 
2810	35 
2811	11 
2812	8 
2813	3 
2814	1 
2815	42 
2816	8 
2817	22 
2818	22 
2819	11 
2820	11 
2821	3 
2822	30 
2823	40 
2824	30 
2825	12 
2826	40 
2827	3 
2828	43 
2829	1 
2830	17 
2831	40 
2832	8 
2833	36 
2834	35 
2835	11 
2836	22 
2837	8 
2838	30 
2839	17 
2840	22 
2841	8 
2842	40 
2843	2 
2844	30 
2845	9 
2846	1 
2847	14 
2848	8 
2849	36 
2850	8 
2851	11 
2852	36 
2853	11 
2854	3 
2855	28 
2856	8 
2857	3 
2858	8 
2859	6 
2860	12 
2861	7 
2862	23 
2863	35 
2864	8 
2865	36 
2866	13 
2867	1 
2868	23 
2869	13 
2870	25 
2871	4 
2872	11 
2873	35 
2874	6 
2875	4 
2876	42 
2877	3 
2878	21 
2879	23 
2880	3 
2881	17 
2882	8 
2883	1 
2884	1 
2885	30 
2886	1 
2887	1 
2888	5 
2889	5 
2890	11 
2891	3 
2892	1 
2893	36 
2894	1 
2895	23 
2896	42 
2897	6 
2898	22 
2899	36 
2900	23 
2901	21 
2902	23 
2903	38 
2904	40 
2905	3 
2906	14 
2907	22 
2908	21 
2909	11 
2910	1 
2911	30 
2912	3 
2913	8 
2914	3 
2915	11 
2916	3 
2917	28 
2918	30 
2919	11 
2920	25 
2921	3 
2922	8 
2923	10 
2924	11 
2925	1 
2926	19 
2927	22 
2928	1 
2929	17 
2930	20 
2931	11 
2932	11 
2933	23 
2934	17 
2935	11 
2936	42 
2937	35 
2938	3 
2939	35 
2940	13 
2941	42 
2942	28 
2943	17 
2944	30 
2945	30 
2946	8 
2947	31 
2948	11 
2949	23 
2950	3 
2951	23 
2952	11 
2953	11 
2954	16 
2955	11 
2956	42 
2957	12 
2958	19 
2959	23 
2960	12 
2961	40 
2962	40 
2963	8 
2964	22 
2965	19 
2966	32 
2967	35 
2968	22 
2969	34 
2970	1 
2971	23 
2972	36 
2973	40 
2974	1 
2975	42 
2976	14 
2977	13 
2978	35 
2979	11 
2980	3 
2981	11 
2982	11 
2983	11 
2984	30 
2985	14 
2986	30 
2987	22 
2988	8 
2989	21 
2990	14 
2991	40 
2992	43 
2993	8 
2994	12 
2995	8 
2996	13 
2997	6 
2998	3 
2999	42 
3000	40 
3001	36 
3002	1 
3003	8 
3004	35 
3005	14 
3006	1 
3007	36 
3008	1 
3009	15 
3010	23 
3011	8 
3012	22 
3013	7 
3014	11 
3015	14 
3016	16 
3017	22 
3018	11 
3019	30 
3020	22 
3021	17 
3022	40 
3023	8 
3024	42 
3025	22 
3026	42 
3027	6 
3028	7 
3029	42 
3030	12 
3031	42 
3032	40 
3033	12 
3034	22 
3035	3 
3036	6 
3037	42 
3038	8 
3039	12 
3040	19 
3041	23 
3042	22 
3043	12 
3044	30 
3045	12 
3046	5 
3047	1 
3048	30 
3049	42 
3050	12 
3051	5 
3052	8 
3053	14 
3054	42 
3055	8 
3056	12 
3057	2 
3058	22 
3059	5 
3060	30 
3061	3 
3062	30 
3063	39 
3064	23 
3065	4 
3066	18 
3067	36 
3068	8 
3069	5 
3070	42 
3071	8 
3072	20 
3073	17 
3074	7 
3075	12 
3076	40 
3077	11 
3078	15 
3079	11 
3080	17 
3081	8 
3082	21 
3083	34 
3084	8 
3085	1 
3086	42 
3087	11 
3088	22 
3089	17 
3090	3 
3091	17 
3092	42 
3093	42 
3094	8 
3095	11 
3096	8 
3097	42 
3098	42 
3099	40 
3100	42 
3101	42 
3102	8 
3103	8 
3104	40 
3105	42 
3106	35 
3107	1 
3108	8 
3109	4 
3110	17 
3111	42 
3112	42 
3113	11 
3114	42 
3115	1 
3116	36 
3117	2 
3118	14 
3119	11 
3120	11 
3121	12 
3122	39 
3123	30 
3124	6 
3125	35 
3126	35 
3127	40 
3128	11 
3129	5 
3130	8 
3131	8 
3132	23 
3133	42 
3134	1 
3135	5 
3136	4 
3137	43 
3138	40 
3139	11 
3140	22 
3141	13 
3142	23 
3143	11 
3144	15 
3145	40 
3146	8 
3147	1 
3148	8 
3149	1 
3150	30 
3151	39 
3152	42 
3153	30 
3154	8 
3155	42 
3156	15 
3157	1 
3158	8 
3159	8 
3160	3 
3161	5 
3162	14 
3163	8 
3164	35 
3165	11 
3166	11 
3167	35 
3168	30 
3169	8 
3170	25 
3171	11 
3172	8 
3173	8 
3174	30 
3175	43 
3176	16 
3177	11 
3178	40 
3179	23 
3180	35 
3181	35 
3182	1 
3183	6 
3184	30 
3185	6 
3186	8 
3187	42 
3188	8 
3189	40 
3190	36 
3191	1 
3192	36 
3193	19 
3194	17 
3195	43 
3196	42 
3197	32 
3198	8 
3199	35 
3200	42 
3201	12 
3202	23 
3203	35 
3204	12 
3205	8 
3206	42 
3207	40 
3208	16 
3209	12 
3210	32 
3211	11 
3212	35 
3213	17 
3214	3 
3215	5 
3216	8 
3217	34 
3218	23 
3219	40 
3220	26 
3221	1 
3222	7 
3223	36 
3224	11 
3225	35 
3226	40 
3227	11 
3228	30 
3229	8 
3230	22 
3231	13 
3232	11 
3233	42 
3234	23 
3235	1 
3236	8 
3237	38 
3238	5 
3239	29 
3240	35 
3241	3 
3242	35 
3243	3 
3244	32 
3245	36 
3246	34 
3247	22 
3248	7 
3249	40 
3250	8 
3251	11 
3252	30 
3253	30 
3254	40 
3255	30 
3256	1 
3257	12 
3258	1 
3259	35 
3260	42 
3261	40 
3262	3 
3263	8 
3264	35 
3265	23 
3266	23 
3267	30 
3268	13 
3269	8 
3270	30 
3271	11 
3272	13 
3273	42 
3274	7 
3275	1 
3276	42 
3277	36 
3278	30 
3279	8 
3280	4 
3281	35 
3282	3 
3283	8 
3284	6 
3285	3 
3286	30 
3287	10 
3288	30 
3289	35 
3290	11 
3291	43 
3292	6 
3293	42 
3294	42 
3295	36 
3296	3 
3297	3 
3298	23 
3299	26 
3300	29 
3301	11 
3302	42 
3303	23 
3304	15 
3305	17 
3306	23 
3307	20 
3308	3 
3309	23 
3310	12 
3311	8 
3312	8 
3313	40 
3314	23 
3315	35 
3316	15 
3317	3 
3318	36 
3319	8 
3320	8 
3321	12 
3322	11 
3323	3 
3324	16 
3325	8 
3326	11 
3327	36 
3328	21 
3329	1 
3330	19 
3331	1 
3332	30 
3333	8 
3334	36 
3335	11 
3336	40 
3337	11 
3338	23 
3339	30 
3340	16 
3341	5 
3342	8 
3343	30 
3344	42 
3345	40 
3346	22 
3347	1 
3348	6 
3349	12 
3350	1 
3351	40 
3352	6 
3353	11 
3354	1 
3355	22 
3356	11 
3357	42 
3358	22 
3359	23 
3360	22 
3361	8 
3362	40 
3363	13 
3364	22 
3365	23 
3366	20 
3367	8 
3368	15 
3369	1 
3370	11 
3371	36 
3372	11 
3373	40 
3374	8 
3375	3 
3376	30 
3377	3 
3378	22 
3379	1 
3380	7 
3381	42 
3382	11 
3383	23 
3384	30 
3385	22 
3386	3 
3387	42 
3388	1 
3389	42 
3390	35 
3391	30 
3392	36 
3393	8 
3394	40 
3395	3 
3396	3 
3397	15 
3398	11 
3399	5 
3400	17 
3401	42 
3402	1 
3403	15 
3404	22 
3405	35 
3406	42 
3407	15 
3408	8 
3409	10 
3410	19 
3411	8 
3412	1 
3413	42 
3414	3 
3415	11 
3416	8 
3417	13 
3418	11 
3419	42 
3420	8 
3421	8 
3422	3 
3423	36 
3424	3 
3425	36 
3426	8 
3427	35 
3428	39 
3429	30 
3430	42 
3431	7 
3432	22 
3433	11 
3434	7 
3435	18 
3436	11 
3437	19 
3438	34 
3439	21 
3440	8 
3441	12 
3442	23 
3443	11 
3444	21 
3445	17 
3446	35 
3447	3 
3448	12 
3449	5 
3450	11 
3451	2 
3452	40 
3453	11 
3454	40 
3455	1 
3456	30 
3457	36 
3458	1 
3459	22 
3460	23 
3461	3 
3462	21 
3463	13 
3464	11 
3465	22 
3466	17 
3467	36 
3468	11 
3469	23 
3470	5 
3471	11 
3472	30 
3473	7 
3474	34 
3475	36 
3476	4 
3477	6 
3478	22 
3479	42 
3480	8 
3481	1 
3482	15 
3483	5 
3484	8 
3485	3 
3486	42 
3487	36 
3488	36 
3489	17 
3490	39 
3491	22 
3492	17 
3493	3 
3494	36 
3495	16 
3496	1 
3497	30 
3498	22 
3499	14 
3500	42 
3501	42 
3502	42 
3503	8 
3504	11 
3505	1 
3506	5 
3507	23 
3508	1 
3509	22 
3510	22 
3511	3 
3512	8 
3513	30 
3514	35 
3515	11 
3516	35 
3517	38 
3518	6 
3519	40 
3520	22 
3521	11 
3522	35 
3523	42 
3524	36 
3525	10 
3526	11 
3527	5 
3528	21 
3529	30 
3530	4 
3531	8 
3532	10 
3533	10 
3534	3 
3535	30 
3536	10 
3537	19 
3538	8 
3539	17 
3540	8 
3541	3 
3542	3 
3543	23 
3544	3 
3545	8 
3546	43 
3547	12 
3548	23 
3549	3 
3550	30 
3551	3 
3552	8 
3553	30 
3554	36 
3555	17 
3556	42 
3557	42 
3558	10 
3559	11 
3560	36 
3561	3 
3562	7 
3563	11 
3564	40 
3565	8 
3566	5 
3567	35 
3568	3 
3569	12 
3570	2 
3571	10 
3572	1 
3573	36 
3574	42 
3575	30 
3576	30 
3577	11 
3578	42 
3579	3 
3580	30 
3581	8 
3582	17 
3583	35 
3584	42 
3585	40 
3586	22 
3587	35 
3588	12 
3589	42 
3590	3 
3591	1 
3592	15 
3593	1 
3594	6 
3595	36 
3596	11 
3597	42 
3598	23 
3599	29 
3600	40 
3601	6 
3602	11 
3603	34 
3604	36 
3605	42 
3606	11 
3607	16 
3608	30 
3609	1 
3610	30 
3611	8 
3612	3 
3613	36 
3614	42 
3615	1 
3616	30 
3617	4 
3618	12 
3619	36 
3620	5 
3621	16 
3622	8 
3623	42 
3624	29 
3625	1 
3626	16 
3627	11 
3628	43 
3629	2 
3630	8 
3631	8 
3632	40 
3633	22 
3634	15 
3635	17 
3636	30 
3637	8 
3638	36 
3639	1 
3640	19 
3641	3 
3642	13 
3643	40 
3644	6 
3645	1 
3646	1 
3647	12 
3648	30 
3649	5 
3650	18 
3651	14 
3652	40 
3653	17 
3654	22 
3655	14 
3656	23 
3657	16 
3658	3 
3659	42 
3660	42 
3661	1 
3662	17 
3663	36 
3664	36 
3665	22 
3666	1 
3667	3 
3668	1 
3669	3 
3670	36 
3671	8 
3672	7 
3673	36 
3674	6 
3675	3 
3676	40 
3677	10 
3678	3 
3679	30 
3680	8 
3681	11 
3682	6 
3683	32 
3684	1 
3685	35 
3686	42 
3687	35 
3688	23 
3689	8 
3690	43 
3691	17 
3692	30 
3693	11 
3694	11 
3695	40 
3696	23 
3697	2 
3698	36 
3699	36 
3700	12 
3701	42 
3702	14 
3703	19 
3704	40 
3705	11 
3706	23 
3707	1 
3708	11 
3709	23 
3710	3 
3711	11 
3712	8 
3713	34 
3714	1 
3715	7 
3716	30 
3717	42 
3718	42 
3719	11 
3720	42 
3721	36 
3722	11 
3723	11 
3724	12 
3725	35 
3726	11 
3727	40 
3728	30 
3729	35 
3730	6 
3731	30 
3732	11 
3733	42 
3734	3 
3735	22 
3736	11 
3737	30 
3738	30 
3739	8 
3740	30 
3741	32 
3742	8 
3743	22 
3744	35 
3745	40 
3746	1 
3747	40 
3748	23 
3749	36 
3750	22 
3751	3 
3752	36 
3753	21 
3754	35 
3755	40 
3756	23 
3757	28 
3758	10 
3759	42 
3760	22 
3761	11 
3762	4 
3763	8 
3764	36 
3765	11 
3766	35 
3767	5 
3768	8 
3769	32 
3770	8 
3771	11 
3772	8 
3773	8 
3774	22 
3775	38 
3776	40 
3777	6 
3778	38 
3779	8 
3780	30 
3781	40 
3782	12 
3783	8 
3784	1 
3785	36 
3786	8 
3787	36 
3788	35 
3789	36 
3790	8 
3791	21 
3792	1 
3793	35 
3794	17 
3795	10 
3796	8 
3797	30 
3798	30 
3799	8 
3800	11 
3801	40 
3802	23 
3803	12 
3804	14 
3805	16 
3806	43 
3807	1 
3808	22 
3809	6 
3810	36 
3811	18 
3812	39 
3813	3 
3814	42 
3815	3 
3816	17 
3817	3 
3818	40 
3819	8 
3820	11 
3821	42 
3822	36 
3823	40 
3824	13 
3825	36 
3826	2 
3827	42 
3828	5 
3829	11 
3830	35 
3831	11 
3832	3 
3833	30 
3834	1 
3835	3 
3836	30 
3837	1 
3838	23 
3839	42 
3840	30 
3841	3 
3842	8 
3843	23 
3844	42 
3845	8 
3846	7 
3847	8 
3848	10 
3849	16 
3850	36 
3851	23 
3852	23 
3853	10 
3854	4 
3855	1 
3856	3 
3857	40 
3858	10 
3859	35 
3860	1 
3861	8 
3862	8 
3863	7 
3864	3 
3865	23 
3866	6 
3867	3 
3868	35 
3869	23 
3870	8 
3871	3 
3872	22 
3873	13 
3874	8 
3875	43 
3876	42 
3877	30 
3878	36 
3879	30 
3880	10 
3881	40 
3882	32 
3883	11 
3884	10 
3885	12 
3886	4 
3887	35 
3888	23 
3889	11 
3890	3 
3891	35 
3892	40 
3893	3 
3894	30 
3895	39 
3896	3 
3897	11 
3898	8 
3899	22 
3900	30 
3901	5 
3902	30 
3903	11 
3904	22 
3905	1 
3906	8 
3907	35 
3908	13 
3909	12 
3910	11 
3911	1 
3912	42 
3913	32 
3914	43 
3915	35 
3916	40 
3917	11 
3918	42 
3919	35 
3920	30 
3921	11 
3922	3 
3923	12 
3924	19 
3925	36 
3926	22 
3927	11 
3928	42 
3929	30 
3930	8 
3931	12 
3932	3 
3933	42 
3934	19 
3935	1 
3936	7 
3937	11 
3938	2 
3939	8 
3940	35 
3941	1 
3942	35 
3943	30 
3944	5 
3945	11 
3946	21 
3947	11 
3948	23 
3949	6 
3950	36 
3951	13 
3952	11 
3953	15 
3954	10 
3955	13 
3956	20 
3957	42 
3958	1 
3959	36 
3960	12 
3961	8 
3962	35 
3963	17 
3964	6 
3965	42 
3966	8 
3967	11 
3968	30 
3969	36 
3970	8 
3971	30 
3972	3 
3973	5 
3974	30 
3975	17 
3976	35 
3977	32 
3978	16 
3979	8 
3980	30 
3981	8 
3982	23 
3983	34 
3984	35 
3985	1 
3986	40 
3987	12 
3988	35 
3989	8 
3990	42 
3991	42 
3992	13 
3993	3 
3994	32 
3995	4 
3996	17 
3997	1 
3998	11 
3999	7 
4000	40 
4001	43 
4002	42 
4003	13 
4004	30 
4005	30 
4006	8 
4007	1 
4008	30 
4009	38 
4010	11 
4011	42 
4012	7 
4013	12 
4014	22 
4015	30 
4016	35 
4017	11 
4018	15 
4019	3 
4020	40 
4021	8 
4022	8 
4023	7 
4024	35 
4025	1 
4026	1 
4027	11 
4028	40 
4029	17 
4030	40 
4031	13 
4032	30 
4033	17 
4034	23 
4035	1 
4036	3 
4037	42 
4038	40 
4039	30 
4040	40 
4041	36 
4042	8 
4043	22 
4044	12 
4045	1 
4046	8 
4047	1 
4048	6 
4049	42 
4050	11 
4051	30 
4052	8 
4053	8 
4054	11 
4055	35 
4056	8 
4057	42 
4058	1 
4059	42 
4060	42 
4061	20 
4062	35 
4063	5 
4064	16 
4065	30 
4066	19 
4067	5 
4068	42 
4069	3 
4070	8 
4071	22 
4072	42 
4073	36 
4074	1 
4075	10 
4076	3 
4077	6 
4078	42 
4079	8 
4080	1 
4081	1 
4082	42 
4083	35 
4084	30 
4085	23 
4086	23 
4087	8 
4088	11 
4089	11 
4090	35 
4091	30 
4092	22 
4093	17 
4094	4 
4095	40 
4096	11 
4097	7 
4098	22 
4099	36 
4100	42 
4101	40 
4102	8 
4103	11 
4104	23 
4105	36 
4106	8 
4107	30 
4108	23 
4109	30 
4110	10 
4111	13 
4112	40 
4113	1 
4114	30 
4115	3 
4116	19 
4117	12 
4118	5 
4119	13 
4120	36 
4121	42 
4122	30 
4123	39 
4124	36 
4125	8 
4126	8 
4127	12 
4128	3 
4129	36 
4130	5 
4131	3 
4132	1 
4133	23 
4134	11 
4135	11 
4136	30 
4137	10 
4138	35 
4139	42 
4140	11 
4141	21 
4142	30 
4143	3 
4144	36 
4145	30 
4146	23 
4147	22 
4148	23 
4149	8 
4150	22 
4151	22 
4152	30 
4153	40 
4154	42 
4155	30 
4156	1 
4157	12 
4158	23 
4159	36 
4160	11 
4161	17 
4162	30 
4163	38 
4164	11 
4165	2 
4166	35 
4167	8 
4168	19 
4169	40 
4170	23 
4171	8 
4172	1 
4173	42 
4174	42 
4175	3 
4176	8 
4177	8 
4178	1 
4179	21 
4180	42 
4181	17 
4182	12 
4183	36 
4184	22 
4185	3 
4186	23 
4187	39 
4188	3 
4189	36 
4190	1 
4191	17 
4192	11 
4193	8 
4194	23 
4195	40 
4196	12 
4197	36 
4198	1 
4199	1 
4200	42 
4201	8 
4202	36 
4203	42 
4204	15 
4205	36 
4206	3 
4207	6 
4208	8 
4209	40 
4210	3 
4211	36 
4212	1 
4213	11 
4214	19 
4215	14 
4216	8 
4217	40 
4218	36 
4219	11 
4220	40 
4221	6 
4222	12 
4223	30 
4224	5 
4225	11 
4226	12 
4227	40 
4228	35 
4229	32 
4230	12 
4231	2 
4232	36 
4233	8 
4234	3 
4235	40 
4236	23 
4237	17 
4238	40 
4239	4 
4240	42 
4241	3 
4242	42 
4243	30 
4244	16 
4245	12 
4246	42 
4247	8 
4248	3 
4249	1 
4250	36 
4251	11 
4252	30 
4253	43 
4254	1 
4255	42 
4256	42 
4257	5 
4258	5 
4259	40 
4260	40 
4261	30 
4262	11 
4263	11 
4264	8 
4265	11 
4266	30 
4267	6 
4268	21 
4269	40 
4270	40 
4271	40 
4272	6 
4273	36 
4274	40 
4275	2 
4276	11 
4277	13 
4278	1 
4279	23 
4280	42 
4281	1 
4282	11 
4283	39 
4284	21 
4285	11 
4286	36 
4287	3 
4288	6 
4289	11 
4290	3 
4291	22 
4292	35 
4293	14 
4294	22 
4295	35 
4296	23 
4297	23 
4298	3 
4299	40 
4300	3 
4301	42 
4302	3 
4303	1 
4304	17 
4305	43 
4306	3 
4307	1 
4308	23 
4309	8 
4310	30 
4311	8 
4312	1 
4313	35 
4314	8 
4315	3 
4316	36 
4317	40 
4318	36 
4319	42 
4320	36 
4321	38 
4322	43 
4323	35 
4324	11 
4325	40 
4326	1 
4327	3 
4328	11 
4329	23 
4330	30 
4331	42 
4332	36 
4333	30 
4334	23 
4335	6 
4336	23 
4337	8 
4338	11 
4339	1 
4340	8 
4341	32 
4342	3 
4343	42 
4344	10 
4345	6 
4346	34 
4347	11 
4348	36 
4349	23 
4350	43 
4351	11 
4352	13 
4353	35 
4354	36 
4355	30 
4356	19 
4357	42 
4358	42 
4359	23 
4360	42 
4361	30 
4362	11 
4363	21 
4364	5 
4365	5 
4366	22 
4367	30 
4368	6 
4369	30 
4370	22 
4371	30 
4372	1 
4373	11 
4374	22 
4375	13 
4376	35 
4377	35 
4378	40 
4379	1 
4380	40 
4381	40 
4382	1 
4383	12 
4384	11 
4385	11 
4386	42 
4387	42 
4388	11 
4389	8 
4390	3 
4391	22 
4392	40 
4393	6 
4394	12 
4395	19 
4396	40 
4397	2 
4398	11 
4399	43 
4400	3 
4401	8 
4402	42 
4403	12 
4404	30 
4405	11 
4406	15 
4407	16 
4408	11 
4409	11 
4410	30 
4411	22 
4412	5 
4413	2 
4414	22 
4415	11 
4416	36 
4417	36 
4418	2 
4419	40 
4420	11 
4421	36 
4422	8 
4423	8 
4424	22 
4425	17 
4426	11 
4427	22 
4428	8 
4429	16 
4430	17 
4431	4 
4432	36 
4433	5 
4434	13 
4435	17 
4436	11 
4437	36 
4438	6 
4439	30 
4440	30 
4441	5 
4442	21 
4443	11 
4444	3 
4445	36 
4446	35 
4447	1 
4448	12 
4449	11 
4450	11 
4451	23 
4452	14 
4453	11 
4454	5 
4455	30 
4456	42 
4457	23 
4458	30 
4459	23 
4460	6 
4461	8 
4462	8 
4463	1 
4464	23 
4465	21 
4466	23 
4467	30 
4468	40 
4469	17 
4470	15 
4471	8 
4472	11 
4473	8 
4474	3 
4475	8 
4476	13 
4477	40 
4478	36 
4479	8 
4480	3 
4481	5 
4482	38 
4483	40 
4484	3 
4485	40 
4486	10 
4487	11 
4488	8 
4489	8 
4490	35 
4491	42 
4492	23 
4493	16 
4494	11 
4495	8 
4496	8 
4497	12 
4498	42 
4499	36 
4500	14 
4501	40 
4502	11 
4503	22 
4504	23 
4505	11 
4506	23 
4507	35 
4508	35 
4509	1 
4510	22 
4511	36 
4512	36 
4513	8 
4514	14 
4515	35 
4516	36 
4517	5 
4518	3 
4519	36 
4520	7 
4521	42 
4522	42 
4523	36 
4524	17 
4525	3 
4526	11 
4527	36 
4528	2 
4529	40 
4530	8 
4531	8 
4532	36 
4533	42 
4534	1 
4535	42 
4536	8 
4537	8 
4538	1 
4539	30 
4540	2 
4541	11 
4542	17 
4543	42 
4544	23 
4545	42 
4546	23 
4547	34 
4548	8 
4549	22 
4550	16 
4551	36 
4552	12 
4553	42 
4554	1 
4555	40 
4556	3 
4557	5 
4558	3 
4559	8 
4560	8 
4561	8 
4562	3 
4563	3 
4564	3 
4565	11 
4566	14 
4567	43 
4568	36 
4569	17 
4570	35 
4571	3 
4572	8 
4573	1 
4574	3 
4575	1 
4576	11 
4577	35 
4578	8 
4579	23 
4580	42 
4581	13 
4582	3 
4583	14 
4584	7 
4585	30 
4586	22 
4587	1 
4588	3 
4589	36 
4590	11 
4591	10 
4592	11 
4593	40 
4594	35 
4595	21 
4596	7 
4597	23 
4598	19 
4599	23 
4600	22 
4601	3 
4602	11 
4603	30 
4604	21 
4605	36 
4606	22 
4607	8 
4608	8 
4609	22 
4610	5 
4611	11 
4612	8 
4613	36 
4614	22 
4615	40 
4616	15 
4617	11 
4618	40 
4619	40 
4620	42 
4621	8 
4622	1 
4623	23 
4624	1 
4625	11 
4626	30 
4627	22 
4628	36 
4629	11 
4630	42 
4631	40 
4632	8 
4633	13 
4634	8 
4635	30 
4636	35 
4637	40 
4638	30 
4639	12 
4640	13 
4641	42 
4642	6 
4643	40 
4644	30 
4645	12 
4646	40 
4647	42 
4648	12 
4649	3 
4650	8 
4651	1 
4652	42 
4653	23 
4654	3 
4655	17 
4656	36 
4657	21 
4658	42 
4659	36 
4660	12 
4661	8 
4662	30 
4663	22 
4664	12 
4665	11 
4666	10 
4667	8 
4668	36 
4669	40 
4670	42 
4671	1 
4672	3 
4673	23 
4674	11 
4675	23 
4676	42 
4677	21 
4678	23 
4679	14 
4680	8 
4681	12 
4682	42 
4683	3 
4684	40 
4685	3 
4686	14 
4687	13 
4688	3 
4689	11 
4690	5 
4691	17 
4692	1 
4693	36 
4694	5 
4695	40 
4696	5 
4697	11 
4698	36 
4699	10 
4700	8 
4701	17 
4702	3 
4703	1 
4704	35 
4705	8 
4706	1 
4707	22 
4708	30 
4709	42 
4710	40 
4711	3 
4712	13 
4713	10 
4714	6 
4715	3 
4716	42 
4717	23 
4718	17 
4719	17 
4720	42 
4721	42 
4722	36 
4723	21 
4724	17 
4725	12 
4726	11 
4727	23 
4728	36 
4729	42 
4730	11 
4731	3 
4732	40 
4733	21 
4734	40 
4735	1 
4736	1 
4737	8 
4738	6 
4739	17 
4740	1 
4741	8 
4742	40 
4743	42 
4744	12 
4745	21 
4746	6 
4747	12 
4748	42 
4749	11 
4750	8 
4751	35 
4752	8 
4753	36 
4754	35 
4755	22 
4756	3 
4757	21 
4758	40 
4759	42 
4760	30 
4761	22 
4762	30 
4763	30 
4764	6 
4765	3 
4766	23 
4767	3 
4768	17 
4769	3 
4770	8 
4771	1 
4772	12 
4773	3 
4774	1 
4775	42 
4776	11 
4777	36 
4778	11 
4779	36 
4780	22 
4781	8 
4782	42 
4783	36 
4784	42 
4785	22 
4786	12 
4787	8 
4788	17 
4789	3 
4790	42 
4791	40 
4792	11 
4793	5 
4794	8 
4795	42 
4796	11 
4797	11 
4798	40 
4799	3 
4800	5 
4801	3 
4802	22 
4803	42 
4804	23 
4805	1 
4806	11 
4807	36 
4808	3 
4809	12 
4810	3 
4811	35 
4812	40 
4813	23 
4814	35 
4815	36 
4816	3 
4817	11 
4818	1 
4819	36 
4820	8 
4821	35 
4822	1 
4823	40 
4824	1 
4825	3 
4826	42 
4827	8 
4828	8 
4829	8 
4830	23 
4831	1 
4832	17 
4833	23 
4834	1 
4835	12 
4836	42 
4837	11 
4838	30 
4839	8 
4840	8 
4841	22 
4842	30 
4843	8 
4844	36 
4845	8 
4846	36 
4847	23 
4848	12 
4849	35 
4850	42 
4851	30 
4852	11 
4853	3 
4854	3 
4855	40 
4856	40 
4857	1 
4858	30 
4859	42 
4860	11 
4861	8 
4862	8 
4863	1 
4864	30 
4865	12 
4866	11 
4867	1 
4868	11 
4869	23 
4870	30 
4871	42 
4872	42 
4873	22 
4874	8 
4875	11 
4876	40 
4877	3 
4878	36 
4879	8 
4880	3 
4881	40 
4882	11 
4883	3 
4884	1 
4885	36 
4886	23 
4887	22 
4888	8 
4889	3 
4890	40 
4891	3 
4892	40 
4893	23 
4894	36 
4895	11 
4896	12 
4897	1 
4898	1 
4899	11 
4900	30 
4901	8 
4902	36 
4903	11 
4904	23 
4905	11 
4906	8 
4907	42 
4908	42 
4909	30 
4910	35 
4911	3 
4912	1 
4913	8 
4914	42 
4915	8 
4916	1 
4917	8 
4918	42 
4919	35 
4920	12 
4921	12 
4922	3 
4923	42 
4924	30 
4925	40 
4926	42 
4927	12 
4928	8 
4929	1 
4930	23 
4931	8 
4932	3 
4933	1 
4934	8 
4935	30 
4936	42 
4937	22 
4938	11 
4939	36 
4940	40 
4941	35 
4942	30 
4943	3 
4944	30 
4945	23 
4946	11 
4947	30 
4948	11 
4949	23 
4950	11 
4951	1 
4952	40 
4953	11 
4954	36 
4955	8 
4956	23 
4957	42 
4958	42 
4959	36 
4960	42 
4961	3 
4962	3 
4963	8 
4964	36 
4965	11 
4966	36 
4967	40 
4968	42 
4969	3 
4970	36 
4971	11 
4972	11 
4973	40 
4974	11 
4975	11 
4976	8 
4977	42 
4978	3 
4979	30 
4980	3 
4981	36 
4982	42 
4983	8 
4984	1 
4985	11 
4986	1 
4987	40 
4988	30 
4989	1 
4990	30 
4991	3 
4992	11 
4993	42 
4994	11 
4995	8 
4996	1 
4997	1 
4998	8 
4999	42 
5000	1 
