1	26 
2	4 
3	3 
4	22 
5	7 
6	28 
7	2 
8	22 
9	4 
10	12 
11	31 
12	39 
13	2 
14	11 
15	20 
16	11 
17	19 
18	34 
19	31 
20	3 
21	40 
22	24 
23	22 
24	11 
25	18 
26	5 
27	14 
28	36 
29	18 
30	24 
31	30 
32	11 
33	2 
34	3 
35	26 
36	9 
37	1 
38	5 
39	39 
40	28 
41	1 
42	32 
43	2 
44	6 
45	5 
46	6 
47	11 
48	23 
49	6 
50	31 
51	26 
52	19 
53	22 
54	21 
55	15 
56	22 
57	25 
58	26 
59	36 
60	4 
61	21 
62	29 
63	16 
64	32 
65	25 
66	14 
67	23 
68	2 
69	7 
70	5 
71	31 
72	37 
73	29 
74	1 
75	24 
76	35 
77	1 
78	7 
79	5 
80	2 
81	32 
82	33 
83	8 
84	18 
85	29 
86	9 
87	14 
88	3 
89	39 
90	22 
91	7 
92	40 
93	31 
94	11 
95	10 
96	5 
97	32 
98	21 
99	34 
100	31 
101	20 
102	31 
103	29 
104	15 
105	15 
106	15 
107	7 
108	10 
109	11 
110	16 
111	16 
112	38 
113	2 
114	16 
115	32 
116	1 
117	25 
118	28 
119	6 
120	24 
121	37 
122	30 
123	36 
124	20 
125	40 
126	27 
127	24 
128	15 
129	22 
130	10 
131	27 
132	9 
133	6 
134	30 
135	12 
136	14 
137	30 
138	6 
139	15 
140	20 
141	15 
142	28 
143	29 
144	32 
145	28 
146	5 
147	6 
148	38 
149	31 
150	14 
151	26 
152	17 
153	25 
154	37 
155	23 
156	21 
157	27 
158	2 
159	27 
160	20 
161	12 
162	14 
163	32 
164	28 
165	1 
166	1 
167	33 
168	19 
169	38 
170	7 
171	6 
172	12 
173	4 
174	21 
175	28 
176	16 
177	13 
178	39 
179	34 
180	40 
181	6 
182	1 
183	39 
184	5 
185	39 
186	36 
187	38 
188	6 
189	29 
190	24 
191	1 
192	31 
193	12 
194	14 
195	7 
196	23 
197	15 
198	15 
199	31 
200	29 
201	7 
202	14 
203	6 
204	31 
205	2 
206	27 
207	12 
208	30 
209	36 
210	23 
211	25 
212	5 
213	4 
214	29 
215	19 
216	14 
217	5 
218	36 
219	17 
220	2 
221	1 
222	17 
223	8 
224	23 
225	6 
226	22 
227	39 
228	35 
229	33 
230	18 
231	17 
232	15 
233	9 
234	32 
235	30 
236	29 
237	11 
238	2 
239	10 
240	6 
241	22 
242	1 
243	40 
244	27 
245	1 
246	37 
247	28 
248	5 
249	34 
250	20 
251	22 
252	34 
253	18 
254	27 
255	18 
256	14 
257	14 
258	34 
259	26 
260	23 
261	33 
262	27 
263	29 
264	38 
265	37 
266	18 
267	14 
268	32 
269	11 
270	38 
271	28 
272	28 
273	11 
274	39 
275	1 
276	25 
277	27 
278	40 
279	30 
280	13 
281	27 
282	8 
283	25 
284	39 
285	11 
286	38 
287	11 
288	23 
289	21 
290	6 
291	1 
292	1 
293	21 
294	33 
295	10 
296	8 
297	14 
298	39 
299	4 
300	26 
301	18 
302	34 
303	37 
304	19 
305	31 
306	1 
307	12 
308	7 
309	4 
310	11 
311	28 
312	5 
313	15 
314	17 
315	36 
316	38 
317	12 
318	26 
319	35 
320	12 
321	19 
322	29 
323	12 
324	11 
325	17 
326	6 
327	37 
328	10 
329	11 
330	14 
331	39 
332	7 
333	9 
334	15 
335	30 
336	2 
337	37 
338	21 
339	21 
340	32 
341	27 
342	4 
343	4 
344	33 
345	10 
346	3 
347	4 
348	10 
349	36 
350	32 
351	2 
352	4 
353	17 
354	21 
355	16 
356	27 
357	34 
358	31 
359	14 
360	38 
361	34 
362	26 
363	26 
364	35 
365	34 
366	28 
367	28 
368	14 
369	39 
370	23 
371	2 
372	28 
373	32 
374	35 
375	6 
376	5 
377	30 
378	35 
379	9 
380	40 
381	34 
382	21 
383	37 
384	37 
385	23 
386	22 
387	23 
388	23 
389	29 
390	12 
391	39 
392	23 
393	37 
394	21 
395	2 
396	20 
397	18 
398	13 
399	36 
400	7 
401	7 
402	10 
403	30 
404	12 
405	12 
406	35 
407	36 
408	34 
409	10 
410	10 
411	5 
412	35 
413	25 
414	8 
415	4 
416	4 
417	1 
418	23 
419	6 
420	32 
421	17 
422	24 
423	30 
424	39 
425	7 
426	23 
427	33 
428	5 
429	6 
430	5 
431	37 
432	31 
433	14 
434	19 
435	16 
436	29 
437	9 
438	15 
439	35 
440	25 
441	21 
442	7 
443	35 
444	21 
445	28 
446	24 
447	36 
448	17 
449	5 
450	6 
451	9 
452	19 
453	1 
454	14 
455	12 
456	27 
457	21 
458	10 
459	27 
460	27 
461	15 
462	36 
463	5 
464	6 
465	19 
466	9 
467	21 
468	11 
469	25 
470	29 
471	24 
472	21 
473	2 
474	4 
475	2 
476	15 
477	15 
478	15 
479	28 
480	28 
481	28 
482	40 
483	34 
484	23 
485	30 
486	16 
487	14 
488	14 
489	9 
490	35 
491	23 
492	4 
493	17 
494	26 
495	18 
496	16 
497	23 
498	13 
499	4 
500	10 
501	7 
502	34 
503	34 
504	5 
505	15 
506	3 
507	14 
508	38 
509	36 
510	3 
511	26 
512	34 
513	22 
514	26 
515	38 
516	34 
517	33 
518	17 
519	22 
520	5 
521	38 
522	38 
523	19 
524	33 
525	34 
526	24 
527	13 
528	30 
529	29 
530	6 
531	36 
532	21 
533	16 
534	19 
535	15 
536	33 
537	18 
538	31 
539	27 
540	38 
541	26 
542	13 
543	7 
544	25 
545	2 
546	25 
547	39 
548	28 
549	15 
550	16 
551	32 
552	30 
553	23 
554	11 
555	38 
556	27 
557	8 
558	22 
559	20 
560	31 
561	25 
562	25 
563	14 
564	1 
565	34 
566	3 
567	20 
568	8 
569	4 
570	1 
571	15 
572	18 
573	37 
574	5 
575	5 
576	15 
577	36 
578	24 
579	7 
580	7 
581	1 
582	4 
583	23 
584	14 
585	21 
586	8 
587	30 
588	37 
589	38 
590	13 
591	34 
592	16 
593	33 
594	29 
595	27 
596	1 
597	29 
598	25 
599	11 
600	7 
601	10 
602	34 
603	26 
604	10 
605	12 
606	6 
607	22 
608	23 
609	7 
610	31 
611	21 
612	1 
613	13 
614	25 
615	22 
616	13 
617	24 
618	14 
619	5 
620	1 
621	23 
622	27 
623	8 
624	29 
625	36 
626	30 
627	13 
628	25 
629	34 
630	1 
631	9 
632	10 
633	13 
634	10 
635	33 
636	21 
637	36 
638	31 
639	24 
640	35 
641	30 
642	38 
643	7 
644	35 
645	24 
646	3 
647	5 
648	29 
649	22 
650	7 
651	22 
652	11 
653	6 
654	14 
655	20 
656	38 
657	34 
658	26 
659	6 
660	20 
661	11 
662	7 
663	19 
664	10 
665	31 
666	2 
667	9 
668	38 
669	36 
670	4 
671	1 
672	11 
673	27 
674	40 
675	27 
676	28 
677	36 
678	19 
679	14 
680	25 
681	36 
682	8 
683	4 
684	15 
685	16 
686	27 
687	22 
688	23 
689	12 
690	9 
691	26 
692	28 
693	26 
694	6 
695	32 
696	21 
697	16 
698	33 
699	1 
700	15 
701	32 
702	18 
703	35 
704	26 
705	33 
706	14 
707	12 
708	4 
709	36 
710	36 
711	38 
712	29 
713	32 
714	14 
715	4 
716	4 
717	28 
718	18 
719	3 
720	17 
721	34 
722	12 
723	12 
724	6 
725	7 
726	18 
727	1 
728	20 
729	35 
730	28 
731	23 
732	7 
733	14 
734	4 
735	33 
736	17 
737	10 
738	39 
739	23 
740	33 
741	34 
742	11 
743	26 
744	13 
745	22 
746	39 
747	11 
748	34 
749	2 
750	11 
751	28 
752	39 
753	39 
754	25 
755	8 
756	27 
757	5 
758	2 
759	6 
760	2 
761	7 
762	18 
763	20 
764	35 
765	17 
766	16 
767	18 
768	2 
769	36 
770	12 
771	40 
772	29 
773	16 
774	6 
775	14 
776	4 
777	22 
778	18 
779	29 
780	29 
781	24 
782	8 
783	9 
784	19 
785	28 
786	7 
787	23 
788	33 
789	17 
790	7 
791	20 
792	2 
793	3 
794	28 
795	31 
796	29 
797	9 
798	5 
799	18 
800	29 
801	28 
802	26 
803	29 
804	29 
805	40 
806	7 
807	10 
808	19 
809	32 
810	35 
811	39 
812	11 
813	25 
814	3 
815	31 
816	33 
817	15 
818	24 
819	23 
820	26 
821	30 
822	13 
823	10 
824	2 
825	19 
826	3 
827	4 
828	16 
829	14 
830	30 
831	10 
832	31 
833	6 
834	23 
835	40 
836	17 
837	6 
838	15 
839	29 
840	10 
841	15 
842	27 
843	29 
844	7 
845	25 
846	34 
847	25 
848	29 
849	35 
850	10 
851	23 
852	4 
853	32 
854	23 
855	36 
856	9 
857	22 
858	7 
859	4 
860	18 
861	7 
862	23 
863	33 
864	7 
865	14 
866	32 
867	34 
868	10 
869	25 
870	10 
871	30 
872	25 
873	31 
874	2 
875	20 
876	13 
877	3 
878	17 
879	38 
880	2 
881	38 
882	2 
883	19 
884	11 
885	35 
886	30 
887	28 
888	2 
889	32 
890	25 
891	2 
892	12 
893	1 
894	23 
895	22 
896	18 
897	22 
898	31 
899	27 
900	10 
901	35 
902	36 
903	2 
904	13 
905	24 
906	15 
907	20 
908	40 
909	28 
910	29 
911	19 
912	32 
913	14 
914	6 
915	2 
916	37 
917	3 
918	32 
919	6 
920	34 
921	15 
922	9 
923	29 
924	36 
925	10 
926	40 
927	13 
928	36 
929	33 
930	6 
931	6 
932	28 
933	33 
934	5 
935	14 
936	28 
937	14 
938	34 
939	3 
940	40 
941	35 
942	6 
943	26 
944	26 
945	11 
946	40 
947	23 
948	24 
949	36 
950	8 
951	27 
952	10 
953	29 
954	11 
955	20 
956	8 
957	32 
958	29 
959	6 
960	32 
961	3 
962	33 
963	19 
964	15 
965	27 
966	24 
967	24 
968	14 
969	9 
970	7 
971	5 
972	31 
973	1 
974	29 
975	7 
976	6 
977	10 
978	2 
979	22 
980	22 
981	32 
982	12 
983	37 
984	15 
985	31 
986	12 
987	40 
988	6 
989	20 
990	18 
991	2 
992	12 
993	29 
994	17 
995	25 
996	13 
997	18 
998	40 
999	27 
1000	40 
1001	40 
1002	26 
1003	40 
1004	39 
1005	21 
1006	27 
1007	26 
1008	31 
1009	34 
1010	34 
1011	4 
1012	27 
1013	19 
1014	22 
1015	13 
1016	9 
1017	3 
1018	23 
1019	14 
1020	30 
1021	25 
1022	11 
1023	35 
1024	11 
1025	23 
1026	18 
1027	1 
1028	24 
1029	22 
1030	34 
1031	37 
1032	14 
1033	5 
1034	8 
1035	33 
1036	1 
1037	22 
1038	36 
1039	21 
1040	16 
1041	7 
1042	27 
1043	30 
1044	15 
1045	36 
1046	25 
1047	13 
1048	5 
1049	3 
1050	38 
1051	38 
1052	38 
1053	9 
1054	24 
1055	2 
1056	35 
1057	1 
1058	12 
1059	14 
1060	1 
1061	25 
1062	30 
1063	9 
1064	22 
1065	5 
1066	20 
1067	35 
1068	3 
1069	2 
1070	1 
1071	27 
1072	6 
1073	22 
1074	5 
1075	5 
1076	4 
1077	21 
1078	8 
1079	6 
1080	12 
1081	3 
1082	3 
1083	28 
1084	15 
1085	27 
1086	1 
1087	29 
1088	33 
1089	21 
1090	13 
1091	11 
1092	7 
1093	40 
1094	22 
1095	23 
1096	6 
1097	2 
1098	24 
1099	7 
1100	12 
1101	11 
1102	25 
1103	34 
1104	12 
1105	23 
1106	12 
1107	3 
1108	36 
1109	10 
1110	36 
1111	36 
1112	1 
1113	5 
1114	23 
1115	1 
1116	10 
1117	2 
1118	11 
1119	5 
1120	28 
1121	28 
1122	5 
1123	23 
1124	15 
1125	25 
1126	15 
1127	30 
1128	40 
1129	37 
1130	26 
1131	32 
1132	31 
1133	30 
1134	3 
1135	7 
1136	1 
1137	32 
1138	22 
1139	38 
1140	28 
1141	17 
1142	23 
1143	32 
1144	19 
1145	34 
1146	15 
1147	18 
1148	19 
1149	19 
1150	24 
1151	32 
1152	21 
1153	8 
1154	13 
1155	33 
1156	31 
1157	39 
1158	5 
1159	28 
1160	22 
1161	31 
1162	34 
1163	25 
1164	10 
1165	35 
1166	35 
1167	10 
1168	10 
1169	21 
1170	28 
1171	1 
1172	33 
1173	10 
1174	8 
1175	29 
1176	37 
1177	9 
1178	5 
1179	14 
1180	5 
1181	1 
1182	8 
1183	7 
1184	34 
1185	28 
1186	6 
1187	7 
1188	7 
1189	34 
1190	16 
1191	21 
1192	15 
1193	27 
1194	21 
1195	8 
1196	8 
1197	31 
1198	9 
1199	11 
1200	13 
1201	34 
1202	36 
1203	12 
1204	2 
1205	36 
1206	38 
1207	7 
1208	21 
1209	5 
1210	29 
1211	11 
1212	20 
1213	14 
1214	1 
1215	1 
1216	32 
1217	39 
1218	29 
1219	40 
1220	1 
1221	3 
1222	31 
1223	14 
1224	25 
1225	35 
1226	37 
1227	18 
1228	21 
1229	34 
1230	28 
1231	1 
1232	3 
1233	5 
1234	36 
1235	11 
1236	7 
1237	27 
1238	5 
1239	35 
1240	21 
1241	14 
1242	20 
1243	23 
1244	5 
1245	26 
1246	21 
1247	25 
1248	38 
1249	25 
1250	38 
1251	2 
1252	31 
1253	27 
1254	37 
1255	11 
1256	25 
1257	1 
1258	5 
1259	24 
1260	29 
1261	8 
1262	32 
1263	31 
1264	7 
1265	23 
1266	30 
1267	7 
1268	10 
1269	29 
1270	26 
1271	2 
1272	7 
1273	28 
1274	5 
1275	21 
1276	5 
1277	10 
1278	36 
1279	39 
1280	24 
1281	29 
1282	33 
1283	5 
1284	10 
1285	26 
1286	26 
1287	33 
1288	19 
1289	26 
1290	33 
1291	9 
1292	16 
1293	16 
1294	20 
1295	11 
1296	21 
1297	14 
1298	35 
1299	7 
1300	30 
1301	1 
1302	8 
1303	31 
1304	36 
1305	31 
1306	24 
1307	37 
1308	11 
1309	19 
1310	19 
1311	31 
1312	27 
1313	39 
1314	8 
1315	18 
1316	29 
1317	14 
1318	3 
1319	27 
1320	38 
1321	2 
1322	10 
1323	24 
1324	33 
1325	25 
1326	5 
1327	10 
1328	27 
1329	23 
1330	8 
1331	34 
1332	28 
1333	8 
1334	19 
1335	39 
1336	22 
1337	31 
1338	24 
1339	29 
1340	33 
1341	22 
1342	6 
1343	24 
1344	36 
1345	32 
1346	24 
1347	30 
1348	15 
1349	7 
1350	8 
1351	30 
1352	35 
1353	7 
1354	7 
1355	21 
1356	23 
1357	19 
1358	25 
1359	33 
1360	1 
1361	40 
1362	22 
1363	11 
1364	16 
1365	26 
1366	36 
1367	7 
1368	33 
1369	27 
1370	18 
1371	11 
1372	9 
1373	31 
1374	18 
1375	37 
1376	16 
1377	11 
1378	25 
1379	10 
1380	31 
1381	28 
1382	37 
1383	29 
1384	11 
1385	4 
1386	9 
1387	33 
1388	12 
1389	7 
1390	13 
1391	11 
1392	5 
1393	8 
1394	8 
1395	27 
1396	7 
1397	2 
1398	28 
1399	12 
1400	14 
1401	14 
1402	21 
1403	13 
1404	9 
1405	28 
1406	11 
1407	22 
1408	14 
1409	10 
1410	16 
1411	19 
1412	28 
1413	7 
1414	19 
1415	6 
1416	26 
1417	22 
1418	29 
1419	35 
1420	13 
1421	2 
1422	23 
1423	11 
1424	6 
1425	39 
1426	14 
1427	19 
1428	16 
1429	35 
1430	28 
1431	5 
1432	20 
1433	23 
1434	28 
1435	9 
1436	6 
1437	18 
1438	7 
1439	39 
1440	20 
1441	34 
1442	22 
1443	24 
1444	19 
1445	8 
1446	10 
1447	9 
1448	8 
1449	10 
1450	13 
1451	20 
1452	19 
1453	12 
1454	36 
1455	5 
1456	34 
1457	3 
1458	8 
1459	34 
1460	17 
1461	29 
1462	29 
1463	23 
1464	8 
1465	33 
1466	21 
1467	31 
1468	15 
1469	7 
1470	40 
1471	36 
1472	33 
1473	29 
1474	6 
1475	32 
1476	4 
1477	31 
1478	36 
1479	24 
1480	25 
1481	18 
1482	11 
1483	19 
1484	9 
1485	32 
1486	4 
1487	6 
1488	23 
1489	39 
1490	2 
1491	30 
1492	6 
1493	21 
1494	39 
1495	15 
1496	20 
1497	25 
1498	24 
1499	12 
1500	9 
1501	1 
1502	25 
1503	16 
1504	37 
1505	20 
1506	30 
1507	1 
1508	28 
1509	31 
1510	29 
1511	1 
1512	15 
1513	34 
1514	34 
1515	36 
1516	8 
1517	10 
1518	16 
1519	4 
1520	23 
1521	23 
1522	8 
1523	26 
1524	5 
1525	22 
1526	40 
1527	30 
1528	12 
1529	17 
1530	13 
1531	34 
1532	28 
1533	32 
1534	33 
1535	2 
1536	15 
1537	28 
1538	28 
1539	31 
1540	7 
1541	28 
1542	2 
1543	24 
1544	29 
1545	27 
1546	1 
1547	34 
1548	38 
1549	18 
1550	23 
1551	7 
1552	13 
1553	16 
1554	27 
1555	20 
1556	30 
1557	28 
1558	38 
1559	1 
1560	32 
1561	12 
1562	31 
1563	39 
1564	25 
1565	34 
1566	21 
1567	31 
1568	15 
1569	29 
1570	19 
1571	5 
1572	27 
1573	9 
1574	23 
1575	21 
1576	39 
1577	32 
1578	4 
1579	6 
1580	20 
1581	5 
1582	25 
1583	8 
1584	35 
1585	31 
1586	10 
1587	25 
1588	24 
1589	22 
1590	7 
1591	5 
1592	7 
1593	38 
1594	14 
1595	4 
1596	27 
1597	9 
1598	11 
1599	20 
1600	19 
1601	19 
1602	4 
1603	5 
1604	34 
1605	38 
1606	3 
1607	8 
1608	36 
1609	40 
1610	34 
1611	16 
1612	31 
1613	17 
1614	21 
1615	16 
1616	27 
1617	37 
1618	40 
1619	15 
1620	22 
1621	34 
1622	27 
1623	33 
1624	11 
1625	4 
1626	25 
1627	29 
1628	38 
1629	39 
1630	34 
1631	4 
1632	20 
1633	20 
1634	33 
1635	13 
1636	16 
1637	29 
1638	26 
1639	40 
1640	38 
1641	24 
1642	6 
1643	31 
1644	20 
1645	32 
1646	3 
1647	29 
1648	5 
1649	33 
1650	9 
1651	13 
1652	20 
1653	33 
1654	27 
1655	24 
1656	11 
1657	3 
1658	29 
1659	23 
1660	28 
1661	7 
1662	10 
1663	9 
1664	14 
1665	29 
1666	5 
1667	22 
1668	3 
1669	5 
1670	23 
1671	20 
1672	23 
1673	36 
1674	25 
1675	28 
1676	38 
1677	30 
1678	15 
1679	35 
1680	6 
1681	14 
1682	14 
1683	31 
1684	19 
1685	28 
1686	8 
1687	33 
1688	33 
1689	1 
1690	18 
1691	33 
1692	7 
1693	38 
1694	7 
1695	36 
1696	2 
1697	22 
1698	23 
1699	8 
1700	40 
1701	22 
1702	15 
1703	2 
1704	12 
1705	34 
1706	24 
1707	36 
1708	6 
1709	6 
1710	7 
1711	33 
1712	8 
1713	35 
1714	15 
1715	20 
1716	38 
1717	33 
1718	16 
1719	29 
1720	6 
1721	37 
1722	28 
1723	13 
1724	25 
1725	21 
1726	18 
1727	7 
1728	37 
1729	11 
1730	34 
1731	10 
1732	10 
1733	40 
1734	17 
1735	40 
1736	26 
1737	10 
1738	22 
1739	9 
1740	5 
1741	5 
1742	34 
1743	7 
1744	4 
1745	33 
1746	18 
1747	26 
1748	2 
1749	9 
1750	29 
1751	39 
1752	7 
1753	7 
1754	21 
1755	25 
1756	6 
1757	23 
1758	6 
1759	32 
1760	11 
1761	14 
1762	6 
1763	27 
1764	7 
1765	10 
1766	24 
1767	21 
1768	7 
1769	37 
1770	4 
1771	9 
1772	34 
1773	19 
1774	14 
1775	32 
1776	39 
1777	8 
1778	32 
1779	28 
1780	17 
1781	21 
1782	14 
1783	34 
1784	17 
1785	8 
1786	14 
1787	38 
1788	32 
1789	34 
1790	28 
1791	21 
1792	2 
1793	4 
1794	10 
1795	15 
1796	36 
1797	35 
1798	6 
1799	28 
1800	22 
1801	14 
1802	21 
1803	12 
1804	2 
1805	9 
1806	22 
1807	22 
1808	1 
1809	7 
1810	22 
1811	22 
1812	35 
1813	6 
1814	9 
1815	17 
1816	6 
1817	38 
1818	28 
1819	11 
1820	18 
1821	25 
1822	31 
1823	10 
1824	3 
1825	16 
1826	17 
1827	14 
1828	34 
1829	5 
1830	6 
1831	34 
1832	34 
1833	40 
1834	27 
1835	28 
1836	29 
1837	40 
1838	16 
1839	17 
1840	14 
1841	5 
1842	1 
1843	40 
1844	19 
1845	10 
1846	21 
1847	5 
1848	21 
1849	27 
1850	37 
1851	34 
1852	29 
1853	28 
1854	10 
1855	28 
1856	3 
1857	30 
1858	27 
1859	29 
1860	26 
1861	4 
1862	3 
1863	21 
1864	15 
1865	11 
1866	23 
1867	23 
1868	18 
1869	37 
1870	16 
1871	39 
1872	3 
1873	30 
1874	1 
1875	27 
1876	19 
1877	14 
1878	32 
1879	25 
1880	37 
1881	10 
1882	21 
1883	15 
1884	9 
1885	27 
1886	20 
1887	16 
1888	26 
1889	38 
1890	35 
1891	1 
1892	10 
1893	5 
1894	24 
1895	2 
1896	1 
1897	8 
1898	40 
1899	2 
1900	17 
1901	22 
1902	9 
1903	12 
1904	22 
1905	35 
1906	31 
1907	32 
1908	7 
1909	27 
1910	20 
1911	4 
1912	25 
1913	9 
1914	16 
1915	11 
1916	20 
1917	35 
1918	9 
1919	5 
1920	19 
1921	2 
1922	19 
1923	17 
1924	27 
1925	11 
1926	5 
1927	8 
1928	22 
1929	37 
1930	22 
1931	36 
1932	32 
1933	22 
1934	3 
1935	25 
1936	16 
1937	1 
1938	3 
1939	10 
1940	5 
1941	11 
1942	38 
1943	19 
1944	25 
1945	21 
1946	39 
1947	32 
1948	28 
1949	35 
1950	5 
1951	21 
1952	5 
1953	22 
1954	14 
1955	39 
1956	29 
1957	9 
1958	31 
1959	21 
1960	3 
1961	38 
1962	23 
1963	14 
1964	4 
1965	13 
1966	35 
1967	35 
1968	19 
1969	15 
1970	23 
1971	35 
1972	17 
1973	29 
1974	23 
1975	14 
1976	2 
1977	33 
1978	16 
1979	17 
1980	10 
1981	10 
1982	10 
1983	20 
1984	38 
1985	4 
1986	19 
1987	14 
1988	8 
1989	18 
1990	19 
1991	21 
1992	14 
1993	7 
1994	23 
1995	26 
1996	33 
1997	29 
1998	40 
1999	24 
2000	22 
2001	10 
2002	12 
2003	2 
2004	21 
2005	14 
2006	18 
2007	23 
2008	32 
2009	22 
2010	35 
2011	23 
2012	27 
2013	14 
2014	34 
2015	35 
2016	21 
2017	15 
2018	19 
2019	20 
2020	32 
2021	23 
2022	21 
2023	24 
2024	6 
2025	5 
2026	12 
2027	13 
2028	7 
2029	20 
2030	27 
2031	8 
2032	28 
2033	11 
2034	11 
2035	1 
2036	17 
2037	17 
2038	11 
2039	35 
2040	36 
2041	28 
2042	23 
2043	13 
2044	31 
2045	14 
2046	5 
2047	23 
2048	26 
2049	16 
2050	39 
2051	25 
2052	8 
2053	16 
2054	30 
2055	14 
2056	33 
2057	10 
2058	6 
2059	6 
2060	19 
2061	34 
2062	11 
2063	6 
2064	10 
2065	40 
2066	23 
2067	31 
2068	14 
2069	5 
2070	18 
2071	21 
2072	18 
2073	40 
2074	8 
2075	9 
2076	15 
2077	11 
2078	28 
2079	15 
2080	5 
2081	10 
2082	36 
2083	23 
2084	14 
2085	29 
2086	5 
2087	24 
2088	3 
2089	34 
2090	28 
2091	23 
2092	27 
2093	29 
2094	15 
2095	31 
2096	22 
2097	30 
2098	18 
2099	17 
2100	9 
2101	36 
2102	23 
2103	6 
2104	7 
2105	27 
2106	15 
2107	36 
2108	34 
2109	10 
2110	23 
2111	25 
2112	26 
2113	28 
2114	19 
2115	14 
2116	2 
2117	26 
2118	40 
2119	22 
2120	1 
2121	32 
2122	4 
2123	4 
2124	19 
2125	14 
2126	20 
2127	11 
2128	34 
2129	23 
2130	23 
2131	2 
2132	14 
2133	34 
2134	27 
2135	28 
2136	40 
2137	5 
2138	11 
2139	11 
2140	18 
2141	29 
2142	21 
2143	18 
2144	23 
2145	15 
2146	35 
2147	35 
2148	2 
2149	2 
2150	36 
2151	8 
2152	5 
2153	6 
2154	15 
2155	8 
2156	27 
2157	37 
2158	33 
2159	26 
2160	17 
2161	5 
2162	1 
2163	1 
2164	32 
2165	18 
2166	28 
2167	2 
2168	7 
2169	6 
2170	35 
2171	23 
2172	11 
2173	10 
2174	8 
2175	7 
2176	31 
2177	17 
2178	3 
2179	34 
2180	4 
2181	34 
2182	10 
2183	3 
2184	8 
2185	5 
2186	37 
2187	17 
2188	16 
2189	6 
2190	18 
2191	12 
2192	16 
2193	36 
2194	10 
2195	2 
2196	17 
2197	28 
2198	5 
2199	27 
2200	7 
2201	9 
2202	6 
2203	23 
2204	2 
2205	25 
2206	38 
2207	26 
2208	14 
2209	37 
2210	21 
2211	30 
2212	30 
2213	27 
2214	38 
2215	20 
2216	27 
2217	22 
2218	23 
2219	35 
2220	12 
2221	34 
2222	17 
2223	2 
2224	24 
2225	25 
2226	1 
2227	23 
2228	36 
2229	35 
2230	20 
2231	22 
2232	28 
2233	40 
2234	25 
2235	35 
2236	15 
2237	20 
2238	5 
2239	35 
2240	32 
2241	29 
2242	37 
2243	21 
2244	16 
2245	34 
2246	17 
2247	2 
2248	39 
2249	33 
2250	24 
2251	8 
2252	31 
2253	22 
2254	37 
2255	3 
2256	26 
2257	38 
2258	23 
2259	2 
2260	33 
2261	5 
2262	32 
2263	8 
2264	10 
2265	15 
2266	28 
2267	30 
2268	12 
2269	23 
2270	34 
2271	18 
2272	39 
2273	27 
2274	7 
2275	22 
2276	10 
2277	3 
2278	10 
2279	10 
2280	28 
2281	34 
2282	39 
2283	14 
2284	32 
2285	20 
2286	37 
2287	5 
2288	11 
2289	11 
2290	24 
2291	10 
2292	20 
2293	9 
2294	23 
2295	35 
2296	23 
2297	34 
2298	14 
2299	27 
2300	2 
2301	13 
2302	18 
2303	11 
2304	17 
2305	18 
2306	29 
2307	11 
2308	31 
2309	33 
2310	39 
2311	21 
2312	23 
2313	30 
2314	38 
2315	33 
2316	29 
2317	35 
2318	11 
2319	25 
2320	11 
2321	11 
2322	16 
2323	11 
2324	12 
2325	38 
2326	34 
2327	5 
2328	33 
2329	7 
2330	25 
2331	15 
2332	34 
2333	10 
2334	1 
2335	23 
2336	33 
2337	6 
2338	39 
2339	1 
2340	17 
2341	37 
2342	33 
2343	1 
2344	31 
2345	29 
2346	22 
2347	5 
2348	6 
2349	35 
2350	22 
2351	21 
2352	14 
2353	12 
2354	38 
2355	29 
2356	7 
2357	11 
2358	10 
2359	34 
2360	1 
2361	39 
2362	13 
2363	6 
2364	13 
2365	25 
2366	17 
2367	22 
2368	36 
2369	6 
2370	5 
2371	20 
2372	39 
2373	13 
2374	27 
2375	18 
2376	30 
2377	13 
2378	7 
2379	10 
2380	1 
2381	11 
2382	1 
2383	23 
2384	10 
2385	32 
2386	16 
2387	14 
2388	34 
2389	26 
2390	40 
2391	26 
2392	39 
2393	13 
2394	18 
2395	20 
2396	7 
2397	12 
2398	4 
2399	30 
2400	22 
2401	27 
2402	3 
2403	5 
2404	20 
2405	21 
2406	23 
2407	6 
2408	29 
2409	15 
2410	14 
2411	11 
2412	36 
2413	2 
2414	10 
2415	8 
2416	14 
2417	2 
2418	7 
2419	7 
2420	3 
2421	28 
2422	5 
2423	31 
2424	8 
2425	1 
2426	33 
2427	11 
2428	24 
2429	14 
2430	34 
2431	9 
2432	26 
2433	28 
2434	26 
2435	12 
2436	19 
2437	2 
2438	12 
2439	23 
2440	16 
2441	32 
2442	34 
2443	40 
2444	2 
2445	28 
2446	37 
2447	10 
2448	23 
2449	11 
2450	25 
2451	35 
2452	37 
2453	28 
2454	26 
2455	7 
2456	10 
2457	34 
2458	6 
2459	28 
2460	29 
2461	38 
2462	10 
2463	34 
2464	29 
2465	22 
2466	23 
2467	8 
2468	10 
2469	9 
2470	20 
2471	6 
2472	10 
2473	23 
2474	17 
2475	28 
2476	34 
2477	16 
2478	24 
2479	38 
2480	34 
2481	14 
2482	30 
2483	11 
2484	29 
2485	27 
2486	16 
2487	22 
2488	34 
2489	9 
2490	15 
2491	31 
2492	27 
2493	22 
2494	23 
2495	34 
2496	7 
2497	40 
2498	2 
2499	38 
2500	15 
2501	20 
2502	2 
2503	37 
2504	3 
2505	25 
2506	4 
2507	9 
2508	13 
2509	5 
2510	24 
2511	26 
2512	25 
2513	10 
2514	35 
2515	38 
2516	34 
2517	7 
2518	17 
2519	24 
2520	30 
2521	34 
2522	14 
2523	40 
2524	29 
2525	30 
2526	10 
2527	25 
2528	4 
2529	34 
2530	27 
2531	27 
2532	8 
2533	7 
2534	7 
2535	35 
2536	32 
2537	10 
2538	12 
2539	29 
2540	14 
2541	35 
2542	14 
2543	1 
2544	38 
2545	11 
2546	37 
2547	15 
2548	14 
2549	10 
2550	26 
2551	14 
2552	34 
2553	19 
2554	21 
2555	35 
2556	19 
2557	27 
2558	16 
2559	25 
2560	40 
2561	29 
2562	11 
2563	14 
2564	11 
2565	22 
2566	34 
2567	28 
2568	4 
2569	26 
2570	2 
2571	14 
2572	28 
2573	1 
2574	23 
2575	23 
2576	25 
2577	37 
2578	20 
2579	7 
2580	6 
2581	36 
2582	38 
2583	18 
2584	4 
2585	18 
2586	37 
2587	2 
2588	14 
2589	5 
2590	19 
2591	24 
2592	6 
2593	27 
2594	23 
2595	6 
2596	13 
2597	37 
2598	21 
2599	3 
2600	27 
2601	33 
2602	36 
2603	17 
2604	8 
2605	11 
2606	5 
2607	18 
2608	23 
2609	2 
2610	8 
2611	30 
2612	7 
2613	4 
2614	29 
2615	21 
2616	40 
2617	19 
2618	14 
2619	17 
2620	15 
2621	22 
2622	15 
2623	38 
2624	5 
2625	10 
2626	27 
2627	5 
2628	10 
2629	30 
2630	36 
2631	30 
2632	12 
2633	2 
2634	15 
2635	29 
2636	23 
2637	20 
2638	38 
2639	38 
2640	10 
2641	4 
2642	33 
2643	17 
2644	39 
2645	22 
2646	3 
2647	3 
2648	34 
2649	10 
2650	34 
2651	4 
2652	3 
2653	21 
2654	24 
2655	1 
2656	12 
2657	26 
2658	11 
2659	20 
2660	1 
2661	24 
2662	35 
2663	10 
2664	1 
2665	10 
2666	7 
2667	39 
2668	17 
2669	27 
2670	11 
2671	40 
2672	32 
2673	39 
2674	1 
2675	17 
2676	10 
2677	22 
2678	12 
2679	6 
2680	26 
2681	35 
2682	14 
2683	7 
2684	14 
2685	28 
2686	13 
2687	30 
2688	32 
2689	18 
2690	25 
2691	35 
2692	19 
2693	1 
2694	33 
2695	7 
2696	28 
2697	20 
2698	38 
2699	9 
2700	19 
2701	37 
2702	1 
2703	4 
2704	12 
2705	22 
2706	29 
2707	29 
2708	12 
2709	30 
2710	26 
2711	16 
2712	27 
2713	27 
2714	11 
2715	36 
2716	16 
2717	33 
2718	11 
2719	26 
2720	4 
2721	35 
2722	8 
2723	1 
2724	10 
2725	33 
2726	15 
2727	5 
2728	28 
2729	29 
2730	3 
2731	7 
2732	23 
2733	22 
2734	1 
2735	31 
2736	27 
2737	32 
2738	7 
2739	8 
2740	39 
2741	13 
2742	3 
2743	15 
2744	13 
2745	37 
2746	38 
2747	38 
2748	29 
2749	29 
2750	14 
2751	34 
2752	18 
2753	3 
2754	30 
2755	16 
2756	16 
2757	34 
2758	40 
2759	37 
2760	15 
2761	13 
2762	7 
2763	1 
2764	2 
2765	11 
2766	35 
2767	28 
2768	39 
2769	22 
2770	30 
2771	9 
2772	1 
2773	27 
2774	19 
2775	1 
2776	38 
2777	14 
2778	3 
2779	10 
2780	5 
2781	7 
2782	23 
2783	22 
2784	22 
2785	15 
2786	6 
2787	25 
2788	8 
2789	30 
2790	32 
2791	20 
2792	14 
2793	1 
2794	34 
2795	22 
2796	13 
2797	35 
2798	34 
2799	10 
2800	5 
2801	27 
2802	37 
2803	14 
2804	8 
2805	29 
2806	5 
2807	4 
2808	22 
2809	30 
2810	1 
2811	35 
2812	4 
2813	7 
2814	18 
2815	7 
2816	9 
2817	20 
2818	14 
2819	27 
2820	36 
2821	6 
2822	34 
2823	26 
2824	32 
2825	7 
2826	27 
2827	4 
2828	7 
2829	5 
2830	29 
2831	3 
2832	32 
2833	25 
2834	4 
2835	11 
2836	14 
2837	36 
2838	35 
2839	14 
2840	11 
2841	40 
2842	16 
2843	14 
2844	30 
2845	20 
2846	1 
2847	15 
2848	11 
2849	25 
2850	12 
2851	24 
2852	8 
2853	1 
2854	2 
2855	25 
2856	25 
2857	32 
2858	15 
2859	13 
2860	33 
2861	13 
2862	1 
2863	21 
2864	28 
2865	6 
2866	5 
2867	23 
2868	1 
2869	15 
2870	9 
2871	6 
2872	28 
2873	19 
2874	38 
2875	12 
2876	39 
2877	33 
2878	30 
2879	14 
2880	28 
2881	14 
2882	17 
2883	17 
2884	28 
2885	31 
2886	1 
2887	15 
2888	13 
2889	20 
2890	31 
2891	14 
2892	14 
2893	13 
2894	22 
2895	25 
2896	32 
2897	38 
2898	25 
2899	16 
2900	15 
2901	14 
2902	39 
2903	3 
2904	24 
2905	21 
2906	29 
2907	22 
2908	3 
2909	25 
2910	22 
2911	18 
2912	39 
2913	37 
2914	27 
2915	35 
2916	23 
2917	12 
2918	11 
2919	27 
2920	1 
2921	28 
2922	6 
2923	11 
2924	28 
2925	20 
2926	8 
2927	30 
2928	8 
2929	34 
2930	30 
2931	38 
2932	26 
2933	22 
2934	12 
2935	11 
2936	16 
2937	22 
2938	21 
2939	9 
2940	28 
2941	25 
2942	33 
2943	28 
2944	36 
2945	36 
2946	40 
2947	7 
2948	22 
2949	11 
2950	26 
2951	35 
2952	40 
2953	27 
2954	17 
2955	5 
2956	20 
2957	5 
2958	31 
2959	17 
2960	10 
2961	11 
2962	1 
2963	12 
2964	22 
2965	35 
2966	5 
2967	2 
2968	34 
2969	40 
2970	5 
2971	25 
2972	40 
2973	15 
2974	23 
2975	15 
2976	8 
2977	1 
2978	25 
2979	21 
2980	39 
2981	1 
2982	28 
2983	7 
2984	4 
2985	4 
2986	1 
2987	28 
2988	23 
2989	25 
2990	22 
2991	6 
2992	8 
2993	33 
2994	38 
2995	40 
2996	2 
2997	22 
2998	10 
2999	30 
3000	28 
3001	16 
3002	3 
3003	10 
3004	1 
3005	5 
3006	40 
3007	25 
3008	6 
3009	22 
3010	22 
3011	35 
3012	1 
3013	40 
3014	40 
3015	2 
3016	10 
3017	10 
3018	32 
3019	24 
3020	21 
3021	6 
3022	38 
3023	6 
3024	2 
3025	1 
3026	2 
3027	27 
3028	6 
3029	19 
3030	6 
3031	17 
3032	35 
3033	6 
3034	28 
3035	39 
3036	16 
3037	37 
3038	16 
3039	7 
3040	15 
3041	11 
3042	39 
3043	19 
3044	1 
3045	34 
3046	8 
3047	7 
3048	17 
3049	7 
3050	2 
3051	34 
3052	30 
3053	40 
3054	4 
3055	14 
3056	14 
3057	10 
3058	2 
3059	14 
3060	6 
3061	31 
3062	11 
3063	2 
3064	20 
3065	18 
3066	38 
3067	1 
3068	21 
3069	7 
3070	7 
3071	35 
3072	19 
3073	9 
3074	8 
3075	26 
3076	25 
3077	4 
3078	33 
3079	11 
3080	6 
3081	11 
3082	39 
3083	28 
3084	40 
3085	22 
3086	21 
3087	34 
3088	5 
3089	3 
3090	27 
3091	38 
3092	27 
3093	21 
3094	7 
3095	20 
3096	29 
3097	37 
3098	35 
3099	9 
3100	19 
3101	27 
3102	32 
3103	1 
3104	10 
3105	39 
3106	36 
3107	10 
3108	27 
3109	26 
3110	7 
3111	23 
3112	26 
3113	5 
3114	15 
3115	39 
3116	35 
3117	29 
3118	21 
3119	28 
3120	4 
3121	23 
3122	1 
3123	22 
3124	28 
3125	23 
3126	8 
3127	32 
3128	33 
3129	12 
3130	26 
3131	26 
3132	34 
3133	32 
3134	22 
3135	10 
3136	19 
3137	28 
3138	37 
3139	4 
3140	24 
3141	2 
3142	31 
3143	19 
3144	17 
3145	34 
3146	4 
3147	35 
3148	29 
3149	16 
3150	35 
3151	27 
3152	28 
3153	24 
3154	9 
3155	22 
3156	36 
3157	1 
3158	32 
3159	37 
3160	35 
3161	35 
3162	27 
3163	11 
3164	9 
3165	1 
3166	16 
3167	20 
3168	14 
3169	10 
3170	35 
3171	35 
3172	12 
3173	31 
3174	14 
3175	2 
3176	25 
3177	4 
3178	27 
3179	1 
3180	31 
3181	27 
3182	21 
3183	7 
3184	14 
3185	32 
3186	32 
3187	29 
3188	8 
3189	27 
3190	17 
3191	24 
3192	27 
3193	3 
3194	38 
3195	14 
3196	16 
3197	39 
3198	2 
3199	38 
3200	21 
3201	18 
3202	2 
3203	7 
3204	38 
3205	22 
3206	15 
3207	20 
3208	36 
3209	12 
3210	21 
3211	14 
3212	35 
3213	5 
3214	4 
3215	2 
3216	14 
3217	22 
3218	10 
3219	5 
3220	11 
3221	2 
3222	24 
3223	6 
3224	22 
3225	1 
3226	36 
3227	13 
3228	21 
3229	12 
3230	39 
3231	34 
3232	29 
3233	24 
3234	18 
3235	34 
3236	5 
3237	27 
3238	24 
3239	36 
3240	32 
3241	15 
3242	11 
3243	33 
3244	33 
3245	15 
3246	12 
3247	7 
3248	4 
3249	36 
3250	7 
3251	37 
3252	21 
3253	14 
3254	26 
3255	7 
3256	25 
3257	15 
3258	13 
3259	27 
3260	22 
3261	23 
3262	4 
3263	10 
3264	2 
3265	39 
3266	3 
3267	27 
3268	11 
3269	34 
3270	40 
3271	14 
3272	31 
3273	24 
3274	27 
3275	36 
3276	10 
3277	38 
3278	27 
3279	16 
3280	8 
3281	36 
3282	4 
3283	23 
3284	37 
3285	22 
3286	24 
3287	32 
3288	38 
3289	13 
3290	15 
3291	14 
3292	13 
3293	23 
3294	21 
3295	38 
3296	8 
3297	11 
3298	25 
3299	25 
3300	21 
3301	2 
3302	2 
3303	4 
3304	37 
3305	21 
3306	11 
3307	6 
3308	13 
3309	23 
3310	19 
3311	5 
3312	8 
3313	27 
3314	24 
3315	29 
3316	33 
3317	28 
3318	23 
3319	13 
3320	34 
3321	24 
3322	14 
3323	28 
3324	36 
3325	7 
3326	6 
3327	19 
3328	34 
3329	14 
3330	27 
3331	15 
3332	6 
3333	39 
3334	32 
3335	14 
3336	6 
3337	23 
3338	4 
3339	37 
3340	36 
3341	31 
3342	3 
3343	14 
3344	36 
3345	7 
3346	1 
3347	6 
3348	33 
3349	27 
3350	10 
3351	23 
3352	27 
3353	20 
3354	11 
3355	11 
3356	28 
3357	32 
3358	40 
3359	35 
3360	36 
3361	18 
3362	11 
3363	6 
3364	3 
3365	40 
3366	34 
3367	32 
3368	14 
3369	22 
3370	20 
3371	28 
3372	8 
3373	28 
3374	20 
3375	33 
3376	17 
3377	17 
3378	11 
3379	4 
3380	11 
3381	14 
3382	34 
3383	2 
3384	5 
3385	34 
3386	8 
3387	16 
3388	17 
3389	30 
3390	13 
3391	3 
3392	22 
3393	38 
3394	25 
3395	32 
3396	36 
3397	7 
3398	22 
3399	16 
3400	11 
3401	29 
3402	11 
3403	22 
3404	35 
3405	33 
3406	32 
3407	37 
3408	40 
3409	11 
3410	21 
3411	19 
3412	20 
3413	7 
3414	29 
3415	34 
3416	21 
3417	37 
3418	4 
3419	8 
3420	19 
3421	5 
3422	18 
3423	32 
3424	15 
3425	17 
3426	14 
3427	3 
3428	15 
3429	28 
3430	19 
3431	7 
3432	2 
3433	13 
3434	28 
3435	17 
3436	36 
3437	17 
3438	23 
3439	8 
3440	19 
3441	19 
3442	37 
3443	32 
3444	23 
3445	28 
3446	25 
3447	31 
3448	27 
3449	11 
3450	12 
3451	22 
3452	17 
3453	7 
3454	7 
3455	21 
3456	8 
3457	20 
3458	2 
3459	37 
3460	15 
3461	28 
3462	23 
3463	35 
3464	19 
3465	4 
3466	6 
3467	8 
3468	28 
3469	30 
3470	5 
3471	27 
3472	40 
3473	15 
3474	29 
3475	36 
3476	30 
3477	12 
3478	10 
3479	15 
3480	25 
3481	28 
3482	28 
3483	35 
3484	16 
3485	40 
3486	31 
3487	40 
3488	2 
3489	7 
3490	30 
3491	28 
3492	37 
3493	6 
3494	32 
3495	8 
3496	10 
3497	9 
3498	7 
3499	1 
3500	4 
3501	40 
3502	17 
3503	1 
3504	23 
3505	31 
3506	39 
3507	26 
3508	16 
3509	2 
3510	22 
3511	38 
3512	6 
3513	35 
3514	28 
3515	9 
3516	12 
3517	27 
3518	26 
3519	34 
3520	39 
3521	6 
3522	29 
3523	22 
3524	6 
3525	35 
3526	37 
3527	3 
3528	15 
3529	24 
3530	9 
3531	1 
3532	14 
3533	23 
3534	10 
3535	39 
3536	28 
3537	5 
3538	14 
3539	34 
3540	22 
3541	37 
3542	40 
3543	5 
3544	24 
3545	37 
3546	23 
3547	25 
3548	6 
3549	23 
3550	40 
3551	34 
3552	1 
3553	23 
3554	11 
3555	15 
3556	10 
3557	15 
3558	4 
3559	18 
3560	6 
3561	5 
3562	8 
3563	39 
3564	15 
3565	32 
3566	14 
3567	22 
3568	32 
3569	23 
3570	34 
3571	16 
3572	9 
3573	28 
3574	29 
3575	20 
3576	37 
3577	23 
3578	14 
3579	27 
3580	40 
3581	17 
3582	23 
3583	32 
3584	6 
3585	22 
3586	5 
3587	29 
3588	2 
3589	8 
3590	13 
3591	4 
3592	8 
3593	24 
3594	37 
3595	37 
3596	25 
3597	35 
3598	40 
3599	7 
3600	1 
3601	35 
3602	23 
3603	15 
3604	9 
3605	7 
3606	12 
3607	26 
3608	6 
3609	38 
3610	14 
3611	40 
3612	21 
3613	39 
3614	28 
3615	26 
3616	13 
3617	31 
3618	27 
3619	22 
3620	23 
3621	29 
3622	15 
3623	19 
3624	2 
3625	21 
3626	15 
3627	27 
3628	23 
3629	12 
3630	6 
3631	24 
3632	33 
3633	7 
3634	35 
3635	30 
3636	17 
3637	21 
3638	26 
3639	24 
3640	28 
3641	15 
3642	11 
3643	22 
3644	34 
3645	18 
3646	23 
3647	5 
3648	8 
3649	33 
3650	21 
3651	4 
3652	5 
3653	5 
3654	32 
3655	17 
3656	34 
3657	11 
3658	14 
3659	1 
3660	9 
3661	35 
3662	26 
3663	9 
3664	1 
3665	29 
3666	22 
3667	30 
3668	8 
3669	35 
3670	14 
3671	3 
3672	12 
3673	29 
3674	29 
3675	23 
3676	7 
3677	16 
3678	31 
3679	31 
3680	2 
3681	7 
3682	13 
3683	17 
3684	38 
3685	27 
3686	7 
3687	30 
3688	10 
3689	34 
3690	9 
3691	22 
3692	5 
3693	40 
3694	26 
3695	21 
3696	10 
3697	19 
3698	8 
3699	5 
3700	15 
3701	12 
3702	7 
3703	30 
3704	5 
3705	35 
3706	22 
3707	6 
3708	19 
3709	30 
3710	35 
3711	37 
3712	24 
3713	14 
3714	17 
3715	24 
3716	9 
3717	25 
3718	8 
3719	6 
3720	34 
3721	26 
3722	14 
3723	21 
3724	15 
3725	21 
3726	25 
3727	27 
3728	16 
3729	31 
3730	2 
3731	2 
3732	10 
3733	17 
3734	11 
3735	7 
3736	21 
3737	3 
3738	13 
3739	34 
3740	26 
3741	29 
3742	12 
3743	22 
3744	25 
3745	30 
3746	22 
3747	19 
3748	5 
3749	33 
3750	40 
3751	33 
3752	13 
3753	40 
3754	7 
3755	29 
3756	29 
3757	37 
3758	3 
3759	1 
3760	4 
3761	18 
3762	29 
3763	39 
3764	9 
3765	10 
3766	7 
3767	5 
3768	8 
3769	3 
3770	12 
3771	20 
3772	6 
3773	4 
3774	38 
3775	4 
3776	11 
3777	35 
3778	23 
3779	31 
3780	29 
3781	18 
3782	28 
3783	8 
3784	4 
3785	1 
3786	31 
3787	25 
3788	24 
3789	35 
3790	6 
3791	10 
3792	34 
3793	25 
3794	6 
3795	35 
3796	7 
3797	14 
3798	30 
3799	2 
3800	1 
3801	38 
3802	8 
3803	6 
3804	16 
3805	5 
3806	10 
3807	14 
3808	8 
3809	5 
3810	4 
3811	25 
3812	8 
3813	21 
3814	14 
3815	39 
3816	25 
3817	8 
3818	19 
3819	15 
3820	20 
3821	18 
3822	10 
3823	29 
3824	39 
3825	31 
3826	37 
3827	27 
3828	28 
3829	19 
3830	18 
3831	3 
3832	11 
3833	28 
3834	9 
3835	23 
3836	37 
3837	16 
3838	24 
3839	6 
3840	33 
3841	20 
3842	4 
3843	35 
3844	2 
3845	30 
3846	23 
3847	25 
3848	38 
3849	34 
3850	10 
3851	32 
3852	12 
3853	31 
3854	10 
3855	22 
3856	12 
3857	22 
3858	34 
3859	4 
3860	24 
3861	14 
3862	29 
3863	1 
3864	17 
3865	3 
3866	24 
3867	34 
3868	30 
3869	26 
3870	25 
3871	19 
3872	13 
3873	32 
3874	15 
3875	15 
3876	5 
3877	11 
3878	13 
3879	30 
3880	14 
3881	29 
3882	30 
3883	6 
3884	7 
3885	19 
3886	5 
3887	37 
3888	26 
3889	10 
3890	12 
3891	16 
3892	31 
3893	17 
3894	21 
3895	36 
3896	40 
3897	39 
3898	5 
3899	36 
3900	21 
3901	7 
3902	20 
3903	14 
3904	29 
3905	10 
3906	8 
3907	10 
3908	15 
3909	36 
3910	18 
3911	23 
3912	24 
3913	27 
3914	22 
3915	31 
3916	26 
3917	8 
3918	40 
3919	2 
3920	32 
3921	18 
3922	5 
3923	26 
3924	38 
3925	21 
3926	34 
3927	10 
3928	19 
3929	20 
3930	6 
3931	7 
3932	21 
3933	6 
3934	12 
3935	30 
3936	19 
3937	40 
3938	39 
3939	34 
3940	12 
3941	36 
3942	29 
3943	26 
3944	34 
3945	25 
3946	31 
3947	8 
3948	1 
3949	11 
3950	9 
3951	7 
3952	3 
3953	23 
3954	2 
3955	25 
3956	7 
3957	31 
3958	8 
3959	25 
3960	39 
3961	19 
3962	38 
3963	22 
3964	15 
3965	13 
3966	5 
3967	25 
3968	28 
3969	29 
3970	15 
3971	40 
3972	27 
3973	23 
3974	6 
3975	13 
3976	7 
3977	21 
3978	14 
3979	27 
3980	25 
3981	1 
3982	31 
3983	35 
3984	39 
3985	21 
3986	8 
3987	11 
3988	38 
3989	8 
3990	4 
3991	28 
3992	19 
3993	27 
3994	6 
3995	18 
3996	3 
3997	30 
3998	29 
3999	1 
4000	22 
4001	14 
4002	12 
4003	10 
4004	30 
4005	35 
4006	24 
4007	33 
4008	34 
4009	28 
4010	5 
4011	14 
4012	38 
4013	24 
4014	28 
4015	14 
4016	1 
4017	1 
4018	28 
4019	8 
4020	34 
4021	6 
4022	34 
4023	28 
4024	25 
4025	16 
4026	27 
4027	31 
4028	11 
4029	16 
4030	39 
4031	36 
4032	16 
4033	31 
4034	30 
4035	13 
4036	34 
4037	37 
4038	16 
4039	24 
4040	15 
4041	22 
4042	34 
4043	34 
4044	27 
4045	7 
4046	1 
4047	38 
4048	34 
4049	13 
4050	12 
4051	32 
4052	4 
4053	30 
4054	10 
4055	10 
4056	24 
4057	2 
4058	30 
4059	23 
4060	24 
4061	11 
4062	31 
4063	35 
4064	7 
4065	30 
4066	11 
4067	15 
4068	9 
4069	17 
4070	20 
4071	19 
4072	27 
4073	34 
4074	3 
4075	15 
4076	36 
4077	22 
4078	24 
4079	35 
4080	8 
4081	11 
4082	8 
4083	19 
4084	12 
4085	34 
4086	23 
4087	40 
4088	34 
4089	33 
4090	31 
4091	37 
4092	13 
4093	3 
4094	14 
4095	14 
4096	35 
4097	18 
4098	30 
4099	10 
4100	2 
4101	30 
4102	14 
4103	38 
4104	23 
4105	4 
4106	30 
4107	40 
4108	40 
4109	10 
4110	33 
4111	6 
4112	21 
4113	40 
4114	26 
4115	1 
4116	33 
4117	33 
4118	30 
4119	9 
4120	1 
4121	37 
4122	30 
4123	35 
4124	3 
4125	35 
4126	11 
4127	9 
4128	11 
4129	5 
4130	2 
4131	23 
4132	40 
4133	27 
4134	3 
4135	33 
4136	6 
4137	31 
4138	34 
4139	2 
4140	10 
4141	14 
4142	11 
4143	22 
4144	19 
4145	36 
4146	26 
4147	5 
4148	21 
4149	2 
4150	23 
4151	37 
4152	32 
4153	17 
4154	32 
4155	35 
4156	14 
4157	28 
4158	11 
4159	5 
4160	16 
4161	20 
4162	3 
4163	23 
4164	5 
4165	40 
4166	21 
4167	32 
4168	13 
4169	7 
4170	11 
4171	32 
4172	7 
4173	27 
4174	31 
4175	14 
4176	6 
4177	37 
4178	3 
4179	38 
4180	39 
4181	11 
4182	33 
4183	19 
4184	20 
4185	1 
4186	22 
4187	10 
4188	16 
4189	32 
4190	23 
4191	5 
4192	5 
4193	2 
4194	16 
4195	35 
4196	19 
4197	38 
4198	32 
4199	9 
4200	31 
4201	2 
4202	4 
4203	36 
4204	10 
4205	37 
4206	5 
4207	8 
4208	16 
4209	35 
4210	7 
4211	34 
4212	1 
4213	15 
4214	25 
4215	22 
4216	13 
4217	5 
4218	21 
4219	8 
4220	10 
4221	20 
4222	6 
4223	16 
4224	10 
4225	13 
4226	26 
4227	8 
4228	8 
4229	23 
4230	28 
4231	16 
4232	9 
4233	2 
4234	22 
4235	29 
4236	21 
4237	16 
4238	6 
4239	15 
4240	34 
4241	22 
4242	23 
4243	17 
4244	7 
4245	38 
4246	6 
4247	33 
4248	7 
4249	38 
4250	19 
4251	23 
4252	9 
4253	11 
4254	13 
4255	6 
4256	7 
4257	29 
4258	16 
4259	17 
4260	38 
4261	31 
4262	6 
4263	37 
4264	22 
4265	31 
4266	7 
4267	15 
4268	23 
4269	4 
4270	28 
4271	1 
4272	27 
4273	22 
4274	29 
4275	12 
4276	14 
4277	22 
4278	22 
4279	32 
4280	34 
4281	29 
4282	19 
4283	16 
4284	34 
4285	34 
4286	24 
4287	27 
4288	4 
4289	10 
4290	1 
4291	27 
4292	24 
4293	26 
4294	27 
4295	21 
4296	14 
4297	27 
4298	4 
4299	25 
4300	39 
4301	35 
4302	28 
4303	13 
4304	14 
4305	21 
4306	19 
4307	16 
4308	40 
4309	15 
4310	38 
4311	18 
4312	22 
4313	13 
4314	6 
4315	3 
4316	32 
4317	18 
4318	36 
4319	21 
4320	11 
4321	10 
4322	21 
4323	28 
4324	29 
4325	23 
4326	19 
4327	8 
4328	34 
4329	11 
4330	7 
4331	4 
4332	34 
4333	38 
4334	11 
4335	23 
4336	5 
4337	14 
4338	38 
4339	38 
4340	10 
4341	27 
4342	17 
4343	29 
4344	38 
4345	34 
4346	23 
4347	39 
4348	7 
4349	26 
4350	30 
4351	29 
4352	22 
4353	34 
4354	9 
4355	34 
4356	17 
4357	33 
4358	25 
4359	4 
4360	23 
4361	19 
4362	33 
4363	37 
4364	21 
4365	14 
4366	4 
4367	36 
4368	12 
4369	5 
4370	4 
4371	38 
4372	39 
4373	27 
4374	25 
4375	37 
4376	39 
4377	24 
4378	9 
4379	15 
4380	21 
4381	11 
4382	22 
4383	2 
4384	28 
4385	31 
4386	21 
4387	13 
4388	20 
4389	24 
4390	19 
4391	30 
4392	6 
4393	22 
4394	7 
4395	6 
4396	23 
4397	28 
4398	27 
4399	1 
4400	7 
4401	39 
4402	2 
4403	2 
4404	1 
4405	21 
4406	36 
4407	5 
4408	28 
4409	28 
4410	28 
4411	28 
4412	12 
4413	15 
4414	29 
4415	12 
4416	27 
4417	16 
4418	31 
4419	21 
4420	34 
4421	13 
4422	28 
4423	1 
4424	11 
4425	20 
4426	13 
4427	8 
4428	2 
4429	7 
4430	36 
4431	6 
4432	36 
4433	11 
4434	5 
4435	31 
4436	5 
4437	2 
4438	6 
4439	33 
4440	16 
4441	16 
4442	32 
4443	1 
4444	32 
4445	27 
4446	17 
4447	29 
4448	28 
4449	37 
4450	18 
4451	20 
4452	10 
4453	23 
4454	36 
4455	13 
4456	10 
4457	34 
4458	11 
4459	23 
4460	26 
4461	2 
4462	16 
4463	19 
4464	28 
4465	15 
4466	2 
4467	6 
4468	7 
4469	14 
4470	37 
4471	15 
4472	34 
4473	8 
4474	40 
4475	26 
4476	17 
4477	22 
4478	16 
4479	29 
4480	6 
4481	32 
4482	29 
4483	19 
4484	35 
4485	10 
4486	21 
4487	37 
4488	33 
4489	17 
4490	5 
4491	31 
4492	36 
4493	12 
4494	7 
4495	10 
4496	40 
4497	36 
4498	34 
4499	31 
4500	14 
4501	31 
4502	4 
4503	11 
4504	3 
4505	9 
4506	1 
4507	11 
4508	18 
4509	34 
4510	18 
4511	4 
4512	1 
4513	10 
4514	14 
4515	29 
4516	22 
4517	32 
4518	37 
4519	28 
4520	15 
4521	19 
4522	3 
4523	39 
4524	30 
4525	17 
4526	1 
4527	4 
4528	12 
4529	15 
4530	29 
4531	27 
4532	10 
4533	1 
4534	10 
4535	5 
4536	27 
4537	36 
4538	35 
4539	27 
4540	8 
4541	17 
4542	10 
4543	36 
4544	18 
4545	31 
4546	26 
4547	30 
4548	18 
4549	26 
4550	13 
4551	8 
4552	14 
4553	1 
4554	5 
4555	25 
4556	11 
4557	2 
4558	28 
4559	2 
4560	22 
4561	19 
4562	15 
4563	8 
4564	15 
4565	23 
4566	28 
4567	5 
4568	10 
4569	5 
4570	4 
4571	5 
4572	8 
4573	4 
4574	22 
4575	6 
4576	11 
4577	13 
4578	8 
4579	37 
4580	39 
4581	25 
4582	36 
4583	39 
4584	19 
4585	20 
4586	9 
4587	15 
4588	23 
4589	25 
4590	31 
4591	27 
4592	23 
4593	18 
4594	18 
4595	18 
4596	15 
4597	5 
4598	7 
4599	38 
4600	28 
4601	4 
4602	21 
4603	19 
4604	8 
4605	35 
4606	13 
4607	10 
4608	36 
4609	27 
4610	27 
4611	12 
4612	22 
4613	15 
4614	33 
4615	9 
4616	35 
4617	1 
4618	12 
4619	7 
4620	14 
4621	7 
4622	17 
4623	21 
4624	36 
4625	4 
4626	18 
4627	37 
4628	13 
4629	1 
4630	3 
4631	35 
4632	26 
4633	15 
4634	14 
4635	18 
4636	21 
4637	19 
4638	38 
4639	32 
4640	1 
4641	23 
4642	6 
4643	2 
4644	32 
4645	8 
4646	12 
4647	8 
4648	22 
4649	15 
4650	5 
4651	11 
4652	9 
4653	12 
4654	36 
4655	22 
4656	38 
4657	19 
4658	14 
4659	14 
4660	10 
4661	33 
4662	39 
4663	34 
4664	17 
4665	35 
4666	24 
4667	21 
4668	22 
4669	8 
4670	25 
4671	7 
4672	13 
4673	7 
4674	27 
4675	21 
4676	15 
4677	33 
4678	25 
4679	36 
4680	24 
4681	6 
4682	13 
4683	14 
4684	11 
4685	29 
4686	29 
4687	16 
4688	37 
4689	23 
4690	19 
4691	23 
4692	35 
4693	18 
4694	40 
4695	22 
4696	8 
4697	35 
4698	3 
4699	5 
4700	13 
4701	29 
4702	38 
4703	18 
4704	3 
4705	32 
4706	14 
4707	7 
4708	7 
4709	4 
4710	12 
4711	22 
4712	16 
4713	22 
4714	29 
4715	27 
4716	33 
4717	39 
4718	14 
4719	38 
4720	5 
4721	32 
4722	11 
4723	2 
4724	19 
4725	33 
4726	38 
4727	2 
4728	5 
4729	14 
4730	28 
4731	17 
4732	25 
4733	31 
4734	20 
4735	30 
4736	30 
4737	23 
4738	30 
4739	40 
4740	6 
4741	39 
4742	34 
4743	20 
4744	6 
4745	22 
4746	20 
4747	9 
4748	37 
4749	28 
4750	38 
4751	37 
4752	17 
4753	10 
4754	24 
4755	28 
4756	4 
4757	33 
4758	28 
4759	7 
4760	26 
4761	10 
4762	14 
4763	39 
4764	6 
4765	29 
4766	8 
4767	31 
4768	38 
4769	5 
4770	24 
4771	35 
4772	13 
4773	32 
4774	39 
4775	9 
4776	35 
4777	38 
4778	28 
4779	8 
4780	39 
4781	6 
4782	28 
4783	2 
4784	13 
4785	22 
4786	23 
4787	33 
4788	10 
4789	9 
4790	19 
4791	24 
4792	39 
4793	39 
4794	15 
4795	1 
4796	15 
4797	11 
4798	35 
4799	26 
4800	5 
4801	40 
4802	15 
4803	9 
4804	29 
4805	32 
4806	23 
4807	26 
4808	23 
4809	39 
4810	14 
4811	24 
4812	20 
4813	37 
4814	3 
4815	1 
4816	2 
4817	36 
4818	14 
4819	28 
4820	26 
4821	30 
4822	35 
4823	24 
4824	19 
4825	18 
4826	9 
4827	19 
4828	20 
4829	36 
4830	2 
4831	11 
4832	5 
4833	32 
4834	8 
4835	18 
4836	25 
4837	35 
4838	37 
4839	15 
4840	3 
4841	21 
4842	20 
4843	7 
4844	11 
4845	2 
4846	4 
4847	18 
4848	37 
4849	11 
4850	39 
4851	38 
4852	15 
4853	4 
4854	5 
4855	25 
4856	29 
4857	14 
4858	4 
4859	28 
4860	34 
4861	34 
4862	6 
4863	6 
4864	4 
4865	10 
4866	36 
4867	11 
4868	28 
4869	33 
4870	27 
4871	7 
4872	35 
4873	9 
4874	23 
4875	6 
4876	11 
4877	15 
4878	27 
4879	30 
4880	21 
4881	5 
4882	10 
4883	21 
4884	26 
4885	37 
4886	36 
4887	33 
4888	32 
4889	8 
4890	10 
4891	34 
4892	15 
4893	17 
4894	7 
4895	31 
4896	29 
4897	26 
4898	10 
4899	20 
4900	22 
4901	28 
4902	28 
4903	21 
4904	16 
4905	2 
4906	22 
4907	17 
4908	33 
4909	34 
4910	4 
4911	7 
4912	1 
4913	31 
4914	9 
4915	32 
4916	28 
4917	40 
4918	15 
4919	34 
4920	17 
4921	16 
4922	34 
4923	7 
4924	29 
4925	6 
4926	35 
4927	39 
4928	23 
4929	10 
4930	40 
4931	31 
4932	1 
4933	1 
4934	27 
4935	10 
4936	6 
4937	36 
4938	35 
4939	34 
4940	11 
4941	19 
4942	6 
4943	7 
4944	23 
4945	31 
4946	6 
4947	28 
4948	10 
4949	4 
4950	29 
4951	11 
4952	15 
4953	10 
4954	7 
4955	27 
4956	34 
4957	34 
4958	1 
4959	34 
4960	27 
4961	27 
4962	28 
4963	10 
4964	23 
4965	29 
4966	1 
4967	34 
4968	7 
4969	7 
4970	28 
4971	1 
4972	10 
4973	5 
4974	1 
4975	28 
4976	27 
4977	11 
4978	34 
4979	11 
4980	22 
4981	14 
4982	10 
4983	5 
4984	11 
4985	14 
4986	11 
4987	5 
4988	5 
4989	11 
4990	5 
4991	34 
4992	7 
4993	5 
4994	28 
4995	28 
4996	34 
4997	34 
4998	14 
4999	34 
5000	7 
