1	1 
2	31 
3	8 
4	40 
5	32 
6	43 
7	16 
8	36 
9	16 
10	35 
11	13 
12	7 
13	14 
14	31 
15	31 
16	31 
17	20 
18	46 
19	31 
20	14 
21	1 
22	39 
23	31 
24	16 
25	18 
26	15 
27	32 
28	46 
29	35 
30	22 
31	39 
32	24 
33	46 
34	1 
35	31 
36	1 
37	22 
38	35 
39	20 
40	39 
41	1 
42	15 
43	46 
44	8 
45	9 
46	22 
47	23 
48	46 
49	1 
50	35 
51	39 
52	5 
53	46 
54	46 
55	14 
56	22 
57	36 
58	5 
59	35 
60	15 
61	11 
62	29 
63	20 
64	12 
65	20 
66	22 
67	23 
68	42 
69	31 
70	46 
71	22 
72	14 
73	17 
74	44 
75	31 
76	46 
77	20 
78	22 
79	6 
80	16 
81	12 
82	12 
83	15 
84	32 
85	1 
86	6 
87	16 
88	41 
89	1 
90	25 
91	22 
92	39 
93	14 
94	46 
95	20 
96	20 
97	16 
98	45 
99	46 
100	36 
101	22 
102	8 
103	1 
104	42 
105	22 
106	1 
107	39 
108	20 
109	19 
110	25 
111	39 
112	39 
113	32 
114	20 
115	44 
116	46 
117	45 
118	42 
119	39 
120	39 
121	31 
122	12 
123	31 
124	16 
125	22 
126	35 
127	22 
128	46 
129	19 
130	34 
131	32 
132	18 
133	46 
134	31 
135	35 
136	19 
137	20 
138	35 
139	31 
140	28 
141	35 
142	46 
143	19 
144	32 
145	42 
146	31 
147	46 
148	44 
149	40 
150	46 
151	8 
152	16 
153	17 
154	23 
155	15 
156	39 
157	15 
158	22 
159	24 
160	31 
161	31 
162	46 
163	22 
164	46 
165	1 
166	29 
167	14 
168	46 
169	22 
170	22 
171	16 
172	5 
173	42 
174	46 
175	45 
176	22 
177	35 
178	31 
179	16 
180	39 
181	1 
182	46 
183	8 
184	22 
185	1 
186	1 
187	1 
188	7 
189	31 
190	18 
191	14 
192	22 
193	35 
194	39 
195	31 
196	16 
197	35 
198	46 
199	22 
200	22 
201	22 
202	22 
203	18 
204	18 
205	22 
206	32 
207	35 
208	16 
209	22 
210	1 
211	31 
212	1 
213	22 
214	8 
215	17 
216	35 
217	1 
218	20 
219	22 
220	46 
221	22 
222	45 
223	35 
224	1 
225	17 
226	2 
227	37 
228	31 
229	46 
230	37 
231	20 
232	4 
233	1 
234	6 
235	20 
236	46 
237	1 
238	17 
239	39 
240	16 
241	33 
242	33 
243	22 
244	19 
245	31 
246	46 
247	7 
248	15 
249	46 
250	1 
251	15 
252	16 
253	16 
254	16 
255	39 
256	46 
257	39 
258	35 
259	39 
260	31 
261	44 
262	16 
263	14 
264	18 
265	20 
266	46 
267	3 
268	20 
269	20 
270	24 
271	31 
272	16 
273	22 
274	16 
275	16 
276	12 
277	22 
278	22 
279	35 
280	14 
281	24 
282	15 
283	39 
284	39 
285	1 
286	35 
287	32 
288	39 
289	14 
290	16 
291	39 
292	1 
293	1 
294	19 
295	28 
296	1 
297	20 
298	20 
299	16 
300	18 
301	46 
302	26 
303	19 
304	16 
305	6 
306	19 
307	16 
308	39 
309	39 
310	31 
311	22 
312	21 
313	35 
314	22 
315	18 
316	22 
317	16 
318	20 
319	44 
320	18 
321	16 
322	42 
323	39 
324	39 
325	11 
326	3 
327	17 
328	1 
329	36 
330	26 
331	35 
332	34 
333	14 
334	1 
335	39 
336	31 
337	6 
338	33 
339	35 
340	33 
341	46 
342	31 
343	31 
344	29 
345	35 
346	1 
347	46 
348	10 
349	15 
350	16 
351	22 
352	12 
353	32 
354	20 
355	9 
356	39 
357	29 
358	22 
359	22 
360	12 
361	20 
362	14 
363	17 
364	16 
365	14 
366	46 
367	18 
368	3 
369	17 
370	8 
371	39 
372	6 
373	46 
374	22 
375	32 
376	21 
377	39 
378	16 
379	1 
380	39 
381	35 
382	39 
383	16 
384	15 
385	14 
386	39 
387	16 
388	35 
389	20 
390	18 
391	7 
392	46 
393	42 
394	19 
395	46 
396	14 
397	14 
398	31 
399	16 
400	9 
401	35 
402	16 
403	1 
404	35 
405	30 
406	8 
407	31 
408	22 
409	16 
410	31 
411	1 
412	41 
413	39 
414	31 
415	1 
416	46 
417	15 
418	39 
419	9 
420	6 
421	18 
422	14 
423	29 
424	15 
425	15 
426	22 
427	18 
428	16 
429	5 
430	1 
431	44 
432	42 
433	4 
434	8 
435	1 
436	46 
437	42 
438	46 
439	35 
440	7 
441	31 
442	16 
443	14 
444	39 
445	1 
446	29 
447	8 
448	3 
449	22 
450	16 
451	16 
452	18 
453	1 
454	17 
455	1 
456	9 
457	44 
458	17 
459	22 
460	32 
461	20 
462	35 
463	44 
464	35 
465	11 
466	12 
467	20 
468	1 
469	42 
470	30 
471	29 
472	6 
473	22 
474	1 
475	35 
476	2 
477	22 
478	39 
479	30 
480	44 
481	1 
482	31 
483	39 
484	22 
485	42 
486	16 
487	31 
488	34 
489	31 
490	12 
491	1 
492	1 
493	46 
494	1 
495	20 
496	13 
497	16 
498	39 
499	45 
500	22 
501	42 
502	7 
503	16 
504	31 
505	1 
506	14 
507	45 
508	31 
509	16 
510	22 
511	1 
512	37 
513	39 
514	35 
515	16 
516	22 
517	39 
518	32 
519	46 
520	35 
521	8 
522	22 
523	14 
524	42 
525	39 
526	39 
527	20 
528	12 
529	31 
530	1 
531	16 
532	32 
533	14 
534	16 
535	46 
536	46 
537	40 
538	35 
539	1 
540	28 
541	35 
542	6 
543	7 
544	15 
545	16 
546	14 
547	40 
548	31 
549	20 
550	20 
551	9 
552	31 
553	46 
554	35 
555	14 
556	35 
557	20 
558	17 
559	10 
560	31 
561	1 
562	22 
563	32 
564	7 
565	32 
566	42 
567	15 
568	32 
569	46 
570	20 
571	29 
572	46 
573	18 
574	39 
575	13 
576	45 
577	20 
578	32 
579	20 
580	15 
581	22 
582	32 
583	46 
584	31 
585	20 
586	45 
587	22 
588	7 
589	16 
590	16 
591	42 
592	16 
593	31 
594	44 
595	16 
596	20 
597	17 
598	18 
599	16 
600	39 
601	14 
602	46 
603	32 
604	16 
605	42 
606	14 
607	20 
608	6 
609	32 
610	16 
611	22 
612	1 
613	16 
614	16 
615	35 
616	39 
617	18 
618	45 
619	16 
620	20 
621	46 
622	39 
623	1 
624	31 
625	16 
626	36 
627	14 
628	42 
629	32 
630	39 
631	39 
632	39 
633	22 
634	33 
635	42 
636	31 
637	1 
638	44 
639	32 
640	16 
641	39 
642	22 
643	46 
644	1 
645	17 
646	12 
647	8 
648	20 
649	32 
650	6 
651	15 
652	45 
653	17 
654	27 
655	44 
656	22 
657	31 
658	39 
659	16 
660	28 
661	15 
662	14 
663	16 
664	4 
665	46 
666	14 
667	16 
668	6 
669	1 
670	44 
671	42 
672	41 
673	14 
674	16 
675	16 
676	32 
677	1 
678	14 
679	42 
680	42 
681	16 
682	20 
683	22 
684	11 
685	39 
686	22 
687	46 
688	35 
689	35 
690	42 
691	31 
692	45 
693	46 
694	16 
695	34 
696	3 
697	14 
698	31 
699	33 
700	42 
701	39 
702	16 
703	1 
704	16 
705	15 
706	42 
707	8 
708	39 
709	16 
710	14 
711	16 
712	16 
713	1 
714	39 
715	16 
716	20 
717	16 
718	1 
719	42 
720	22 
721	16 
722	22 
723	39 
724	46 
725	22 
726	16 
727	16 
728	43 
729	2 
730	32 
731	11 
732	22 
733	39 
734	22 
735	31 
736	1 
737	16 
738	45 
739	35 
740	31 
741	46 
742	4 
743	9 
744	15 
745	22 
746	31 
747	35 
748	39 
749	31 
750	12 
751	31 
752	31 
753	1 
754	5 
755	39 
756	1 
757	46 
758	12 
759	31 
760	14 
761	25 
762	46 
763	31 
764	22 
765	22 
766	41 
767	22 
768	44 
769	35 
770	16 
771	31 
772	22 
773	18 
774	4 
775	14 
776	18 
777	39 
778	9 
779	1 
780	12 
781	22 
782	22 
783	22 
784	2 
785	22 
786	46 
787	42 
788	18 
789	46 
790	42 
791	17 
792	46 
793	20 
794	14 
795	31 
796	46 
797	19 
798	22 
799	23 
800	46 
801	46 
802	16 
803	46 
804	42 
805	14 
806	22 
807	15 
808	46 
809	46 
810	14 
811	14 
812	1 
813	20 
814	16 
815	39 
816	39 
817	16 
818	13 
819	39 
820	8 
821	6 
822	45 
823	22 
824	39 
825	22 
826	20 
827	32 
828	42 
829	20 
830	15 
831	32 
832	33 
833	44 
834	42 
835	46 
836	42 
837	39 
838	15 
839	18 
840	35 
841	16 
842	32 
843	20 
844	18 
845	46 
846	37 
847	6 
848	15 
849	14 
850	39 
851	8 
852	32 
853	46 
854	31 
855	17 
856	46 
857	35 
858	46 
859	1 
860	9 
861	42 
862	44 
863	46 
864	42 
865	1 
866	35 
867	39 
868	17 
869	28 
870	45 
871	6 
872	19 
873	22 
874	4 
875	39 
876	46 
877	32 
878	46 
879	1 
880	20 
881	39 
882	22 
883	39 
884	16 
885	35 
886	16 
887	32 
888	46 
889	44 
890	31 
891	22 
892	22 
893	31 
894	19 
895	22 
896	32 
897	31 
898	46 
899	1 
900	22 
901	16 
902	18 
903	22 
904	31 
905	1 
906	31 
907	15 
908	42 
909	32 
910	46 
911	31 
912	44 
913	20 
914	35 
915	46 
916	31 
917	43 
918	16 
919	20 
920	1 
921	1 
922	25 
923	22 
924	44 
925	14 
926	15 
927	8 
928	39 
929	42 
930	18 
931	16 
932	39 
933	35 
934	46 
935	46 
936	22 
937	46 
938	29 
939	31 
940	22 
941	35 
942	8 
943	39 
944	16 
945	22 
946	8 
947	31 
948	46 
949	10 
950	29 
951	35 
952	30 
953	40 
954	33 
955	17 
956	15 
957	17 
958	26 
959	22 
960	35 
961	22 
962	46 
963	39 
964	22 
965	1 
966	3 
967	31 
968	40 
969	22 
970	39 
971	39 
972	19 
973	44 
974	2 
975	44 
976	10 
977	42 
978	31 
979	39 
980	16 
981	16 
982	31 
983	22 
984	46 
985	34 
986	35 
987	46 
988	39 
989	16 
990	1 
991	39 
992	44 
993	20 
994	15 
995	16 
996	33 
997	14 
998	45 
999	32 
1000	39 
1001	16 
1002	39 
1003	18 
1004	20 
1005	46 
1006	13 
1007	31 
1008	35 
1009	14 
1010	22 
1011	14 
1012	1 
1013	31 
1014	1 
1015	39 
1016	14 
1017	32 
1018	44 
1019	46 
1020	37 
1021	35 
1022	14 
1023	34 
1024	39 
1025	22 
1026	22 
1027	1 
1028	12 
1029	15 
1030	22 
1031	22 
1032	6 
1033	42 
1034	46 
1035	14 
1036	22 
1037	21 
1038	22 
1039	32 
1040	9 
1041	39 
1042	39 
1043	21 
1044	15 
1045	7 
1046	22 
1047	31 
1048	20 
1049	18 
1050	22 
1051	18 
1052	16 
1053	46 
1054	42 
1055	46 
1056	1 
1057	31 
1058	42 
1059	18 
1060	20 
1061	35 
1062	31 
1063	1 
1064	45 
1065	17 
1066	9 
1067	14 
1068	36 
1069	31 
1070	22 
1071	33 
1072	14 
1073	38 
1074	22 
1075	35 
1076	45 
1077	46 
1078	42 
1079	45 
1080	22 
1081	45 
1082	39 
1083	31 
1084	35 
1085	35 
1086	15 
1087	43 
1088	46 
1089	27 
1090	6 
1091	45 
1092	20 
1093	46 
1094	39 
1095	6 
1096	46 
1097	46 
1098	46 
1099	46 
1100	15 
1101	22 
1102	42 
1103	20 
1104	31 
1105	26 
1106	1 
1107	39 
1108	22 
1109	33 
1110	45 
1111	44 
1112	14 
1113	42 
1114	46 
1115	11 
1116	46 
1117	22 
1118	40 
1119	39 
1120	31 
1121	35 
1122	20 
1123	15 
1124	35 
1125	22 
1126	39 
1127	42 
1128	22 
1129	16 
1130	17 
1131	46 
1132	40 
1133	16 
1134	22 
1135	39 
1136	46 
1137	44 
1138	16 
1139	18 
1140	40 
1141	41 
1142	32 
1143	6 
1144	31 
1145	46 
1146	39 
1147	46 
1148	46 
1149	16 
1150	16 
1151	38 
1152	1 
1153	26 
1154	45 
1155	31 
1156	18 
1157	42 
1158	18 
1159	22 
1160	19 
1161	42 
1162	14 
1163	31 
1164	22 
1165	1 
1166	12 
1167	45 
1168	42 
1169	22 
1170	36 
1171	22 
1172	22 
1173	10 
1174	46 
1175	5 
1176	22 
1177	31 
1178	24 
1179	7 
1180	31 
1181	16 
1182	12 
1183	42 
1184	27 
1185	46 
1186	1 
1187	46 
1188	16 
1189	22 
1190	36 
1191	42 
1192	6 
1193	10 
1194	20 
1195	31 
1196	35 
1197	44 
1198	1 
1199	1 
1200	4 
1201	19 
1202	18 
1203	6 
1204	35 
1205	16 
1206	12 
1207	16 
1208	16 
1209	38 
1210	42 
1211	16 
1212	33 
1213	22 
1214	1 
1215	18 
1216	1 
1217	16 
1218	14 
1219	16 
1220	12 
1221	42 
1222	31 
1223	42 
1224	1 
1225	31 
1226	22 
1227	1 
1228	32 
1229	16 
1230	16 
1231	22 
1232	31 
1233	39 
1234	14 
1235	46 
1236	22 
1237	35 
1238	39 
1239	36 
1240	15 
1241	16 
1242	16 
1243	2 
1244	20 
1245	46 
1246	8 
1247	15 
1248	12 
1249	22 
1250	39 
1251	46 
1252	39 
1253	15 
1254	22 
1255	42 
1256	14 
1257	31 
1258	15 
1259	46 
1260	32 
1261	16 
1262	46 
1263	20 
1264	3 
1265	31 
1266	14 
1267	6 
1268	42 
1269	31 
1270	16 
1271	46 
1272	24 
1273	16 
1274	15 
1275	18 
1276	6 
1277	46 
1278	15 
1279	39 
1280	22 
1281	29 
1282	7 
1283	32 
1284	31 
1285	32 
1286	16 
1287	18 
1288	39 
1289	12 
1290	46 
1291	22 
1292	20 
1293	14 
1294	18 
1295	34 
1296	20 
1297	1 
1298	44 
1299	32 
1300	46 
1301	15 
1302	40 
1303	12 
1304	27 
1305	15 
1306	22 
1307	17 
1308	15 
1309	31 
1310	1 
1311	35 
1312	39 
1313	32 
1314	46 
1315	16 
1316	16 
1317	3 
1318	31 
1319	44 
1320	32 
1321	22 
1322	15 
1323	39 
1324	22 
1325	39 
1326	14 
1327	32 
1328	6 
1329	14 
1330	39 
1331	1 
1332	39 
1333	31 
1334	37 
1335	39 
1336	31 
1337	1 
1338	31 
1339	16 
1340	20 
1341	32 
1342	15 
1343	14 
1344	31 
1345	42 
1346	9 
1347	45 
1348	17 
1349	31 
1350	21 
1351	22 
1352	12 
1353	36 
1354	32 
1355	31 
1356	30 
1357	17 
1358	35 
1359	22 
1360	16 
1361	35 
1362	45 
1363	39 
1364	17 
1365	15 
1366	13 
1367	39 
1368	22 
1369	20 
1370	39 
1371	35 
1372	42 
1373	20 
1374	8 
1375	46 
1376	46 
1377	39 
1378	16 
1379	15 
1380	44 
1381	32 
1382	20 
1383	35 
1384	3 
1385	16 
1386	15 
1387	16 
1388	32 
1389	46 
1390	32 
1391	5 
1392	35 
1393	1 
1394	20 
1395	42 
1396	19 
1397	36 
1398	31 
1399	22 
1400	20 
1401	22 
1402	1 
1403	40 
1404	12 
1405	22 
1406	20 
1407	6 
1408	31 
1409	22 
1410	22 
1411	1 
1412	1 
1413	16 
1414	42 
1415	1 
1416	35 
1417	16 
1418	14 
1419	5 
1420	46 
1421	21 
1422	39 
1423	39 
1424	31 
1425	1 
1426	20 
1427	22 
1428	45 
1429	46 
1430	22 
1431	46 
1432	17 
1433	22 
1434	42 
1435	19 
1436	46 
1437	46 
1438	38 
1439	32 
1440	22 
1441	25 
1442	32 
1443	22 
1444	32 
1445	18 
1446	20 
1447	14 
1448	35 
1449	22 
1450	7 
1451	1 
1452	35 
1453	12 
1454	31 
1455	16 
1456	46 
1457	34 
1458	40 
1459	20 
1460	17 
1461	1 
1462	46 
1463	22 
1464	15 
1465	14 
1466	18 
1467	31 
1468	22 
1469	33 
1470	22 
1471	15 
1472	1 
1473	22 
1474	29 
1475	15 
1476	46 
1477	22 
1478	16 
1479	46 
1480	14 
1481	39 
1482	20 
1483	6 
1484	16 
1485	42 
1486	22 
1487	2 
1488	38 
1489	20 
1490	46 
1491	20 
1492	39 
1493	35 
1494	46 
1495	17 
1496	43 
1497	42 
1498	46 
1499	22 
1500	42 
1501	42 
1502	46 
1503	32 
1504	16 
1505	35 
1506	17 
1507	46 
1508	16 
1509	32 
1510	44 
1511	42 
1512	35 
1513	44 
1514	42 
1515	18 
1516	31 
1517	39 
1518	16 
1519	32 
1520	1 
1521	22 
1522	32 
1523	38 
1524	35 
1525	46 
1526	39 
1527	20 
1528	20 
1529	31 
1530	46 
1531	32 
1532	16 
1533	35 
1534	46 
1535	20 
1536	33 
1537	45 
1538	36 
1539	12 
1540	16 
1541	27 
1542	16 
1543	39 
1544	32 
1545	16 
1546	31 
1547	46 
1548	39 
1549	35 
1550	39 
1551	44 
1552	1 
1553	31 
1554	46 
1555	46 
1556	35 
1557	31 
1558	1 
1559	46 
1560	33 
1561	44 
1562	39 
1563	4 
1564	35 
1565	20 
1566	45 
1567	44 
1568	16 
1569	31 
1570	22 
1571	14 
1572	31 
1573	39 
1574	38 
1575	35 
1576	35 
1577	32 
1578	29 
1579	39 
1580	1 
1581	46 
1582	35 
1583	7 
1584	32 
1585	12 
1586	44 
1587	22 
1588	32 
1589	29 
1590	45 
1591	14 
1592	32 
1593	39 
1594	32 
1595	16 
1596	16 
1597	39 
1598	29 
1599	42 
1600	14 
1601	15 
1602	35 
1603	39 
1604	35 
1605	6 
1606	29 
1607	14 
1608	32 
1609	39 
1610	22 
1611	29 
1612	14 
1613	10 
1614	38 
1615	18 
1616	46 
1617	31 
1618	31 
1619	39 
1620	22 
1621	22 
1622	46 
1623	14 
1624	31 
1625	17 
1626	16 
1627	20 
1628	16 
1629	22 
1630	12 
1631	46 
1632	1 
1633	46 
1634	22 
1635	1 
1636	14 
1637	31 
1638	32 
1639	39 
1640	6 
1641	46 
1642	20 
1643	16 
1644	16 
1645	1 
1646	7 
1647	22 
1648	22 
1649	1 
1650	33 
1651	14 
1652	46 
1653	22 
1654	16 
1655	39 
1656	35 
1657	22 
1658	31 
1659	44 
1660	12 
1661	18 
1662	16 
1663	31 
1664	46 
1665	18 
1666	18 
1667	31 
1668	16 
1669	42 
1670	46 
1671	46 
1672	1 
1673	35 
1674	39 
1675	35 
1676	14 
1677	44 
1678	46 
1679	46 
1680	46 
1681	1 
1682	46 
1683	7 
1684	31 
1685	46 
1686	1 
1687	18 
1688	42 
1689	1 
1690	39 
1691	31 
1692	1 
1693	16 
1694	16 
1695	39 
1696	35 
1697	20 
1698	1 
1699	14 
1700	22 
1701	32 
1702	18 
1703	1 
1704	35 
1705	45 
1706	20 
1707	46 
1708	31 
1709	18 
1710	32 
1711	42 
1712	6 
1713	31 
1714	45 
1715	22 
1716	16 
1717	46 
1718	3 
1719	22 
1720	15 
1721	33 
1722	31 
1723	31 
1724	46 
1725	14 
1726	42 
1727	46 
1728	16 
1729	32 
1730	31 
1731	34 
1732	17 
1733	6 
1734	6 
1735	10 
1736	18 
1737	31 
1738	22 
1739	20 
1740	29 
1741	16 
1742	14 
1743	2 
1744	6 
1745	46 
1746	18 
1747	22 
1748	39 
1749	1 
1750	1 
1751	31 
1752	39 
1753	6 
1754	46 
1755	1 
1756	39 
1757	22 
1758	20 
1759	34 
1760	9 
1761	36 
1762	46 
1763	33 
1764	46 
1765	1 
1766	16 
1767	39 
1768	16 
1769	16 
1770	46 
1771	1 
1772	17 
1773	19 
1774	17 
1775	22 
1776	15 
1777	1 
1778	42 
1779	12 
1780	18 
1781	31 
1782	39 
1783	20 
1784	17 
1785	42 
1786	39 
1787	6 
1788	7 
1789	39 
1790	22 
1791	1 
1792	14 
1793	35 
1794	33 
1795	39 
1796	19 
1797	42 
1798	46 
1799	16 
1800	44 
1801	10 
1802	36 
1803	1 
1804	34 
1805	16 
1806	46 
1807	42 
1808	34 
1809	1 
1810	39 
1811	35 
1812	46 
1813	20 
1814	22 
1815	24 
1816	15 
1817	34 
1818	14 
1819	42 
1820	39 
1821	22 
1822	16 
1823	44 
1824	35 
1825	42 
1826	22 
1827	16 
1828	46 
1829	1 
1830	16 
1831	14 
1832	44 
1833	32 
1834	22 
1835	6 
1836	36 
1837	19 
1838	39 
1839	31 
1840	22 
1841	31 
1842	42 
1843	10 
1844	35 
1845	46 
1846	15 
1847	3 
1848	39 
1849	17 
1850	31 
1851	31 
1852	14 
1853	20 
1854	39 
1855	7 
1856	16 
1857	22 
1858	29 
1859	46 
1860	35 
1861	9 
1862	44 
1863	20 
1864	39 
1865	45 
1866	39 
1867	20 
1868	16 
1869	12 
1870	35 
1871	39 
1872	20 
1873	6 
1874	16 
1875	15 
1876	16 
1877	6 
1878	4 
1879	31 
1880	14 
1881	32 
1882	16 
1883	16 
1884	1 
1885	46 
1886	27 
1887	14 
1888	20 
1889	22 
1890	20 
1891	16 
1892	39 
1893	31 
1894	31 
1895	16 
1896	39 
1897	46 
1898	10 
1899	29 
1900	39 
1901	27 
1902	2 
1903	42 
1904	32 
1905	16 
1906	39 
1907	46 
1908	1 
1909	1 
1910	6 
1911	22 
1912	22 
1913	1 
1914	39 
1915	18 
1916	35 
1917	34 
1918	16 
1919	14 
1920	20 
1921	39 
1922	45 
1923	16 
1924	23 
1925	46 
1926	46 
1927	39 
1928	39 
1929	31 
1930	14 
1931	35 
1932	1 
1933	16 
1934	17 
1935	7 
1936	20 
1937	7 
1938	20 
1939	46 
1940	22 
1941	39 
1942	42 
1943	22 
1944	14 
1945	39 
1946	42 
1947	22 
1948	18 
1949	29 
1950	15 
1951	35 
1952	16 
1953	22 
1954	6 
1955	20 
1956	22 
1957	32 
1958	42 
1959	20 
1960	31 
1961	20 
1962	33 
1963	20 
1964	35 
1965	46 
1966	31 
1967	31 
1968	35 
1969	18 
1970	1 
1971	39 
1972	20 
1973	39 
1974	16 
1975	17 
1976	22 
1977	31 
1978	42 
1979	46 
1980	16 
1981	46 
1982	16 
1983	14 
1984	17 
1985	16 
1986	18 
1987	42 
1988	14 
1989	7 
1990	18 
1991	20 
1992	20 
1993	1 
1994	1 
1995	22 
1996	22 
1997	42 
1998	22 
1999	46 
2000	46 
2001	22 
2002	20 
2003	29 
2004	29 
2005	22 
2006	33 
2007	19 
2008	20 
2009	42 
2010	16 
2011	18 
2012	16 
2013	36 
2014	46 
2015	1 
2016	31 
2017	35 
2018	46 
2019	31 
2020	14 
2021	22 
2022	46 
2023	35 
2024	1 
2025	35 
2026	45 
2027	16 
2028	16 
2029	14 
2030	9 
2031	46 
2032	11 
2033	1 
2034	2 
2035	22 
2036	13 
2037	44 
2038	42 
2039	31 
2040	15 
2041	1 
2042	6 
2043	20 
2044	35 
2045	35 
2046	39 
2047	20 
2048	39 
2049	9 
2050	6 
2051	3 
2052	16 
2053	7 
2054	31 
2055	33 
2056	14 
2057	20 
2058	39 
2059	16 
2060	22 
2061	46 
2062	8 
2063	14 
2064	35 
2065	20 
2066	15 
2067	31 
2068	31 
2069	46 
2070	22 
2071	4 
2072	1 
2073	46 
2074	15 
2075	15 
2076	22 
2077	31 
2078	15 
2079	1 
2080	42 
2081	44 
2082	16 
2083	7 
2084	31 
2085	39 
2086	14 
2087	22 
2088	32 
2089	18 
2090	39 
2091	35 
2092	16 
2093	14 
2094	20 
2095	22 
2096	23 
2097	39 
2098	35 
2099	35 
2100	22 
2101	39 
2102	42 
2103	36 
2104	14 
2105	8 
2106	39 
2107	35 
2108	39 
2109	46 
2110	17 
2111	17 
2112	20 
2113	45 
2114	31 
2115	3 
2116	46 
2117	31 
2118	11 
2119	44 
2120	31 
2121	32 
2122	46 
2123	44 
2124	12 
2125	29 
2126	20 
2127	22 
2128	6 
2129	1 
2130	46 
2131	22 
2132	1 
2133	22 
2134	46 
2135	18 
2136	43 
2137	34 
2138	12 
2139	34 
2140	32 
2141	10 
2142	35 
2143	22 
2144	17 
2145	22 
2146	1 
2147	6 
2148	39 
2149	1 
2150	12 
2151	1 
2152	18 
2153	19 
2154	1 
2155	42 
2156	16 
2157	34 
2158	16 
2159	46 
2160	32 
2161	31 
2162	22 
2163	20 
2164	1 
2165	16 
2166	16 
2167	31 
2168	1 
2169	14 
2170	31 
2171	33 
2172	10 
2173	35 
2174	16 
2175	16 
2176	31 
2177	18 
2178	20 
2179	16 
2180	20 
2181	16 
2182	18 
2183	39 
2184	22 
2185	35 
2186	46 
2187	31 
2188	16 
2189	17 
2190	29 
2191	45 
2192	22 
2193	35 
2194	20 
2195	39 
2196	20 
2197	35 
2198	16 
2199	22 
2200	34 
2201	16 
2202	6 
2203	32 
2204	39 
2205	39 
2206	32 
2207	16 
2208	39 
2209	39 
2210	16 
2211	19 
2212	31 
2213	22 
2214	17 
2215	39 
2216	14 
2217	32 
2218	16 
2219	18 
2220	39 
2221	1 
2222	39 
2223	1 
2224	14 
2225	42 
2226	18 
2227	22 
2228	46 
2229	45 
2230	42 
2231	46 
2232	32 
2233	46 
2234	14 
2235	31 
2236	31 
2237	18 
2238	17 
2239	35 
2240	14 
2241	39 
2242	29 
2243	1 
2244	46 
2245	23 
2246	20 
2247	1 
2248	39 
2249	16 
2250	1 
2251	39 
2252	20 
2253	31 
2254	20 
2255	16 
2256	46 
2257	46 
2258	46 
2259	46 
2260	42 
2261	16 
2262	46 
2263	20 
2264	14 
2265	35 
2266	46 
2267	39 
2268	22 
2269	22 
2270	31 
2271	14 
2272	46 
2273	3 
2274	1 
2275	14 
2276	42 
2277	36 
2278	44 
2279	19 
2280	39 
2281	20 
2282	23 
2283	32 
2284	46 
2285	14 
2286	1 
2287	32 
2288	42 
2289	1 
2290	39 
2291	35 
2292	32 
2293	15 
2294	44 
2295	7 
2296	34 
2297	20 
2298	39 
2299	15 
2300	46 
2301	16 
2302	31 
2303	20 
2304	31 
2305	4 
2306	42 
2307	15 
2308	1 
2309	1 
2310	22 
2311	39 
2312	32 
2313	16 
2314	19 
2315	31 
2316	16 
2317	16 
2318	1 
2319	14 
2320	22 
2321	39 
2322	31 
2323	1 
2324	9 
2325	46 
2326	39 
2327	22 
2328	22 
2329	27 
2330	42 
2331	16 
2332	31 
2333	16 
2334	33 
2335	42 
2336	39 
2337	20 
2338	22 
2339	14 
2340	17 
2341	31 
2342	39 
2343	1 
2344	16 
2345	22 
2346	35 
2347	42 
2348	46 
2349	1 
2350	46 
2351	42 
2352	14 
2353	46 
2354	46 
2355	17 
2356	39 
2357	16 
2358	32 
2359	32 
2360	20 
2361	46 
2362	31 
2363	44 
2364	20 
2365	46 
2366	18 
2367	16 
2368	39 
2369	22 
2370	22 
2371	16 
2372	39 
2373	44 
2374	31 
2375	39 
2376	32 
2377	8 
2378	1 
2379	1 
2380	7 
2381	31 
2382	46 
2383	35 
2384	17 
2385	16 
2386	44 
2387	17 
2388	17 
2389	22 
2390	46 
2391	8 
2392	31 
2393	6 
2394	31 
2395	39 
2396	22 
2397	39 
2398	35 
2399	39 
2400	22 
2401	46 
2402	39 
2403	42 
2404	14 
2405	22 
2406	1 
2407	42 
2408	6 
2409	46 
2410	17 
2411	16 
2412	14 
2413	16 
2414	31 
2415	39 
2416	1 
2417	17 
2418	20 
2419	39 
2420	5 
2421	12 
2422	15 
2423	16 
2424	16 
2425	14 
2426	22 
2427	1 
2428	17 
2429	20 
2430	35 
2431	35 
2432	32 
2433	1 
2434	39 
2435	39 
2436	31 
2437	32 
2438	31 
2439	5 
2440	32 
2441	32 
2442	16 
2443	38 
2444	22 
2445	22 
2446	39 
2447	32 
2448	14 
2449	22 
2450	18 
2451	35 
2452	16 
2453	1 
2454	16 
2455	35 
2456	18 
2457	14 
2458	44 
2459	42 
2460	32 
2461	8 
2462	15 
2463	16 
2464	45 
2465	16 
2466	16 
2467	46 
2468	14 
2469	29 
2470	20 
2471	20 
2472	15 
2473	1 
2474	1 
2475	19 
2476	35 
2477	1 
2478	22 
2479	44 
2480	16 
2481	39 
2482	4 
2483	18 
2484	45 
2485	31 
2486	31 
2487	6 
2488	46 
2489	16 
2490	22 
2491	16 
2492	15 
2493	16 
2494	32 
2495	39 
2496	34 
2497	31 
2498	22 
2499	1 
2500	46 
2501	20 
2502	46 
2503	46 
2504	31 
2505	15 
2506	16 
2507	42 
2508	18 
2509	18 
2510	1 
2511	35 
2512	39 
2513	18 
2514	35 
2515	44 
2516	14 
2517	42 
2518	9 
2519	16 
2520	31 
2521	32 
2522	46 
2523	8 
2524	39 
2525	15 
2526	35 
2527	39 
2528	32 
2529	18 
2530	14 
2531	22 
2532	32 
2533	39 
2534	39 
2535	20 
2536	15 
2537	22 
2538	31 
2539	6 
2540	20 
2541	6 
2542	18 
2543	1 
2544	39 
2545	20 
2546	46 
2547	14 
2548	46 
2549	36 
2550	22 
2551	14 
2552	19 
2553	15 
2554	44 
2555	46 
2556	46 
2557	31 
2558	39 
2559	31 
2560	16 
2561	42 
2562	42 
2563	12 
2564	32 
2565	39 
2566	46 
2567	16 
2568	16 
2569	42 
2570	7 
2571	39 
2572	1 
2573	14 
2574	22 
2575	31 
2576	20 
2577	29 
2578	7 
2579	46 
2580	18 
2581	46 
2582	46 
2583	1 
2584	32 
2585	20 
2586	38 
2587	31 
2588	22 
2589	39 
2590	22 
2591	31 
2592	32 
2593	11 
2594	20 
2595	32 
2596	22 
2597	32 
2598	6 
2599	20 
2600	22 
2601	39 
2602	20 
2603	17 
2604	39 
2605	46 
2606	14 
2607	1 
2608	1 
2609	7 
2610	1 
2611	42 
2612	17 
2613	6 
2614	31 
2615	16 
2616	18 
2617	39 
2618	46 
2619	35 
2620	13 
2621	39 
2622	35 
2623	46 
2624	37 
2625	18 
2626	12 
2627	22 
2628	17 
2629	12 
2630	32 
2631	14 
2632	46 
2633	16 
2634	16 
2635	35 
2636	18 
2637	14 
2638	22 
2639	15 
2640	17 
2641	1 
2642	8 
2643	16 
2644	44 
2645	42 
2646	16 
2647	39 
2648	15 
2649	39 
2650	39 
2651	46 
2652	20 
2653	45 
2654	46 
2655	34 
2656	45 
2657	16 
2658	31 
2659	22 
2660	35 
2661	15 
2662	35 
2663	34 
2664	46 
2665	4 
2666	42 
2667	22 
2668	46 
2669	35 
2670	16 
2671	31 
2672	35 
2673	39 
2674	39 
2675	46 
2676	46 
2677	6 
2678	22 
2679	29 
2680	20 
2681	3 
2682	31 
2683	31 
2684	6 
2685	16 
2686	35 
2687	39 
2688	22 
2689	39 
2690	22 
2691	14 
2692	39 
2693	7 
2694	46 
2695	46 
2696	36 
2697	19 
2698	16 
2699	24 
2700	1 
2701	33 
2702	46 
2703	4 
2704	46 
2705	35 
2706	34 
2707	31 
2708	44 
2709	18 
2710	16 
2711	17 
2712	31 
2713	20 
2714	36 
2715	1 
2716	31 
2717	20 
2718	6 
2719	42 
2720	46 
2721	46 
2722	36 
2723	22 
2724	14 
2725	22 
2726	17 
2727	18 
2728	39 
2729	18 
2730	22 
2731	14 
2732	42 
2733	32 
2734	22 
2735	45 
2736	35 
2737	22 
2738	39 
2739	15 
2740	17 
2741	46 
2742	1 
2743	31 
2744	22 
2745	6 
2746	22 
2747	22 
2748	29 
2749	46 
2750	39 
2751	31 
2752	46 
2753	20 
2754	45 
2755	18 
2756	16 
2757	15 
2758	39 
2759	9 
2760	46 
2761	46 
2762	22 
2763	31 
2764	1 
2765	6 
2766	35 
2767	39 
2768	31 
2769	16 
2770	9 
2771	16 
2772	17 
2773	15 
2774	39 
2775	31 
2776	20 
2777	32 
2778	33 
2779	44 
2780	4 
2781	17 
2782	14 
2783	44 
2784	39 
2785	29 
2786	31 
2787	46 
2788	31 
2789	16 
2790	39 
2791	15 
2792	39 
2793	22 
2794	32 
2795	18 
2796	39 
2797	39 
2798	31 
2799	46 
2800	39 
2801	39 
2802	4 
2803	46 
2804	20 
2805	35 
2806	22 
2807	31 
2808	22 
2809	46 
2810	1 
2811	22 
2812	39 
2813	46 
2814	22 
2815	15 
2816	44 
2817	1 
2818	22 
2819	20 
2820	40 
2821	20 
2822	16 
2823	3 
2824	39 
2825	19 
2826	42 
2827	39 
2828	31 
2829	32 
2830	19 
2831	18 
2832	42 
2833	16 
2834	17 
2835	31 
2836	31 
2837	1 
2838	14 
2839	3 
2840	45 
2841	46 
2842	20 
2843	20 
2844	35 
2845	12 
2846	2 
2847	35 
2848	35 
2849	39 
2850	31 
2851	16 
2852	14 
2853	29 
2854	46 
2855	46 
2856	20 
2857	31 
2858	1 
2859	22 
2860	42 
2861	39 
2862	22 
2863	42 
2864	16 
2865	12 
2866	22 
2867	22 
2868	20 
2869	46 
2870	14 
2871	20 
2872	22 
2873	12 
2874	42 
2875	14 
2876	15 
2877	22 
2878	35 
2879	34 
2880	42 
2881	18 
2882	20 
2883	18 
2884	17 
2885	6 
2886	4 
2887	39 
2888	15 
2889	35 
2890	35 
2891	22 
2892	42 
2893	16 
2894	31 
2895	27 
2896	32 
2897	22 
2898	14 
2899	44 
2900	20 
2901	46 
2902	20 
2903	33 
2904	46 
2905	22 
2906	46 
2907	3 
2908	1 
2909	31 
2910	46 
2911	36 
2912	31 
2913	22 
2914	12 
2915	22 
2916	46 
2917	44 
2918	46 
2919	3 
2920	35 
2921	42 
2922	22 
2923	34 
2924	35 
2925	35 
2926	14 
2927	44 
2928	22 
2929	18 
2930	1 
2931	1 
2932	14 
2933	16 
2934	46 
2935	22 
2936	39 
2937	45 
2938	6 
2939	14 
2940	39 
2941	44 
2942	6 
2943	9 
2944	22 
2945	42 
2946	17 
2947	16 
2948	18 
2949	18 
2950	1 
2951	44 
2952	39 
2953	4 
2954	6 
2955	31 
2956	20 
2957	1 
2958	42 
2959	16 
2960	44 
2961	16 
2962	22 
2963	14 
2964	31 
2965	35 
2966	16 
2967	46 
2968	6 
2969	42 
2970	31 
2971	22 
2972	20 
2973	39 
2974	31 
2975	14 
2976	46 
2977	14 
2978	39 
2979	31 
2980	16 
2981	6 
2982	42 
2983	3 
2984	36 
2985	39 
2986	22 
2987	15 
2988	46 
2989	1 
2990	14 
2991	31 
2992	31 
2993	20 
2994	22 
2995	14 
2996	20 
2997	39 
2998	44 
2999	17 
3000	16 
3001	44 
3002	32 
3003	22 
3004	46 
3005	10 
3006	1 
3007	45 
3008	22 
3009	1 
3010	14 
3011	39 
3012	15 
3013	46 
3014	15 
3015	1 
3016	16 
3017	34 
3018	16 
3019	31 
3020	31 
3021	36 
3022	35 
3023	39 
3024	46 
3025	17 
3026	8 
3027	31 
3028	20 
3029	14 
3030	46 
3031	39 
3032	1 
3033	16 
3034	42 
3035	42 
3036	46 
3037	8 
3038	22 
3039	16 
3040	20 
3041	1 
3042	44 
3043	14 
3044	3 
3045	42 
3046	16 
3047	46 
3048	34 
3049	22 
3050	15 
3051	46 
3052	39 
3053	16 
3054	24 
3055	46 
3056	15 
3057	42 
3058	32 
3059	1 
3060	16 
3061	38 
3062	42 
3063	33 
3064	31 
3065	39 
3066	8 
3067	39 
3068	39 
3069	20 
3070	18 
3071	39 
3072	16 
3073	19 
3074	12 
3075	1 
3076	35 
3077	46 
3078	1 
3079	31 
3080	16 
3081	32 
3082	45 
3083	18 
3084	44 
3085	3 
3086	18 
3087	45 
3088	39 
3089	31 
3090	22 
3091	46 
3092	3 
3093	46 
3094	39 
3095	22 
3096	10 
3097	22 
3098	20 
3099	15 
3100	6 
3101	14 
3102	22 
3103	16 
3104	35 
3105	39 
3106	14 
3107	17 
3108	42 
3109	46 
3110	31 
3111	1 
3112	46 
3113	22 
3114	16 
3115	3 
3116	16 
3117	14 
3118	35 
3119	39 
3120	42 
3121	7 
3122	22 
3123	16 
3124	32 
3125	16 
3126	22 
3127	22 
3128	32 
3129	39 
3130	31 
3131	1 
3132	1 
3133	39 
3134	31 
3135	14 
3136	8 
3137	46 
3138	15 
3139	14 
3140	20 
3141	15 
3142	44 
3143	35 
3144	19 
3145	17 
3146	20 
3147	1 
3148	32 
3149	32 
3150	44 
3151	1 
3152	18 
3153	8 
3154	39 
3155	39 
3156	22 
3157	39 
3158	17 
3159	22 
3160	14 
3161	42 
3162	14 
3163	35 
3164	39 
3165	1 
3166	18 
3167	18 
3168	10 
3169	31 
3170	1 
3171	40 
3172	46 
3173	16 
3174	12 
3175	36 
3176	31 
3177	1 
3178	39 
3179	6 
3180	42 
3181	35 
3182	46 
3183	45 
3184	46 
3185	46 
3186	22 
3187	46 
3188	18 
3189	16 
3190	39 
3191	35 
3192	6 
3193	32 
3194	14 
3195	6 
3196	15 
3197	1 
3198	42 
3199	16 
3200	16 
3201	22 
3202	1 
3203	15 
3204	22 
3205	39 
3206	12 
3207	24 
3208	39 
3209	16 
3210	1 
3211	14 
3212	14 
3213	35 
3214	45 
3215	17 
3216	20 
3217	22 
3218	7 
3219	15 
3220	22 
3221	31 
3222	10 
3223	14 
3224	36 
3225	20 
3226	1 
3227	1 
3228	32 
3229	46 
3230	42 
3231	20 
3232	39 
3233	16 
3234	18 
3235	15 
3236	46 
3237	6 
3238	22 
3239	39 
3240	35 
3241	1 
3242	38 
3243	22 
3244	22 
3245	39 
3246	14 
3247	46 
3248	22 
3249	12 
3250	1 
3251	46 
3252	14 
3253	12 
3254	36 
3255	35 
3256	15 
3257	15 
3258	18 
3259	19 
3260	14 
3261	22 
3262	39 
3263	46 
3264	22 
3265	16 
3266	35 
3267	31 
3268	35 
3269	35 
3270	39 
3271	44 
3272	14 
3273	46 
3274	4 
3275	16 
3276	18 
3277	46 
3278	16 
3279	46 
3280	14 
3281	35 
3282	42 
3283	31 
3284	31 
3285	22 
3286	14 
3287	39 
3288	16 
3289	35 
3290	31 
3291	31 
3292	22 
3293	32 
3294	16 
3295	32 
3296	39 
3297	34 
3298	46 
3299	46 
3300	46 
3301	20 
3302	3 
3303	46 
3304	1 
3305	39 
3306	17 
3307	22 
3308	46 
3309	1 
3310	34 
3311	20 
3312	35 
3313	32 
3314	42 
3315	11 
3316	40 
3317	35 
3318	14 
3319	38 
3320	36 
3321	15 
3322	17 
3323	16 
3324	31 
3325	31 
3326	44 
3327	31 
3328	20 
3329	20 
3330	46 
3331	6 
3332	34 
3333	31 
3334	35 
3335	6 
3336	11 
3337	16 
3338	22 
3339	32 
3340	24 
3341	20 
3342	15 
3343	35 
3344	16 
3345	8 
3346	9 
3347	14 
3348	22 
3349	34 
3350	46 
3351	39 
3352	42 
3353	12 
3354	16 
3355	15 
3356	22 
3357	31 
3358	16 
3359	22 
3360	31 
3361	34 
3362	45 
3363	1 
3364	18 
3365	22 
3366	42 
3367	42 
3368	14 
3369	22 
3370	20 
3371	22 
3372	44 
3373	19 
3374	39 
3375	32 
3376	15 
3377	35 
3378	8 
3379	22 
3380	44 
3381	16 
3382	39 
3383	6 
3384	3 
3385	31 
3386	35 
3387	39 
3388	31 
3389	22 
3390	32 
3391	22 
3392	22 
3393	14 
3394	34 
3395	18 
3396	42 
3397	18 
3398	1 
3399	44 
3400	46 
3401	32 
3402	7 
3403	16 
3404	32 
3405	33 
3406	1 
3407	35 
3408	31 
3409	39 
3410	1 
3411	34 
3412	20 
3413	32 
3414	15 
3415	42 
3416	1 
3417	22 
3418	3 
3419	14 
3420	35 
3421	39 
3422	32 
3423	46 
3424	17 
3425	46 
3426	14 
3427	16 
3428	46 
3429	35 
3430	16 
3431	31 
3432	15 
3433	46 
3434	42 
3435	31 
3436	22 
3437	22 
3438	15 
3439	35 
3440	39 
3441	32 
3442	22 
3443	31 
3444	6 
3445	7 
3446	20 
3447	3 
3448	22 
3449	14 
3450	44 
3451	12 
3452	32 
3453	16 
3454	31 
3455	5 
3456	12 
3457	7 
3458	46 
3459	31 
3460	39 
3461	16 
3462	20 
3463	46 
3464	33 
3465	31 
3466	42 
3467	42 
3468	31 
3469	32 
3470	20 
3471	16 
3472	18 
3473	39 
3474	1 
3475	1 
3476	20 
3477	46 
3478	35 
3479	46 
3480	46 
3481	6 
3482	32 
3483	31 
3484	35 
3485	24 
3486	31 
3487	42 
3488	46 
3489	35 
3490	39 
3491	3 
3492	6 
3493	15 
3494	22 
3495	31 
3496	35 
3497	1 
3498	39 
3499	22 
3500	14 
3501	17 
3502	14 
3503	31 
3504	20 
3505	16 
3506	35 
3507	17 
3508	17 
3509	31 
3510	32 
3511	35 
3512	17 
3513	22 
3514	16 
3515	15 
3516	16 
3517	17 
3518	22 
3519	18 
3520	32 
3521	22 
3522	3 
3523	1 
3524	39 
3525	1 
3526	18 
3527	32 
3528	46 
3529	22 
3530	16 
3531	1 
3532	14 
3533	22 
3534	32 
3535	3 
3536	22 
3537	18 
3538	46 
3539	6 
3540	46 
3541	39 
3542	46 
3543	39 
3544	36 
3545	16 
3546	15 
3547	32 
3548	17 
3549	16 
3550	32 
3551	31 
3552	20 
3553	33 
3554	18 
3555	16 
3556	22 
3557	6 
3558	29 
3559	31 
3560	16 
3561	32 
3562	31 
3563	39 
3564	18 
3565	31 
3566	20 
3567	22 
3568	45 
3569	35 
3570	6 
3571	35 
3572	39 
3573	3 
3574	39 
3575	39 
3576	45 
3577	42 
3578	39 
3579	20 
3580	36 
3581	1 
3582	1 
3583	16 
3584	18 
3585	1 
3586	22 
3587	8 
3588	31 
3589	46 
3590	44 
3591	18 
3592	39 
3593	15 
3594	31 
3595	4 
3596	31 
3597	31 
3598	42 
3599	39 
3600	44 
3601	6 
3602	19 
3603	16 
3604	14 
3605	22 
3606	7 
3607	14 
3608	1 
3609	32 
3610	16 
3611	16 
3612	3 
3613	46 
3614	31 
3615	22 
3616	8 
3617	14 
3618	20 
3619	9 
3620	46 
3621	38 
3622	42 
3623	44 
3624	22 
3625	45 
3626	18 
3627	16 
3628	22 
3629	35 
3630	20 
3631	18 
3632	39 
3633	22 
3634	33 
3635	6 
3636	10 
3637	45 
3638	18 
3639	18 
3640	35 
3641	34 
3642	35 
3643	29 
3644	5 
3645	22 
3646	16 
3647	16 
3648	40 
3649	16 
3650	33 
3651	16 
3652	42 
3653	15 
3654	44 
3655	22 
3656	32 
3657	46 
3658	39 
3659	15 
3660	46 
3661	31 
3662	16 
3663	33 
3664	31 
3665	33 
3666	40 
3667	42 
3668	12 
3669	42 
3670	1 
3671	31 
3672	7 
3673	33 
3674	22 
3675	31 
3676	20 
3677	16 
3678	12 
3679	1 
3680	40 
3681	44 
3682	16 
3683	36 
3684	44 
3685	20 
3686	1 
3687	15 
3688	32 
3689	32 
3690	22 
3691	46 
3692	19 
3693	39 
3694	46 
3695	31 
3696	42 
3697	22 
3698	1 
3699	31 
3700	32 
3701	39 
3702	15 
3703	10 
3704	14 
3705	35 
3706	35 
3707	31 
3708	20 
3709	1 
3710	16 
3711	20 
3712	15 
3713	32 
3714	22 
3715	42 
3716	46 
3717	36 
3718	14 
3719	7 
3720	17 
3721	32 
3722	29 
3723	16 
3724	32 
3725	29 
3726	6 
3727	1 
3728	22 
3729	22 
3730	45 
3731	4 
3732	39 
3733	16 
3734	39 
3735	46 
3736	32 
3737	42 
3738	22 
3739	46 
3740	15 
3741	22 
3742	31 
3743	44 
3744	10 
3745	6 
3746	22 
3747	22 
3748	5 
3749	46 
3750	46 
3751	42 
3752	46 
3753	3 
3754	6 
3755	20 
3756	14 
3757	22 
3758	39 
3759	42 
3760	39 
3761	16 
3762	39 
3763	1 
3764	29 
3765	39 
3766	1 
3767	22 
3768	31 
3769	39 
3770	32 
3771	46 
3772	22 
3773	1 
3774	5 
3775	22 
3776	39 
3777	16 
3778	1 
3779	39 
3780	31 
3781	34 
3782	46 
3783	15 
3784	18 
3785	1 
3786	16 
3787	44 
3788	14 
3789	20 
3790	39 
3791	22 
3792	1 
3793	31 
3794	38 
3795	1 
3796	39 
3797	14 
3798	32 
3799	8 
3800	46 
3801	42 
3802	6 
3803	12 
3804	46 
3805	46 
3806	1 
3807	17 
3808	14 
3809	1 
3810	16 
3811	31 
3812	42 
3813	36 
3814	35 
3815	17 
3816	16 
3817	31 
3818	39 
3819	16 
3820	3 
3821	9 
3822	22 
3823	12 
3824	35 
3825	20 
3826	46 
3827	39 
3828	1 
3829	22 
3830	46 
3831	42 
3832	5 
3833	8 
3834	1 
3835	35 
3836	15 
3837	22 
3838	46 
3839	22 
3840	46 
3841	18 
3842	16 
3843	45 
3844	46 
3845	15 
3846	46 
3847	1 
3848	35 
3849	19 
3850	31 
3851	8 
3852	39 
3853	1 
3854	20 
3855	29 
3856	16 
3857	44 
3858	31 
3859	16 
3860	16 
3861	1 
3862	46 
3863	36 
3864	16 
3865	19 
3866	39 
3867	1 
3868	44 
3869	45 
3870	4 
3871	18 
3872	46 
3873	32 
3874	35 
3875	22 
3876	46 
3877	46 
3878	14 
3879	45 
3880	16 
3881	32 
3882	31 
3883	22 
3884	20 
3885	42 
3886	32 
3887	22 
3888	16 
3889	14 
3890	8 
3891	1 
3892	39 
3893	22 
3894	22 
3895	22 
3896	31 
3897	35 
3898	46 
3899	6 
3900	1 
3901	16 
3902	1 
3903	6 
3904	1 
3905	35 
3906	22 
3907	17 
3908	18 
3909	46 
3910	16 
3911	22 
3912	16 
3913	22 
3914	22 
3915	1 
3916	31 
3917	32 
3918	1 
3919	16 
3920	17 
3921	16 
3922	32 
3923	16 
3924	46 
3925	42 
3926	44 
3927	1 
3928	31 
3929	16 
3930	16 
3931	20 
3932	45 
3933	39 
3934	32 
3935	4 
3936	35 
3937	39 
3938	22 
3939	18 
3940	6 
3941	22 
3942	17 
3943	39 
3944	39 
3945	14 
3946	31 
3947	16 
3948	29 
3949	1 
3950	46 
3951	22 
3952	6 
3953	42 
3954	39 
3955	46 
3956	18 
3957	20 
3958	44 
3959	1 
3960	36 
3961	6 
3962	15 
3963	35 
3964	29 
3965	1 
3966	32 
3967	20 
3968	46 
3969	34 
3970	15 
3971	39 
3972	45 
3973	44 
3974	32 
3975	5 
3976	16 
3977	14 
3978	32 
3979	14 
3980	46 
3981	16 
3982	35 
3983	19 
3984	14 
3985	31 
3986	16 
3987	6 
3988	8 
3989	18 
3990	14 
3991	3 
3992	22 
3993	32 
3994	1 
3995	14 
3996	29 
3997	1 
3998	16 
3999	16 
4000	46 
4001	22 
4002	29 
4003	16 
4004	35 
4005	22 
4006	39 
4007	35 
4008	46 
4009	14 
4010	39 
4011	31 
4012	32 
4013	18 
4014	46 
4015	17 
4016	39 
4017	22 
4018	42 
4019	1 
4020	14 
4021	15 
4022	31 
4023	15 
4024	32 
4025	18 
4026	32 
4027	16 
4028	17 
4029	46 
4030	22 
4031	6 
4032	8 
4033	34 
4034	16 
4035	7 
4036	17 
4037	3 
4038	8 
4039	32 
4040	15 
4041	39 
4042	39 
4043	12 
4044	6 
4045	32 
4046	31 
4047	22 
4048	6 
4049	14 
4050	1 
4051	1 
4052	20 
4053	42 
4054	31 
4055	35 
4056	22 
4057	46 
4058	39 
4059	46 
4060	35 
4061	1 
4062	20 
4063	1 
4064	46 
4065	20 
4066	32 
4067	42 
4068	1 
4069	34 
4070	31 
4071	35 
4072	39 
4073	12 
4074	46 
4075	15 
4076	16 
4077	46 
4078	3 
4079	15 
4080	39 
4081	22 
4082	22 
4083	1 
4084	8 
4085	6 
4086	22 
4087	18 
4088	45 
4089	17 
4090	19 
4091	22 
4092	17 
4093	1 
4094	16 
4095	44 
4096	1 
4097	46 
4098	32 
4099	18 
4100	16 
4101	5 
4102	42 
4103	22 
4104	44 
4105	46 
4106	31 
4107	1 
4108	20 
4109	20 
4110	16 
4111	31 
4112	29 
4113	31 
4114	14 
4115	39 
4116	15 
4117	17 
4118	42 
4119	1 
4120	39 
4121	20 
4122	22 
4123	44 
4124	31 
4125	46 
4126	14 
4127	22 
4128	7 
4129	46 
4130	22 
4131	12 
4132	16 
4133	16 
4134	39 
4135	1 
4136	15 
4137	44 
4138	20 
4139	46 
4140	31 
4141	22 
4142	29 
4143	39 
4144	35 
4145	39 
4146	6 
4147	46 
4148	17 
4149	35 
4150	18 
4151	31 
4152	1 
4153	16 
4154	22 
4155	1 
4156	35 
4157	20 
4158	20 
4159	46 
4160	46 
4161	16 
4162	39 
4163	18 
4164	46 
4165	34 
4166	16 
4167	39 
4168	22 
4169	39 
4170	1 
4171	31 
4172	46 
4173	46 
4174	19 
4175	1 
4176	46 
4177	46 
4178	15 
4179	31 
4180	39 
4181	35 
4182	46 
4183	44 
4184	14 
4185	39 
4186	42 
4187	46 
4188	14 
4189	12 
4190	18 
4191	39 
4192	16 
4193	18 
4194	1 
4195	42 
4196	14 
4197	33 
4198	32 
4199	14 
4200	16 
4201	46 
4202	31 
4203	39 
4204	15 
4205	39 
4206	22 
4207	9 
4208	16 
4209	17 
4210	39 
4211	14 
4212	12 
4213	15 
4214	14 
4215	16 
4216	1 
4217	22 
4218	16 
4219	46 
4220	16 
4221	39 
4222	16 
4223	16 
4224	1 
4225	46 
4226	39 
4227	32 
4228	31 
4229	35 
4230	39 
4231	16 
4232	14 
4233	20 
4234	22 
4235	31 
4236	14 
4237	39 
4238	46 
4239	46 
4240	32 
4241	31 
4242	1 
4243	45 
4244	35 
4245	46 
4246	31 
4247	20 
4248	32 
4249	31 
4250	46 
4251	46 
4252	32 
4253	10 
4254	22 
4255	32 
4256	39 
4257	39 
4258	32 
4259	1 
4260	16 
4261	16 
4262	46 
4263	46 
4264	36 
4265	22 
4266	22 
4267	44 
4268	31 
4269	15 
4270	22 
4271	39 
4272	18 
4273	22 
4274	29 
4275	46 
4276	1 
4277	39 
4278	1 
4279	42 
4280	32 
4281	7 
4282	32 
4283	31 
4284	35 
4285	46 
4286	35 
4287	33 
4288	22 
4289	39 
4290	36 
4291	18 
4292	8 
4293	6 
4294	46 
4295	34 
4296	20 
4297	16 
4298	18 
4299	3 
4300	35 
4301	17 
4302	15 
4303	16 
4304	46 
4305	39 
4306	29 
4307	1 
4308	14 
4309	17 
4310	20 
4311	18 
4312	18 
4313	16 
4314	20 
4315	20 
4316	39 
4317	6 
4318	46 
4319	20 
4320	29 
4321	22 
4322	44 
4323	46 
4324	31 
4325	45 
4326	1 
4327	44 
4328	9 
4329	1 
4330	14 
4331	35 
4332	35 
4333	18 
4334	35 
4335	15 
4336	22 
4337	32 
4338	16 
4339	20 
4340	17 
4341	22 
4342	15 
4343	17 
4344	22 
4345	1 
4346	42 
4347	32 
4348	1 
4349	20 
4350	18 
4351	18 
4352	31 
4353	14 
4354	6 
4355	16 
4356	44 
4357	35 
4358	35 
4359	32 
4360	29 
4361	42 
4362	22 
4363	32 
4364	22 
4365	46 
4366	35 
4367	46 
4368	39 
4369	33 
4370	16 
4371	39 
4372	22 
4373	6 
4374	29 
4375	46 
4376	12 
4377	22 
4378	42 
4379	19 
4380	22 
4381	1 
4382	31 
4383	46 
4384	31 
4385	46 
4386	39 
4387	20 
4388	44 
4389	20 
4390	14 
4391	16 
4392	18 
4393	42 
4394	22 
4395	14 
4396	46 
4397	18 
4398	31 
4399	22 
4400	9 
4401	22 
4402	14 
4403	15 
4404	35 
4405	22 
4406	39 
4407	16 
4408	46 
4409	36 
4410	44 
4411	35 
4412	14 
4413	12 
4414	44 
4415	16 
4416	39 
4417	18 
4418	16 
4419	46 
4420	44 
4421	29 
4422	1 
4423	31 
4424	1 
4425	1 
4426	19 
4427	31 
4428	39 
4429	44 
4430	20 
4431	20 
4432	44 
4433	14 
4434	46 
4435	16 
4436	16 
4437	32 
4438	16 
4439	32 
4440	14 
4441	16 
4442	16 
4443	32 
4444	14 
4445	3 
4446	16 
4447	14 
4448	1 
4449	39 
4450	42 
4451	16 
4452	39 
4453	39 
4454	42 
4455	46 
4456	15 
4457	15 
4458	6 
4459	46 
4460	22 
4461	6 
4462	31 
4463	46 
4464	7 
4465	6 
4466	1 
4467	46 
4468	35 
4469	32 
4470	15 
4471	1 
4472	32 
4473	1 
4474	35 
4475	35 
4476	46 
4477	16 
4478	39 
4479	22 
4480	46 
4481	22 
4482	1 
4483	12 
4484	15 
4485	20 
4486	19 
4487	46 
4488	32 
4489	15 
4490	16 
4491	1 
4492	17 
4493	32 
4494	14 
4495	18 
4496	32 
4497	31 
4498	44 
4499	44 
4500	22 
4501	22 
4502	35 
4503	35 
4504	46 
4505	20 
4506	44 
4507	36 
4508	46 
4509	46 
4510	18 
4511	39 
4512	42 
4513	46 
4514	31 
4515	42 
4516	35 
4517	1 
4518	15 
4519	6 
4520	16 
4521	18 
4522	1 
4523	16 
4524	42 
4525	1 
4526	44 
4527	22 
4528	42 
4529	39 
4530	31 
4531	31 
4532	42 
4533	20 
4534	46 
4535	32 
4536	3 
4537	1 
4538	34 
4539	42 
4540	35 
4541	32 
4542	39 
4543	1 
4544	42 
4545	6 
4546	22 
4547	20 
4548	6 
4549	22 
4550	32 
4551	36 
4552	1 
4553	20 
4554	46 
4555	39 
4556	46 
4557	44 
4558	8 
4559	22 
4560	32 
4561	15 
4562	22 
4563	17 
4564	31 
4565	35 
4566	16 
4567	33 
4568	39 
4569	32 
4570	39 
4571	31 
4572	15 
4573	16 
4574	1 
4575	31 
4576	19 
4577	32 
4578	18 
4579	20 
4580	18 
4581	22 
4582	22 
4583	32 
4584	42 
4585	1 
4586	20 
4587	46 
4588	20 
4589	33 
4590	46 
4591	1 
4592	46 
4593	17 
4594	42 
4595	39 
4596	39 
4597	31 
4598	39 
4599	3 
4600	16 
4601	42 
4602	42 
4603	34 
4604	16 
4605	46 
4606	1 
4607	39 
4608	1 
4609	1 
4610	31 
4611	14 
4612	39 
4613	46 
4614	22 
4615	3 
4616	17 
4617	22 
4618	46 
4619	34 
4620	33 
4621	18 
4622	14 
4623	16 
4624	17 
4625	22 
4626	8 
4627	15 
4628	15 
4629	39 
4630	32 
4631	46 
4632	22 
4633	32 
4634	1 
4635	16 
4636	18 
4637	16 
4638	1 
4639	45 
4640	15 
4641	16 
4642	1 
4643	42 
4644	46 
4645	35 
4646	34 
4647	22 
4648	32 
4649	20 
4650	46 
4651	45 
4652	42 
4653	22 
4654	16 
4655	35 
4656	46 
4657	46 
4658	1 
4659	20 
4660	14 
4661	14 
4662	22 
4663	16 
4664	20 
4665	20 
4666	35 
4667	12 
4668	46 
4669	42 
4670	22 
4671	14 
4672	1 
4673	17 
4674	16 
4675	31 
4676	42 
4677	16 
4678	12 
4679	15 
4680	20 
4681	22 
4682	46 
4683	16 
4684	1 
4685	39 
4686	39 
4687	22 
4688	22 
4689	31 
4690	32 
4691	39 
4692	20 
4693	16 
4694	16 
4695	35 
4696	39 
4697	15 
4698	22 
4699	42 
4700	39 
4701	29 
4702	39 
4703	39 
4704	16 
4705	32 
4706	32 
4707	39 
4708	1 
4709	32 
4710	20 
4711	20 
4712	18 
4713	1 
4714	39 
4715	1 
4716	17 
4717	18 
4718	16 
4719	31 
4720	14 
4721	39 
4722	35 
4723	1 
4724	1 
4725	44 
4726	42 
4727	39 
4728	46 
4729	46 
4730	17 
4731	35 
4732	14 
4733	16 
4734	14 
4735	32 
4736	39 
4737	18 
4738	32 
4739	15 
4740	35 
4741	12 
4742	16 
4743	35 
4744	22 
4745	1 
4746	44 
4747	1 
4748	42 
4749	46 
4750	31 
4751	39 
4752	46 
4753	17 
4754	46 
4755	22 
4756	22 
4757	45 
4758	45 
4759	31 
4760	31 
4761	42 
4762	39 
4763	46 
4764	20 
4765	45 
4766	14 
4767	20 
4768	20 
4769	31 
4770	16 
4771	39 
4772	35 
4773	22 
4774	32 
4775	18 
4776	16 
4777	1 
4778	45 
4779	17 
4780	42 
4781	31 
4782	31 
4783	39 
4784	22 
4785	35 
4786	39 
4787	18 
4788	20 
4789	39 
4790	16 
4791	22 
4792	39 
4793	1 
4794	35 
4795	14 
4796	35 
4797	20 
4798	16 
4799	20 
4800	46 
4801	35 
4802	1 
4803	18 
4804	39 
4805	16 
4806	32 
4807	14 
4808	22 
4809	16 
4810	16 
4811	42 
4812	20 
4813	32 
4814	35 
4815	22 
4816	22 
4817	39 
4818	1 
4819	31 
4820	31 
4821	39 
4822	32 
4823	42 
4824	39 
4825	35 
4826	31 
4827	31 
4828	39 
4829	22 
4830	22 
4831	44 
4832	22 
4833	31 
4834	46 
4835	22 
4836	18 
4837	31 
4838	39 
4839	16 
4840	32 
4841	32 
4842	32 
4843	44 
4844	42 
4845	1 
4846	22 
4847	35 
4848	31 
4849	14 
4850	16 
4851	42 
4852	31 
4853	46 
4854	32 
4855	46 
4856	16 
4857	32 
4858	22 
4859	1 
4860	31 
4861	16 
4862	39 
4863	39 
4864	46 
4865	18 
4866	39 
4867	39 
4868	16 
4869	22 
4870	22 
4871	17 
4872	1 
4873	32 
4874	31 
4875	1 
4876	39 
4877	15 
4878	42 
4879	20 
4880	42 
4881	15 
4882	31 
4883	22 
4884	35 
4885	18 
4886	14 
4887	6 
4888	35 
4889	20 
4890	14 
4891	42 
4892	31 
4893	16 
4894	39 
4895	46 
4896	17 
4897	22 
4898	1 
4899	31 
4900	46 
4901	31 
4902	20 
4903	46 
4904	16 
4905	46 
4906	17 
4907	1 
4908	46 
4909	35 
4910	22 
4911	31 
4912	14 
4913	14 
4914	46 
4915	42 
4916	20 
4917	14 
4918	16 
4919	14 
4920	16 
4921	39 
4922	35 
4923	32 
4924	31 
4925	18 
4926	31 
4927	31 
4928	16 
4929	39 
4930	16 
4931	39 
4932	1 
4933	22 
4934	22 
4935	16 
4936	16 
4937	31 
4938	31 
4939	22 
4940	32 
4941	1 
4942	16 
4943	14 
4944	16 
4945	22 
4946	20 
4947	32 
4948	1 
4949	39 
4950	35 
4951	22 
4952	22 
4953	31 
4954	39 
4955	35 
4956	39 
4957	1 
4958	16 
4959	22 
4960	46 
4961	46 
4962	16 
4963	39 
4964	35 
4965	46 
4966	39 
4967	46 
4968	35 
4969	22 
4970	20 
4971	20 
4972	22 
4973	22 
4974	35 
4975	22 
4976	22 
4977	35 
4978	46 
4979	1 
4980	16 
4981	31 
4982	39 
4983	1 
4984	16 
4985	22 
4986	39 
4987	39 
4988	16 
4989	39 
4990	46 
4991	1 
4992	16 
4993	22 
4994	16 
4995	39 
4996	39 
4997	16 
4998	46 
4999	39 
5000	22 
