1	2 
2	18 
3	25 
4	18 
5	21 
6	4 
7	6 
8	23 
9	10 
10	2 
11	27 
12	12 
13	3 
14	28 
15	28 
16	12 
17	6 
18	2 
19	28 
20	27 
21	27 
22	5 
23	3 
24	21 
25	27 
26	10 
27	2 
28	17 
29	6 
30	16 
31	9 
32	29 
33	28 
34	9 
35	18 
36	23 
37	28 
38	25 
39	30 
40	28 
41	1 
42	18 
43	25 
44	10 
45	14 
46	27 
47	2 
48	27 
49	30 
50	2 
51	24 
52	17 
53	6 
54	20 
55	14 
56	25 
57	25 
58	26 
59	29 
60	25 
61	20 
62	29 
63	5 
64	28 
65	24 
66	20 
67	19 
68	29 
69	1 
70	29 
71	2 
72	21 
73	19 
74	17 
75	15 
76	16 
77	24 
78	9 
79	25 
80	26 
81	12 
82	14 
83	1 
84	4 
85	28 
86	3 
87	17 
88	6 
89	19 
90	11 
91	28 
92	16 
93	11 
94	3 
95	20 
96	23 
97	25 
98	28 
99	16 
100	6 
101	9 
102	2 
103	10 
104	20 
105	10 
106	20 
107	27 
108	9 
109	30 
110	29 
111	18 
112	30 
113	6 
114	9 
115	23 
116	18 
117	19 
118	29 
119	14 
120	8 
121	3 
122	16 
123	20 
124	22 
125	24 
126	17 
127	8 
128	11 
129	23 
130	2 
131	28 
132	13 
133	9 
134	11 
135	25 
136	3 
137	13 
138	9 
139	2 
140	15 
141	26 
142	5 
143	7 
144	30 
145	10 
146	24 
147	14 
148	5 
149	18 
150	23 
151	10 
152	27 
153	12 
154	9 
155	25 
156	25 
157	18 
158	28 
159	11 
160	4 
161	5 
162	21 
163	19 
164	4 
165	9 
166	2 
167	6 
168	15 
169	16 
170	22 
171	30 
172	3 
173	2 
174	23 
175	1 
176	30 
177	29 
178	14 
179	22 
180	25 
181	28 
182	18 
183	29 
184	25 
185	27 
186	27 
187	25 
188	21 
189	26 
190	12 
191	1 
192	6 
193	15 
194	25 
195	10 
196	9 
197	19 
198	3 
199	4 
200	8 
201	11 
202	12 
203	30 
204	19 
205	22 
206	2 
207	22 
208	5 
209	12 
210	16 
211	15 
212	2 
213	18 
214	5 
215	27 
216	27 
217	10 
218	14 
219	18 
220	20 
221	16 
222	19 
223	29 
224	14 
225	23 
226	20 
227	23 
228	16 
229	29 
230	26 
231	28 
232	9 
233	29 
234	1 
235	24 
236	18 
237	14 
238	15 
239	28 
240	19 
241	1 
242	20 
243	11 
244	26 
245	9 
246	27 
247	3 
248	2 
249	16 
250	19 
251	5 
252	4 
253	28 
254	2 
255	3 
256	9 
257	15 
258	18 
259	27 
260	1 
261	2 
262	26 
263	16 
264	13 
265	25 
266	6 
267	27 
268	10 
269	15 
270	14 
271	28 
272	30 
273	15 
274	20 
275	12 
276	14 
277	15 
278	28 
279	21 
280	14 
281	4 
282	28 
283	29 
284	12 
285	9 
286	3 
287	17 
288	13 
289	15 
290	15 
291	16 
292	1 
293	27 
294	16 
295	25 
296	26 
297	13 
298	25 
299	14 
300	30 
301	14 
302	30 
303	4 
304	6 
305	15 
306	25 
307	14 
308	27 
309	17 
310	3 
311	16 
312	1 
313	5 
314	9 
315	8 
316	6 
317	8 
318	18 
319	18 
320	11 
321	4 
322	21 
323	27 
324	29 
325	29 
326	4 
327	24 
328	12 
329	25 
330	26 
331	10 
332	6 
333	3 
334	7 
335	4 
336	9 
337	5 
338	6 
339	26 
340	20 
341	11 
342	8 
343	5 
344	30 
345	28 
346	6 
347	25 
348	4 
349	8 
350	12 
351	3 
352	5 
353	13 
354	7 
355	20 
356	3 
357	3 
358	18 
359	20 
360	27 
361	7 
362	18 
363	23 
364	23 
365	3 
366	2 
367	12 
368	29 
369	7 
370	29 
371	10 
372	26 
373	3 
374	20 
375	22 
376	23 
377	14 
378	1 
379	28 
380	20 
381	9 
382	15 
383	29 
384	6 
385	11 
386	26 
387	28 
388	20 
389	3 
390	9 
391	1 
392	29 
393	20 
394	30 
395	2 
396	14 
397	12 
398	22 
399	25 
400	24 
401	23 
402	24 
403	29 
404	7 
405	8 
406	12 
407	28 
408	23 
409	26 
410	15 
411	5 
412	8 
413	19 
414	3 
415	5 
416	15 
417	16 
418	28 
419	12 
420	13 
421	23 
422	24 
423	6 
424	14 
425	19 
426	27 
427	20 
428	22 
429	26 
430	3 
431	26 
432	17 
433	6 
434	21 
435	18 
436	18 
437	20 
438	26 
439	3 
440	25 
441	11 
442	26 
443	4 
444	16 
445	10 
446	2 
447	28 
448	20 
449	30 
450	15 
451	1 
452	27 
453	29 
454	14 
455	26 
456	22 
457	25 
458	28 
459	5 
460	15 
461	21 
462	19 
463	5 
464	6 
465	13 
466	22 
467	27 
468	21 
469	20 
470	22 
471	24 
472	7 
473	17 
474	6 
475	24 
476	29 
477	8 
478	27 
479	7 
480	18 
481	22 
482	18 
483	7 
484	28 
485	25 
486	5 
487	25 
488	23 
489	20 
490	11 
491	28 
492	18 
493	24 
494	18 
495	30 
496	23 
497	8 
498	4 
499	9 
500	10 
501	2 
502	26 
503	10 
504	28 
505	7 
506	5 
507	19 
508	28 
509	28 
510	28 
511	30 
512	2 
513	9 
514	22 
515	19 
516	5 
517	22 
518	28 
519	22 
520	24 
521	26 
522	28 
523	15 
524	16 
525	18 
526	14 
527	1 
528	28 
529	21 
530	9 
531	24 
532	2 
533	22 
534	11 
535	14 
536	3 
537	9 
538	18 
539	1 
540	30 
541	23 
542	18 
543	12 
544	15 
545	1 
546	10 
547	20 
548	27 
549	11 
550	23 
551	22 
552	14 
553	15 
554	5 
555	13 
556	16 
557	17 
558	15 
559	14 
560	12 
561	14 
562	2 
563	18 
564	18 
565	3 
566	4 
567	1 
568	23 
569	9 
570	24 
571	22 
572	24 
573	26 
574	10 
575	18 
576	18 
577	24 
578	11 
579	15 
580	26 
581	29 
582	5 
583	13 
584	27 
585	15 
586	9 
587	22 
588	27 
589	5 
590	1 
591	18 
592	14 
593	10 
594	9 
595	15 
596	1 
597	20 
598	17 
599	9 
600	2 
601	5 
602	2 
603	15 
604	27 
605	21 
606	8 
607	21 
608	12 
609	4 
610	1 
611	11 
612	12 
613	29 
614	30 
615	30 
616	29 
617	18 
618	11 
619	21 
620	19 
621	27 
622	14 
623	29 
624	2 
625	28 
626	29 
627	22 
628	19 
629	22 
630	5 
631	7 
632	17 
633	22 
634	29 
635	19 
636	20 
637	16 
638	14 
639	14 
640	14 
641	21 
642	27 
643	17 
644	25 
645	4 
646	6 
647	29 
648	19 
649	2 
650	30 
651	25 
652	7 
653	8 
654	30 
655	19 
656	8 
657	11 
658	12 
659	10 
660	7 
661	19 
662	3 
663	20 
664	18 
665	6 
666	5 
667	4 
668	15 
669	13 
670	10 
671	14 
672	13 
673	21 
674	25 
675	10 
676	14 
677	1 
678	23 
679	8 
680	20 
681	7 
682	10 
683	20 
684	6 
685	2 
686	1 
687	19 
688	6 
689	29 
690	23 
691	3 
692	14 
693	24 
694	22 
695	27 
696	3 
697	8 
698	30 
699	18 
700	4 
701	7 
702	2 
703	29 
704	13 
705	18 
706	11 
707	11 
708	3 
709	15 
710	23 
711	23 
712	27 
713	1 
714	4 
715	28 
716	29 
717	9 
718	26 
719	15 
720	25 
721	2 
722	5 
723	14 
724	29 
725	27 
726	20 
727	2 
728	9 
729	24 
730	10 
731	25 
732	20 
733	21 
734	21 
735	5 
736	9 
737	14 
738	15 
739	14 
740	16 
741	2 
742	28 
743	25 
744	6 
745	6 
746	22 
747	30 
748	24 
749	27 
750	6 
751	7 
752	18 
753	12 
754	4 
755	16 
756	13 
757	4 
758	28 
759	10 
760	18 
761	26 
762	27 
763	23 
764	29 
765	24 
766	21 
767	7 
768	9 
769	12 
770	12 
771	28 
772	11 
773	22 
774	28 
775	18 
776	1 
777	14 
778	5 
779	13 
780	20 
781	1 
782	7 
783	2 
784	27 
785	4 
786	10 
787	10 
788	5 
789	24 
790	29 
791	25 
792	28 
793	23 
794	11 
795	17 
796	30 
797	2 
798	15 
799	2 
800	28 
801	8 
802	25 
803	25 
804	15 
805	26 
806	7 
807	14 
808	11 
809	1 
810	7 
811	10 
812	14 
813	5 
814	28 
815	11 
816	23 
817	5 
818	26 
819	18 
820	20 
821	14 
822	27 
823	10 
824	13 
825	9 
826	16 
827	6 
828	21 
829	10 
830	4 
831	24 
832	2 
833	3 
834	29 
835	6 
836	6 
837	5 
838	13 
839	12 
840	28 
841	21 
842	9 
843	14 
844	28 
845	23 
846	22 
847	1 
848	26 
849	7 
850	3 
851	28 
852	20 
853	2 
854	5 
855	17 
856	15 
857	27 
858	17 
859	9 
860	17 
861	4 
862	12 
863	7 
864	19 
865	2 
866	28 
867	23 
868	20 
869	25 
870	10 
871	10 
872	15 
873	20 
874	10 
875	14 
876	25 
877	7 
878	18 
879	22 
880	26 
881	29 
882	27 
883	25 
884	15 
885	6 
886	5 
887	30 
888	21 
889	13 
890	14 
891	24 
892	1 
893	8 
894	20 
895	16 
896	23 
897	3 
898	22 
899	12 
900	13 
901	1 
902	4 
903	23 
904	29 
905	11 
906	8 
907	3 
908	15 
909	2 
910	8 
911	27 
912	17 
913	13 
914	11 
915	14 
916	23 
917	2 
918	13 
919	19 
920	27 
921	8 
922	19 
923	8 
924	17 
925	29 
926	14 
927	17 
928	20 
929	20 
930	28 
931	22 
932	7 
933	12 
934	5 
935	23 
936	5 
937	20 
938	14 
939	1 
940	29 
941	15 
942	12 
943	26 
944	14 
945	12 
946	10 
947	16 
948	15 
949	12 
950	29 
951	3 
952	21 
953	2 
954	5 
955	23 
956	7 
957	26 
958	16 
959	26 
960	5 
961	27 
962	20 
963	16 
964	29 
965	13 
966	11 
967	14 
968	23 
969	23 
970	14 
971	22 
972	28 
973	21 
974	9 
975	8 
976	2 
977	24 
978	29 
979	24 
980	14 
981	9 
982	11 
983	29 
984	27 
985	10 
986	14 
987	30 
988	26 
989	26 
990	29 
991	22 
992	27 
993	28 
994	27 
995	15 
996	12 
997	23 
998	9 
999	16 
1000	28 
1001	7 
1002	18 
1003	5 
1004	10 
1005	25 
1006	17 
1007	10 
1008	5 
1009	1 
1010	9 
1011	7 
1012	13 
1013	14 
1014	23 
1015	8 
1016	10 
1017	16 
1018	19 
1019	29 
1020	15 
1021	14 
1022	12 
1023	14 
1024	26 
1025	27 
1026	27 
1027	27 
1028	11 
1029	26 
1030	11 
1031	15 
1032	29 
1033	28 
1034	19 
1035	22 
1036	10 
1037	19 
1038	10 
1039	23 
1040	6 
1041	8 
1042	30 
1043	5 
1044	26 
1045	24 
1046	30 
1047	9 
1048	20 
1049	22 
1050	10 
1051	23 
1052	10 
1053	6 
1054	8 
1055	10 
1056	7 
1057	1 
1058	8 
1059	24 
1060	6 
1061	14 
1062	13 
1063	10 
1064	29 
1065	27 
1066	5 
1067	7 
1068	11 
1069	13 
1070	9 
1071	30 
1072	22 
1073	3 
1074	14 
1075	3 
1076	19 
1077	12 
1078	27 
1079	29 
1080	11 
1081	18 
1082	19 
1083	12 
1084	19 
1085	24 
1086	7 
1087	26 
1088	16 
1089	20 
1090	16 
1091	26 
1092	26 
1093	17 
1094	9 
1095	13 
1096	18 
1097	20 
1098	17 
1099	21 
1100	27 
1101	14 
1102	14 
1103	5 
1104	29 
1105	21 
1106	9 
1107	24 
1108	24 
1109	21 
1110	13 
1111	23 
1112	27 
1113	11 
1114	4 
1115	27 
1116	26 
1117	27 
1118	2 
1119	28 
1120	9 
1121	25 
1122	7 
1123	24 
1124	5 
1125	7 
1126	10 
1127	11 
1128	17 
1129	20 
1130	14 
1131	5 
1132	5 
1133	26 
1134	5 
1135	9 
1136	16 
1137	15 
1138	15 
1139	30 
1140	20 
1141	29 
1142	27 
1143	12 
1144	4 
1145	29 
1146	28 
1147	14 
1148	12 
1149	6 
1150	7 
1151	7 
1152	5 
1153	7 
1154	27 
1155	22 
1156	25 
1157	23 
1158	10 
1159	1 
1160	3 
1161	4 
1162	25 
1163	21 
1164	25 
1165	28 
1166	9 
1167	18 
1168	25 
1169	14 
1170	4 
1171	8 
1172	24 
1173	5 
1174	26 
1175	27 
1176	6 
1177	16 
1178	17 
1179	12 
1180	22 
1181	1 
1182	30 
1183	3 
1184	3 
1185	5 
1186	27 
1187	5 
1188	21 
1189	25 
1190	5 
1191	18 
1192	14 
1193	26 
1194	13 
1195	15 
1196	28 
1197	13 
1198	2 
1199	2 
1200	5 
1201	5 
1202	9 
1203	28 
1204	18 
1205	20 
1206	24 
1207	13 
1208	16 
1209	24 
1210	5 
1211	19 
1212	12 
1213	11 
1214	30 
1215	15 
1216	20 
1217	6 
1218	17 
1219	18 
1220	4 
1221	14 
1222	22 
1223	7 
1224	26 
1225	12 
1226	14 
1227	14 
1228	27 
1229	15 
1230	10 
1231	12 
1232	23 
1233	13 
1234	8 
1235	14 
1236	6 
1237	8 
1238	8 
1239	1 
1240	28 
1241	10 
1242	17 
1243	7 
1244	23 
1245	7 
1246	18 
1247	30 
1248	29 
1249	16 
1250	26 
1251	1 
1252	6 
1253	21 
1254	24 
1255	19 
1256	13 
1257	20 
1258	4 
1259	29 
1260	14 
1261	3 
1262	23 
1263	29 
1264	14 
1265	1 
1266	2 
1267	17 
1268	26 
1269	7 
1270	24 
1271	23 
1272	6 
1273	22 
1274	29 
1275	5 
1276	10 
1277	23 
1278	4 
1279	21 
1280	30 
1281	24 
1282	2 
1283	25 
1284	10 
1285	11 
1286	29 
1287	5 
1288	6 
1289	2 
1290	6 
1291	1 
1292	14 
1293	5 
1294	12 
1295	24 
1296	12 
1297	4 
1298	2 
1299	23 
1300	30 
1301	27 
1302	15 
1303	11 
1304	16 
1305	25 
1306	22 
1307	21 
1308	2 
1309	27 
1310	21 
1311	18 
1312	17 
1313	20 
1314	1 
1315	18 
1316	10 
1317	5 
1318	18 
1319	7 
1320	14 
1321	5 
1322	14 
1323	12 
1324	28 
1325	15 
1326	5 
1327	21 
1328	20 
1329	8 
1330	27 
1331	7 
1332	29 
1333	7 
1334	10 
1335	30 
1336	9 
1337	15 
1338	7 
1339	12 
1340	30 
1341	10 
1342	14 
1343	6 
1344	20 
1345	9 
1346	11 
1347	16 
1348	27 
1349	15 
1350	30 
1351	12 
1352	28 
1353	5 
1354	23 
1355	18 
1356	24 
1357	3 
1358	21 
1359	12 
1360	4 
1361	4 
1362	21 
1363	1 
1364	30 
1365	4 
1366	20 
1367	1 
1368	9 
1369	5 
1370	5 
1371	11 
1372	3 
1373	14 
1374	9 
1375	28 
1376	11 
1377	29 
1378	30 
1379	20 
1380	16 
1381	28 
1382	9 
1383	5 
1384	7 
1385	30 
1386	6 
1387	3 
1388	4 
1389	8 
1390	8 
1391	9 
1392	30 
1393	27 
1394	26 
1395	10 
1396	14 
1397	28 
1398	8 
1399	21 
1400	7 
1401	23 
1402	23 
1403	24 
1404	28 
1405	25 
1406	27 
1407	23 
1408	15 
1409	6 
1410	24 
1411	22 
1412	14 
1413	26 
1414	26 
1415	13 
1416	15 
1417	27 
1418	12 
1419	5 
1420	5 
1421	27 
1422	7 
1423	20 
1424	19 
1425	19 
1426	14 
1427	19 
1428	3 
1429	28 
1430	23 
1431	30 
1432	30 
1433	18 
1434	5 
1435	8 
1436	3 
1437	7 
1438	19 
1439	3 
1440	26 
1441	18 
1442	15 
1443	14 
1444	4 
1445	3 
1446	23 
1447	10 
1448	2 
1449	18 
1450	9 
1451	10 
1452	18 
1453	10 
1454	25 
1455	9 
1456	8 
1457	16 
1458	17 
1459	19 
1460	3 
1461	27 
1462	10 
1463	3 
1464	20 
1465	18 
1466	3 
1467	2 
1468	13 
1469	3 
1470	16 
1471	4 
1472	21 
1473	1 
1474	7 
1475	20 
1476	5 
1477	29 
1478	28 
1479	19 
1480	26 
1481	29 
1482	21 
1483	12 
1484	21 
1485	14 
1486	12 
1487	1 
1488	12 
1489	28 
1490	1 
1491	5 
1492	4 
1493	29 
1494	12 
1495	8 
1496	29 
1497	5 
1498	16 
1499	10 
1500	15 
1501	12 
1502	18 
1503	19 
1504	20 
1505	15 
1506	27 
1507	26 
1508	3 
1509	14 
1510	15 
1511	5 
1512	22 
1513	17 
1514	6 
1515	22 
1516	26 
1517	10 
1518	3 
1519	6 
1520	10 
1521	18 
1522	2 
1523	11 
1524	7 
1525	28 
1526	15 
1527	4 
1528	6 
1529	26 
1530	7 
1531	21 
1532	18 
1533	3 
1534	3 
1535	21 
1536	12 
1537	5 
1538	23 
1539	4 
1540	29 
1541	28 
1542	18 
1543	28 
1544	21 
1545	25 
1546	28 
1547	24 
1548	28 
1549	5 
1550	1 
1551	27 
1552	14 
1553	12 
1554	15 
1555	24 
1556	21 
1557	19 
1558	2 
1559	2 
1560	10 
1561	1 
1562	6 
1563	24 
1564	8 
1565	10 
1566	15 
1567	7 
1568	17 
1569	2 
1570	30 
1571	7 
1572	25 
1573	11 
1574	24 
1575	22 
1576	5 
1577	19 
1578	29 
1579	16 
1580	9 
1581	10 
1582	8 
1583	28 
1584	17 
1585	28 
1586	25 
1587	19 
1588	29 
1589	18 
1590	21 
1591	8 
1592	10 
1593	30 
1594	17 
1595	2 
1596	25 
1597	25 
1598	24 
1599	10 
1600	4 
1601	27 
1602	2 
1603	10 
1604	15 
1605	3 
1606	27 
1607	20 
1608	15 
1609	24 
1610	8 
1611	13 
1612	13 
1613	20 
1614	26 
1615	5 
1616	12 
1617	26 
1618	30 
1619	24 
1620	13 
1621	28 
1622	6 
1623	8 
1624	17 
1625	26 
1626	21 
1627	28 
1628	21 
1629	13 
1630	15 
1631	10 
1632	30 
1633	11 
1634	6 
1635	21 
1636	9 
1637	27 
1638	14 
1639	14 
1640	30 
1641	5 
1642	29 
1643	27 
1644	9 
1645	19 
1646	15 
1647	1 
1648	30 
1649	9 
1650	26 
1651	8 
1652	21 
1653	25 
1654	25 
1655	30 
1656	12 
1657	16 
1658	14 
1659	29 
1660	5 
1661	26 
1662	3 
1663	28 
1664	7 
1665	5 
1666	5 
1667	16 
1668	21 
1669	24 
1670	5 
1671	10 
1672	1 
1673	30 
1674	5 
1675	17 
1676	3 
1677	19 
1678	26 
1679	14 
1680	5 
1681	8 
1682	29 
1683	22 
1684	19 
1685	18 
1686	2 
1687	18 
1688	3 
1689	27 
1690	20 
1691	16 
1692	19 
1693	3 
1694	2 
1695	3 
1696	17 
1697	2 
1698	18 
1699	21 
1700	11 
1701	3 
1702	23 
1703	6 
1704	9 
1705	11 
1706	10 
1707	21 
1708	3 
1709	18 
1710	20 
1711	9 
1712	2 
1713	28 
1714	2 
1715	19 
1716	27 
1717	30 
1718	19 
1719	14 
1720	14 
1721	5 
1722	25 
1723	28 
1724	26 
1725	3 
1726	10 
1727	12 
1728	16 
1729	28 
1730	19 
1731	28 
1732	20 
1733	16 
1734	20 
1735	9 
1736	6 
1737	6 
1738	1 
1739	11 
1740	29 
1741	22 
1742	7 
1743	20 
1744	18 
1745	3 
1746	29 
1747	26 
1748	21 
1749	2 
1750	30 
1751	12 
1752	22 
1753	27 
1754	17 
1755	27 
1756	16 
1757	20 
1758	7 
1759	18 
1760	23 
1761	14 
1762	18 
1763	5 
1764	1 
1765	5 
1766	9 
1767	22 
1768	10 
1769	27 
1770	7 
1771	21 
1772	25 
1773	27 
1774	28 
1775	17 
1776	27 
1777	14 
1778	8 
1779	2 
1780	14 
1781	22 
1782	1 
1783	15 
1784	7 
1785	6 
1786	11 
1787	7 
1788	16 
1789	15 
1790	14 
1791	16 
1792	26 
1793	27 
1794	22 
1795	28 
1796	5 
1797	4 
1798	10 
1799	16 
1800	30 
1801	8 
1802	22 
1803	9 
1804	9 
1805	9 
1806	8 
1807	13 
1808	27 
1809	27 
1810	16 
1811	11 
1812	17 
1813	9 
1814	29 
1815	10 
1816	5 
1817	2 
1818	9 
1819	23 
1820	30 
1821	9 
1822	27 
1823	2 
1824	13 
1825	2 
1826	12 
1827	17 
1828	7 
1829	14 
1830	4 
1831	19 
1832	9 
1833	9 
1834	28 
1835	2 
1836	12 
1837	8 
1838	24 
1839	2 
1840	22 
1841	10 
1842	26 
1843	9 
1844	9 
1845	3 
1846	21 
1847	5 
1848	20 
1849	16 
1850	1 
1851	20 
1852	27 
1853	23 
1854	8 
1855	9 
1856	20 
1857	3 
1858	7 
1859	8 
1860	6 
1861	8 
1862	5 
1863	14 
1864	17 
1865	25 
1866	30 
1867	12 
1868	11 
1869	28 
1870	29 
1871	25 
1872	26 
1873	14 
1874	6 
1875	1 
1876	7 
1877	28 
1878	2 
1879	4 
1880	1 
1881	27 
1882	17 
1883	23 
1884	9 
1885	28 
1886	2 
1887	21 
1888	29 
1889	18 
1890	22 
1891	8 
1892	28 
1893	21 
1894	21 
1895	22 
1896	27 
1897	5 
1898	7 
1899	12 
1900	6 
1901	30 
1902	3 
1903	2 
1904	18 
1905	18 
1906	23 
1907	7 
1908	10 
1909	4 
1910	14 
1911	12 
1912	1 
1913	24 
1914	29 
1915	28 
1916	20 
1917	29 
1918	24 
1919	24 
1920	23 
1921	23 
1922	6 
1923	14 
1924	28 
1925	15 
1926	20 
1927	26 
1928	14 
1929	7 
1930	7 
1931	16 
1932	3 
1933	3 
1934	20 
1935	25 
1936	30 
1937	13 
1938	18 
1939	19 
1940	2 
1941	29 
1942	22 
1943	5 
1944	20 
1945	9 
1946	29 
1947	7 
1948	28 
1949	28 
1950	20 
1951	3 
1952	19 
1953	4 
1954	11 
1955	9 
1956	5 
1957	24 
1958	7 
1959	1 
1960	15 
1961	29 
1962	19 
1963	6 
1964	18 
1965	7 
1966	4 
1967	3 
1968	28 
1969	27 
1970	29 
1971	7 
1972	29 
1973	8 
1974	16 
1975	3 
1976	8 
1977	12 
1978	29 
1979	4 
1980	26 
1981	17 
1982	6 
1983	14 
1984	29 
1985	11 
1986	25 
1987	22 
1988	5 
1989	7 
1990	28 
1991	15 
1992	16 
1993	29 
1994	18 
1995	9 
1996	30 
1997	4 
1998	20 
1999	26 
2000	13 
2001	2 
2002	27 
2003	21 
2004	19 
2005	12 
2006	20 
2007	16 
2008	9 
2009	12 
2010	10 
2011	10 
2012	7 
2013	17 
2014	27 
2015	19 
2016	22 
2017	17 
2018	6 
2019	11 
2020	18 
2021	14 
2022	15 
2023	30 
2024	21 
2025	22 
2026	10 
2027	13 
2028	22 
2029	25 
2030	5 
2031	16 
2032	5 
2033	23 
2034	1 
2035	13 
2036	21 
2037	6 
2038	29 
2039	21 
2040	30 
2041	14 
2042	29 
2043	3 
2044	11 
2045	10 
2046	23 
2047	23 
2048	17 
2049	6 
2050	10 
2051	5 
2052	9 
2053	20 
2054	24 
2055	8 
2056	5 
2057	2 
2058	17 
2059	16 
2060	12 
2061	28 
2062	9 
2063	17 
2064	25 
2065	20 
2066	3 
2067	8 
2068	8 
2069	22 
2070	24 
2071	16 
2072	20 
2073	25 
2074	20 
2075	25 
2076	3 
2077	20 
2078	5 
2079	2 
2080	27 
2081	27 
2082	18 
2083	14 
2084	29 
2085	23 
2086	8 
2087	8 
2088	4 
2089	9 
2090	17 
2091	28 
2092	24 
2093	2 
2094	28 
2095	2 
2096	29 
2097	25 
2098	4 
2099	12 
2100	2 
2101	6 
2102	25 
2103	5 
2104	5 
2105	8 
2106	9 
2107	10 
2108	2 
2109	11 
2110	13 
2111	14 
2112	3 
2113	2 
2114	14 
2115	24 
2116	2 
2117	23 
2118	2 
2119	14 
2120	17 
2121	8 
2122	8 
2123	7 
2124	24 
2125	29 
2126	25 
2127	13 
2128	22 
2129	13 
2130	6 
2131	29 
2132	9 
2133	11 
2134	6 
2135	17 
2136	7 
2137	10 
2138	10 
2139	30 
2140	6 
2141	24 
2142	24 
2143	27 
2144	13 
2145	14 
2146	14 
2147	3 
2148	22 
2149	6 
2150	16 
2151	20 
2152	4 
2153	10 
2154	3 
2155	7 
2156	27 
2157	18 
2158	9 
2159	11 
2160	15 
2161	9 
2162	7 
2163	27 
2164	7 
2165	23 
2166	21 
2167	22 
2168	14 
2169	23 
2170	26 
2171	26 
2172	27 
2173	6 
2174	8 
2175	24 
2176	5 
2177	28 
2178	2 
2179	30 
2180	29 
2181	8 
2182	7 
2183	13 
2184	22 
2185	22 
2186	16 
2187	22 
2188	13 
2189	4 
2190	27 
2191	28 
2192	17 
2193	21 
2194	4 
2195	19 
2196	29 
2197	22 
2198	13 
2199	10 
2200	18 
2201	1 
2202	8 
2203	25 
2204	12 
2205	2 
2206	29 
2207	14 
2208	27 
2209	28 
2210	23 
2211	2 
2212	29 
2213	1 
2214	24 
2215	12 
2216	24 
2217	10 
2218	1 
2219	9 
2220	20 
2221	25 
2222	17 
2223	7 
2224	21 
2225	6 
2226	3 
2227	13 
2228	16 
2229	3 
2230	6 
2231	23 
2232	2 
2233	8 
2234	8 
2235	21 
2236	15 
2237	20 
2238	4 
2239	29 
2240	4 
2241	16 
2242	21 
2243	30 
2244	2 
2245	29 
2246	8 
2247	14 
2248	28 
2249	20 
2250	2 
2251	5 
2252	2 
2253	10 
2254	5 
2255	10 
2256	11 
2257	10 
2258	18 
2259	14 
2260	14 
2261	15 
2262	14 
2263	10 
2264	24 
2265	9 
2266	23 
2267	26 
2268	23 
2269	25 
2270	25 
2271	19 
2272	25 
2273	20 
2274	23 
2275	29 
2276	4 
2277	22 
2278	27 
2279	19 
2280	19 
2281	7 
2282	28 
2283	25 
2284	10 
2285	24 
2286	4 
2287	4 
2288	3 
2289	28 
2290	6 
2291	2 
2292	17 
2293	1 
2294	12 
2295	29 
2296	29 
2297	17 
2298	23 
2299	28 
2300	7 
2301	23 
2302	6 
2303	6 
2304	10 
2305	22 
2306	18 
2307	22 
2308	30 
2309	28 
2310	17 
2311	19 
2312	6 
2313	15 
2314	25 
2315	24 
2316	3 
2317	1 
2318	7 
2319	13 
2320	6 
2321	4 
2322	6 
2323	25 
2324	14 
2325	11 
2326	22 
2327	11 
2328	26 
2329	20 
2330	2 
2331	15 
2332	10 
2333	25 
2334	9 
2335	18 
2336	17 
2337	3 
2338	14 
2339	1 
2340	29 
2341	29 
2342	2 
2343	6 
2344	4 
2345	9 
2346	25 
2347	3 
2348	6 
2349	16 
2350	19 
2351	29 
2352	8 
2353	19 
2354	5 
2355	5 
2356	25 
2357	20 
2358	28 
2359	30 
2360	7 
2361	18 
2362	3 
2363	3 
2364	27 
2365	17 
2366	1 
2367	8 
2368	13 
2369	2 
2370	27 
2371	8 
2372	21 
2373	22 
2374	17 
2375	8 
2376	20 
2377	1 
2378	3 
2379	27 
2380	1 
2381	24 
2382	22 
2383	28 
2384	28 
2385	27 
2386	23 
2387	26 
2388	7 
2389	1 
2390	20 
2391	24 
2392	21 
2393	9 
2394	10 
2395	5 
2396	17 
2397	12 
2398	14 
2399	9 
2400	9 
2401	7 
2402	25 
2403	9 
2404	18 
2405	28 
2406	20 
2407	15 
2408	19 
2409	10 
2410	13 
2411	14 
2412	27 
2413	2 
2414	2 
2415	18 
2416	21 
2417	4 
2418	29 
2419	24 
2420	3 
2421	2 
2422	12 
2423	9 
2424	27 
2425	4 
2426	9 
2427	28 
2428	5 
2429	14 
2430	14 
2431	5 
2432	4 
2433	14 
2434	26 
2435	7 
2436	15 
2437	5 
2438	9 
2439	25 
2440	19 
2441	11 
2442	2 
2443	15 
2444	11 
2445	1 
2446	18 
2447	19 
2448	11 
2449	5 
2450	4 
2451	8 
2452	19 
2453	8 
2454	4 
2455	16 
2456	20 
2457	30 
2458	20 
2459	5 
2460	16 
2461	24 
2462	24 
2463	1 
2464	11 
2465	18 
2466	13 
2467	24 
2468	2 
2469	5 
2470	4 
2471	10 
2472	28 
2473	7 
2474	28 
2475	10 
2476	28 
2477	6 
2478	16 
2479	9 
2480	20 
2481	3 
2482	25 
2483	17 
2484	29 
2485	16 
2486	1 
2487	29 
2488	26 
2489	30 
2490	1 
2491	28 
2492	5 
2493	20 
2494	22 
2495	29 
2496	20 
2497	7 
2498	11 
2499	1 
2500	22 
2501	12 
2502	12 
2503	21 
2504	12 
2505	27 
2506	16 
2507	18 
2508	21 
2509	5 
2510	11 
2511	6 
2512	18 
2513	8 
2514	7 
2515	20 
2516	26 
2517	14 
2518	2 
2519	28 
2520	1 
2521	26 
2522	11 
2523	9 
2524	5 
2525	17 
2526	26 
2527	17 
2528	17 
2529	9 
2530	26 
2531	19 
2532	20 
2533	4 
2534	15 
2535	11 
2536	5 
2537	1 
2538	24 
2539	11 
2540	10 
2541	16 
2542	30 
2543	10 
2544	12 
2545	21 
2546	22 
2547	3 
2548	3 
2549	10 
2550	22 
2551	5 
2552	1 
2553	15 
2554	12 
2555	9 
2556	27 
2557	4 
2558	7 
2559	14 
2560	1 
2561	15 
2562	7 
2563	21 
2564	28 
2565	20 
2566	30 
2567	30 
2568	6 
2569	19 
2570	29 
2571	24 
2572	9 
2573	10 
2574	26 
2575	7 
2576	5 
2577	14 
2578	16 
2579	14 
2580	6 
2581	6 
2582	26 
2583	16 
2584	17 
2585	28 
2586	22 
2587	6 
2588	1 
2589	9 
2590	17 
2591	14 
2592	14 
2593	28 
2594	5 
2595	20 
2596	24 
2597	10 
2598	12 
2599	25 
2600	20 
2601	4 
2602	14 
2603	25 
2604	17 
2605	5 
2606	26 
2607	29 
2608	4 
2609	9 
2610	29 
2611	20 
2612	25 
2613	30 
2614	18 
2615	22 
2616	26 
2617	7 
2618	6 
2619	26 
2620	17 
2621	9 
2622	29 
2623	27 
2624	13 
2625	14 
2626	1 
2627	2 
2628	12 
2629	16 
2630	5 
2631	9 
2632	16 
2633	4 
2634	6 
2635	11 
2636	21 
2637	26 
2638	21 
2639	8 
2640	21 
2641	5 
2642	15 
2643	23 
2644	11 
2645	28 
2646	10 
2647	23 
2648	1 
2649	7 
2650	7 
2651	25 
2652	21 
2653	17 
2654	1 
2655	15 
2656	11 
2657	23 
2658	28 
2659	26 
2660	15 
2661	27 
2662	7 
2663	5 
2664	14 
2665	30 
2666	30 
2667	3 
2668	17 
2669	29 
2670	15 
2671	8 
2672	1 
2673	5 
2674	4 
2675	29 
2676	24 
2677	7 
2678	17 
2679	27 
2680	6 
2681	13 
2682	19 
2683	14 
2684	17 
2685	2 
2686	14 
2687	23 
2688	4 
2689	15 
2690	5 
2691	21 
2692	12 
2693	2 
2694	7 
2695	2 
2696	30 
2697	16 
2698	26 
2699	3 
2700	2 
2701	25 
2702	1 
2703	17 
2704	7 
2705	2 
2706	11 
2707	27 
2708	8 
2709	24 
2710	19 
2711	3 
2712	3 
2713	24 
2714	6 
2715	4 
2716	23 
2717	8 
2718	14 
2719	12 
2720	1 
2721	22 
2722	11 
2723	14 
2724	10 
2725	26 
2726	5 
2727	2 
2728	18 
2729	6 
2730	21 
2731	20 
2732	28 
2733	19 
2734	3 
2735	20 
2736	16 
2737	28 
2738	28 
2739	3 
2740	4 
2741	25 
2742	12 
2743	17 
2744	13 
2745	5 
2746	2 
2747	6 
2748	22 
2749	20 
2750	26 
2751	7 
2752	3 
2753	7 
2754	30 
2755	14 
2756	10 
2757	20 
2758	2 
2759	18 
2760	24 
2761	16 
2762	20 
2763	15 
2764	6 
2765	24 
2766	20 
2767	17 
2768	12 
2769	25 
2770	13 
2771	6 
2772	23 
2773	23 
2774	12 
2775	5 
2776	11 
2777	2 
2778	2 
2779	2 
2780	7 
2781	16 
2782	28 
2783	26 
2784	5 
2785	28 
2786	7 
2787	5 
2788	17 
2789	30 
2790	27 
2791	30 
2792	27 
2793	17 
2794	1 
2795	14 
2796	12 
2797	24 
2798	6 
2799	23 
2800	4 
2801	21 
2802	30 
2803	22 
2804	29 
2805	11 
2806	14 
2807	2 
2808	20 
2809	24 
2810	23 
2811	21 
2812	9 
2813	21 
2814	18 
2815	7 
2816	25 
2817	17 
2818	14 
2819	27 
2820	12 
2821	29 
2822	21 
2823	19 
2824	17 
2825	16 
2826	7 
2827	1 
2828	22 
2829	28 
2830	28 
2831	4 
2832	5 
2833	2 
2834	14 
2835	18 
2836	5 
2837	3 
2838	13 
2839	10 
2840	9 
2841	13 
2842	23 
2843	20 
2844	30 
2845	12 
2846	20 
2847	18 
2848	9 
2849	11 
2850	7 
2851	13 
2852	28 
2853	27 
2854	16 
2855	28 
2856	5 
2857	19 
2858	1 
2859	2 
2860	11 
2861	29 
2862	3 
2863	30 
2864	2 
2865	15 
2866	9 
2867	29 
2868	1 
2869	25 
2870	11 
2871	9 
2872	13 
2873	28 
2874	14 
2875	25 
2876	15 
2877	5 
2878	5 
2879	1 
2880	27 
2881	17 
2882	23 
2883	2 
2884	4 
2885	20 
2886	28 
2887	29 
2888	26 
2889	14 
2890	28 
2891	23 
2892	25 
2893	7 
2894	16 
2895	7 
2896	11 
2897	11 
2898	27 
2899	18 
2900	25 
2901	29 
2902	1 
2903	16 
2904	17 
2905	20 
2906	9 
2907	25 
2908	30 
2909	28 
2910	8 
2911	7 
2912	9 
2913	28 
2914	17 
2915	6 
2916	25 
2917	18 
2918	21 
2919	10 
2920	8 
2921	20 
2922	16 
2923	10 
2924	29 
2925	7 
2926	15 
2927	22 
2928	17 
2929	30 
2930	1 
2931	14 
2932	22 
2933	24 
2934	27 
2935	18 
2936	10 
2937	12 
2938	28 
2939	13 
2940	12 
2941	9 
2942	28 
2943	28 
2944	18 
2945	12 
2946	2 
2947	5 
2948	20 
2949	28 
2950	29 
2951	24 
2952	26 
2953	21 
2954	13 
2955	8 
2956	22 
2957	26 
2958	18 
2959	26 
2960	24 
2961	7 
2962	28 
2963	5 
2964	6 
2965	15 
2966	9 
2967	10 
2968	27 
2969	21 
2970	22 
2971	11 
2972	19 
2973	7 
2974	22 
2975	17 
2976	23 
2977	21 
2978	15 
2979	15 
2980	10 
2981	27 
2982	18 
2983	2 
2984	23 
2985	27 
2986	29 
2987	24 
2988	23 
2989	11 
2990	14 
2991	2 
2992	18 
2993	5 
2994	21 
2995	14 
2996	14 
2997	6 
2998	24 
2999	30 
3000	25 
3001	1 
3002	13 
3003	16 
3004	30 
3005	5 
3006	24 
3007	27 
3008	7 
3009	5 
3010	9 
3011	15 
3012	20 
3013	23 
3014	11 
3015	29 
3016	20 
3017	2 
3018	15 
3019	1 
3020	4 
3021	28 
3022	13 
3023	28 
3024	15 
3025	17 
3026	3 
3027	28 
3028	10 
3029	21 
3030	16 
3031	22 
3032	6 
3033	15 
3034	29 
3035	21 
3036	3 
3037	20 
3038	7 
3039	10 
3040	10 
3041	17 
3042	13 
3043	29 
3044	26 
3045	18 
3046	5 
3047	23 
3048	2 
3049	9 
3050	5 
3051	18 
3052	23 
3053	17 
3054	14 
3055	1 
3056	20 
3057	13 
3058	16 
3059	6 
3060	20 
3061	17 
3062	8 
3063	2 
3064	30 
3065	21 
3066	30 
3067	20 
3068	25 
3069	25 
3070	18 
3071	9 
3072	25 
3073	5 
3074	25 
3075	12 
3076	3 
3077	29 
3078	11 
3079	29 
3080	26 
3081	18 
3082	2 
3083	30 
3084	7 
3085	23 
3086	9 
3087	7 
3088	13 
3089	27 
3090	24 
3091	29 
3092	13 
3093	14 
3094	5 
3095	21 
3096	3 
3097	19 
3098	24 
3099	26 
3100	3 
3101	12 
3102	3 
3103	30 
3104	16 
3105	17 
3106	3 
3107	14 
3108	9 
3109	15 
3110	4 
3111	9 
3112	16 
3113	2 
3114	8 
3115	28 
3116	30 
3117	26 
3118	4 
3119	13 
3120	22 
3121	21 
3122	10 
3123	12 
3124	1 
3125	28 
3126	21 
3127	21 
3128	17 
3129	10 
3130	14 
3131	25 
3132	29 
3133	3 
3134	27 
3135	9 
3136	13 
3137	5 
3138	1 
3139	27 
3140	15 
3141	14 
3142	17 
3143	7 
3144	17 
3145	13 
3146	15 
3147	6 
3148	14 
3149	7 
3150	25 
3151	18 
3152	20 
3153	28 
3154	20 
3155	26 
3156	25 
3157	10 
3158	28 
3159	27 
3160	14 
3161	1 
3162	2 
3163	20 
3164	11 
3165	20 
3166	29 
3167	13 
3168	16 
3169	27 
3170	18 
3171	6 
3172	9 
3173	30 
3174	11 
3175	15 
3176	15 
3177	19 
3178	28 
3179	17 
3180	22 
3181	14 
3182	9 
3183	30 
3184	13 
3185	24 
3186	8 
3187	17 
3188	29 
3189	16 
3190	10 
3191	1 
3192	23 
3193	7 
3194	1 
3195	16 
3196	7 
3197	7 
3198	22 
3199	22 
3200	21 
3201	28 
3202	1 
3203	8 
3204	28 
3205	19 
3206	20 
3207	13 
3208	7 
3209	27 
3210	3 
3211	12 
3212	25 
3213	26 
3214	27 
3215	29 
3216	29 
3217	17 
3218	17 
3219	5 
3220	9 
3221	10 
3222	22 
3223	13 
3224	14 
3225	24 
3226	26 
3227	10 
3228	11 
3229	2 
3230	21 
3231	16 
3232	20 
3233	22 
3234	28 
3235	17 
3236	16 
3237	6 
3238	18 
3239	20 
3240	10 
3241	23 
3242	7 
3243	15 
3244	10 
3245	5 
3246	27 
3247	4 
3248	25 
3249	10 
3250	9 
3251	25 
3252	12 
3253	22 
3254	8 
3255	4 
3256	20 
3257	14 
3258	8 
3259	27 
3260	15 
3261	14 
3262	28 
3263	18 
3264	28 
3265	29 
3266	11 
3267	18 
3268	26 
3269	9 
3270	21 
3271	18 
3272	3 
3273	29 
3274	13 
3275	20 
3276	19 
3277	28 
3278	13 
3279	5 
3280	9 
3281	7 
3282	15 
3283	20 
3284	17 
3285	1 
3286	4 
3287	9 
3288	10 
3289	29 
3290	18 
3291	11 
3292	11 
3293	19 
3294	16 
3295	27 
3296	6 
3297	15 
3298	14 
3299	13 
3300	23 
3301	13 
3302	27 
3303	17 
3304	2 
3305	13 
3306	18 
3307	4 
3308	8 
3309	21 
3310	19 
3311	9 
3312	17 
3313	18 
3314	6 
3315	27 
3316	30 
3317	23 
3318	22 
3319	28 
3320	16 
3321	29 
3322	24 
3323	24 
3324	9 
3325	23 
3326	20 
3327	27 
3328	2 
3329	28 
3330	26 
3331	1 
3332	26 
3333	20 
3334	9 
3335	17 
3336	30 
3337	23 
3338	6 
3339	10 
3340	10 
3341	19 
3342	20 
3343	16 
3344	2 
3345	29 
3346	26 
3347	8 
3348	20 
3349	26 
3350	10 
3351	5 
3352	1 
3353	19 
3354	21 
3355	2 
3356	20 
3357	10 
3358	13 
3359	5 
3360	30 
3361	21 
3362	11 
3363	1 
3364	3 
3365	30 
3366	11 
3367	7 
3368	14 
3369	28 
3370	16 
3371	29 
3372	13 
3373	10 
3374	19 
3375	1 
3376	29 
3377	22 
3378	14 
3379	15 
3380	30 
3381	1 
3382	18 
3383	28 
3384	15 
3385	2 
3386	3 
3387	3 
3388	30 
3389	20 
3390	3 
3391	16 
3392	29 
3393	9 
3394	21 
3395	24 
3396	25 
3397	24 
3398	3 
3399	17 
3400	14 
3401	4 
3402	8 
3403	20 
3404	23 
3405	29 
3406	13 
3407	8 
3408	9 
3409	25 
3410	8 
3411	14 
3412	16 
3413	16 
3414	13 
3415	23 
3416	23 
3417	4 
3418	30 
3419	22 
3420	27 
3421	5 
3422	25 
3423	20 
3424	12 
3425	26 
3426	7 
3427	1 
3428	28 
3429	12 
3430	23 
3431	3 
3432	21 
3433	26 
3434	8 
3435	14 
3436	24 
3437	25 
3438	17 
3439	18 
3440	4 
3441	2 
3442	2 
3443	14 
3444	3 
3445	27 
3446	27 
3447	6 
3448	23 
3449	23 
3450	10 
3451	19 
3452	26 
3453	2 
3454	6 
3455	24 
3456	29 
3457	17 
3458	8 
3459	11 
3460	26 
3461	24 
3462	8 
3463	3 
3464	22 
3465	30 
3466	16 
3467	29 
3468	17 
3469	6 
3470	6 
3471	23 
3472	27 
3473	15 
3474	25 
3475	5 
3476	26 
3477	10 
3478	4 
3479	9 
3480	26 
3481	8 
3482	25 
3483	3 
3484	2 
3485	5 
3486	24 
3487	14 
3488	6 
3489	8 
3490	15 
3491	14 
3492	15 
3493	29 
3494	1 
3495	28 
3496	12 
3497	3 
3498	23 
3499	25 
3500	15 
3501	26 
3502	5 
3503	16 
3504	5 
3505	7 
3506	21 
3507	16 
3508	2 
3509	28 
3510	22 
3511	21 
3512	23 
3513	26 
3514	10 
3515	19 
3516	13 
3517	9 
3518	23 
3519	26 
3520	18 
3521	14 
3522	6 
3523	4 
3524	1 
3525	29 
3526	15 
3527	25 
3528	4 
3529	18 
3530	17 
3531	20 
3532	5 
3533	4 
3534	25 
3535	25 
3536	23 
3537	19 
3538	20 
3539	4 
3540	7 
3541	18 
3542	2 
3543	9 
3544	19 
3545	2 
3546	6 
3547	27 
3548	13 
3549	20 
3550	5 
3551	20 
3552	20 
3553	30 
3554	5 
3555	3 
3556	14 
3557	13 
3558	1 
3559	10 
3560	14 
3561	1 
3562	1 
3563	5 
3564	14 
3565	12 
3566	30 
3567	17 
3568	20 
3569	5 
3570	17 
3571	20 
3572	3 
3573	1 
3574	25 
3575	20 
3576	29 
3577	1 
3578	14 
3579	12 
3580	21 
3581	8 
3582	8 
3583	17 
3584	27 
3585	9 
3586	20 
3587	29 
3588	14 
3589	17 
3590	15 
3591	9 
3592	9 
3593	23 
3594	26 
3595	1 
3596	26 
3597	26 
3598	3 
3599	15 
3600	26 
3601	6 
3602	10 
3603	14 
3604	20 
3605	4 
3606	23 
3607	14 
3608	21 
3609	30 
3610	15 
3611	7 
3612	20 
3613	13 
3614	11 
3615	27 
3616	30 
3617	28 
3618	2 
3619	29 
3620	20 
3621	27 
3622	24 
3623	4 
3624	24 
3625	22 
3626	2 
3627	17 
3628	11 
3629	7 
3630	6 
3631	12 
3632	26 
3633	23 
3634	9 
3635	20 
3636	9 
3637	28 
3638	10 
3639	9 
3640	5 
3641	6 
3642	5 
3643	3 
3644	19 
3645	9 
3646	23 
3647	14 
3648	29 
3649	24 
3650	6 
3651	5 
3652	8 
3653	26 
3654	4 
3655	14 
3656	20 
3657	29 
3658	14 
3659	27 
3660	12 
3661	22 
3662	9 
3663	22 
3664	3 
3665	19 
3666	12 
3667	16 
3668	6 
3669	16 
3670	21 
3671	6 
3672	3 
3673	5 
3674	19 
3675	21 
3676	30 
3677	21 
3678	26 
3679	19 
3680	17 
3681	9 
3682	1 
3683	4 
3684	7 
3685	30 
3686	18 
3687	22 
3688	2 
3689	5 
3690	29 
3691	17 
3692	1 
3693	18 
3694	23 
3695	9 
3696	20 
3697	13 
3698	1 
3699	4 
3700	21 
3701	23 
3702	7 
3703	10 
3704	7 
3705	27 
3706	2 
3707	14 
3708	20 
3709	15 
3710	5 
3711	19 
3712	7 
3713	28 
3714	3 
3715	25 
3716	18 
3717	18 
3718	4 
3719	23 
3720	29 
3721	21 
3722	29 
3723	30 
3724	5 
3725	23 
3726	15 
3727	26 
3728	21 
3729	3 
3730	16 
3731	10 
3732	20 
3733	13 
3734	24 
3735	30 
3736	2 
3737	27 
3738	10 
3739	10 
3740	28 
3741	19 
3742	19 
3743	13 
3744	3 
3745	25 
3746	30 
3747	23 
3748	12 
3749	14 
3750	20 
3751	17 
3752	7 
3753	23 
3754	4 
3755	14 
3756	21 
3757	4 
3758	28 
3759	27 
3760	29 
3761	25 
3762	14 
3763	30 
3764	20 
3765	6 
3766	9 
3767	20 
3768	12 
3769	1 
3770	25 
3771	27 
3772	18 
3773	18 
3774	1 
3775	27 
3776	22 
3777	29 
3778	3 
3779	2 
3780	13 
3781	27 
3782	6 
3783	23 
3784	29 
3785	21 
3786	17 
3787	2 
3788	24 
3789	19 
3790	12 
3791	14 
3792	2 
3793	2 
3794	13 
3795	15 
3796	13 
3797	22 
3798	7 
3799	13 
3800	30 
3801	26 
3802	14 
3803	21 
3804	21 
3805	25 
3806	4 
3807	29 
3808	21 
3809	28 
3810	28 
3811	8 
3812	7 
3813	28 
3814	25 
3815	19 
3816	7 
3817	18 
3818	24 
3819	1 
3820	18 
3821	18 
3822	7 
3823	28 
3824	28 
3825	14 
3826	1 
3827	14 
3828	9 
3829	9 
3830	16 
3831	24 
3832	4 
3833	25 
3834	3 
3835	29 
3836	26 
3837	22 
3838	18 
3839	24 
3840	1 
3841	25 
3842	13 
3843	19 
3844	27 
3845	15 
3846	25 
3847	22 
3848	6 
3849	4 
3850	18 
3851	2 
3852	1 
3853	21 
3854	28 
3855	5 
3856	1 
3857	5 
3858	9 
3859	23 
3860	1 
3861	11 
3862	25 
3863	27 
3864	12 
3865	13 
3866	8 
3867	19 
3868	5 
3869	2 
3870	15 
3871	9 
3872	3 
3873	23 
3874	10 
3875	3 
3876	12 
3877	26 
3878	6 
3879	14 
3880	24 
3881	23 
3882	24 
3883	2 
3884	1 
3885	26 
3886	13 
3887	4 
3888	8 
3889	3 
3890	23 
3891	5 
3892	1 
3893	7 
3894	12 
3895	19 
3896	16 
3897	4 
3898	14 
3899	9 
3900	25 
3901	14 
3902	19 
3903	7 
3904	4 
3905	2 
3906	15 
3907	8 
3908	11 
3909	23 
3910	20 
3911	13 
3912	3 
3913	27 
3914	27 
3915	8 
3916	10 
3917	5 
3918	1 
3919	11 
3920	25 
3921	18 
3922	30 
3923	23 
3924	20 
3925	26 
3926	29 
3927	29 
3928	2 
3929	12 
3930	9 
3931	13 
3932	16 
3933	23 
3934	3 
3935	12 
3936	20 
3937	30 
3938	4 
3939	6 
3940	22 
3941	27 
3942	24 
3943	1 
3944	28 
3945	24 
3946	27 
3947	10 
3948	12 
3949	2 
3950	9 
3951	1 
3952	29 
3953	29 
3954	21 
3955	16 
3956	7 
3957	18 
3958	10 
3959	6 
3960	12 
3961	22 
3962	28 
3963	27 
3964	28 
3965	12 
3966	14 
3967	27 
3968	13 
3969	4 
3970	26 
3971	29 
3972	4 
3973	5 
3974	26 
3975	28 
3976	5 
3977	12 
3978	14 
3979	10 
3980	30 
3981	18 
3982	21 
3983	23 
3984	27 
3985	25 
3986	25 
3987	11 
3988	15 
3989	1 
3990	20 
3991	4 
3992	16 
3993	30 
3994	25 
3995	1 
3996	8 
3997	11 
3998	4 
3999	7 
4000	18 
4001	5 
4002	26 
4003	5 
4004	9 
4005	14 
4006	12 
4007	26 
4008	30 
4009	16 
4010	25 
4011	23 
4012	6 
4013	9 
4014	5 
4015	4 
4016	4 
4017	23 
4018	26 
4019	7 
4020	20 
4021	16 
4022	23 
4023	3 
4024	26 
4025	1 
4026	9 
4027	26 
4028	23 
4029	8 
4030	21 
4031	15 
4032	30 
4033	16 
4034	17 
4035	22 
4036	13 
4037	29 
4038	25 
4039	29 
4040	29 
4041	26 
4042	20 
4043	17 
4044	14 
4045	5 
4046	30 
4047	6 
4048	20 
4049	20 
4050	20 
4051	24 
4052	22 
4053	5 
4054	10 
4055	5 
4056	26 
4057	17 
4058	27 
4059	6 
4060	1 
4061	21 
4062	17 
4063	6 
4064	10 
4065	7 
4066	4 
4067	28 
4068	26 
4069	20 
4070	30 
4071	4 
4072	23 
4073	16 
4074	9 
4075	6 
4076	11 
4077	10 
4078	11 
4079	18 
4080	27 
4081	20 
4082	11 
4083	10 
4084	22 
4085	16 
4086	2 
4087	29 
4088	28 
4089	13 
4090	9 
4091	8 
4092	3 
4093	30 
4094	26 
4095	3 
4096	2 
4097	25 
4098	7 
4099	27 
4100	30 
4101	20 
4102	14 
4103	23 
4104	7 
4105	3 
4106	9 
4107	3 
4108	9 
4109	8 
4110	27 
4111	7 
4112	21 
4113	1 
4114	21 
4115	1 
4116	5 
4117	3 
4118	23 
4119	30 
4120	1 
4121	18 
4122	20 
4123	21 
4124	6 
4125	14 
4126	3 
4127	14 
4128	3 
4129	5 
4130	5 
4131	4 
4132	3 
4133	17 
4134	21 
4135	6 
4136	15 
4137	28 
4138	21 
4139	1 
4140	20 
4141	3 
4142	5 
4143	14 
4144	11 
4145	14 
4146	14 
4147	30 
4148	21 
4149	29 
4150	23 
4151	21 
4152	1 
4153	6 
4154	1 
4155	7 
4156	27 
4157	23 
4158	30 
4159	5 
4160	18 
4161	12 
4162	25 
4163	20 
4164	17 
4165	27 
4166	5 
4167	5 
4168	27 
4169	24 
4170	18 
4171	7 
4172	17 
4173	29 
4174	18 
4175	14 
4176	26 
4177	1 
4178	20 
4179	6 
4180	23 
4181	28 
4182	1 
4183	29 
4184	2 
4185	13 
4186	26 
4187	18 
4188	14 
4189	26 
4190	11 
4191	23 
4192	13 
4193	2 
4194	14 
4195	21 
4196	3 
4197	1 
4198	5 
4199	23 
4200	24 
4201	26 
4202	12 
4203	6 
4204	19 
4205	20 
4206	3 
4207	12 
4208	22 
4209	25 
4210	1 
4211	25 
4212	5 
4213	1 
4214	14 
4215	12 
4216	20 
4217	22 
4218	29 
4219	14 
4220	28 
4221	29 
4222	18 
4223	26 
4224	25 
4225	14 
4226	29 
4227	16 
4228	26 
4229	9 
4230	20 
4231	20 
4232	14 
4233	30 
4234	14 
4235	26 
4236	30 
4237	23 
4238	9 
4239	18 
4240	30 
4241	13 
4242	30 
4243	3 
4244	17 
4245	11 
4246	24 
4247	30 
4248	22 
4249	26 
4250	26 
4251	20 
4252	28 
4253	23 
4254	22 
4255	12 
4256	13 
4257	1 
4258	29 
4259	11 
4260	3 
4261	9 
4262	20 
4263	27 
4264	10 
4265	25 
4266	22 
4267	23 
4268	12 
4269	24 
4270	15 
4271	14 
4272	15 
4273	7 
4274	4 
4275	16 
4276	23 
4277	5 
4278	30 
4279	18 
4280	30 
4281	14 
4282	11 
4283	9 
4284	11 
4285	26 
4286	2 
4287	7 
4288	2 
4289	23 
4290	2 
4291	14 
4292	29 
4293	7 
4294	5 
4295	27 
4296	9 
4297	5 
4298	17 
4299	25 
4300	29 
4301	2 
4302	28 
4303	4 
4304	25 
4305	26 
4306	4 
4307	1 
4308	5 
4309	20 
4310	16 
4311	1 
4312	18 
4313	26 
4314	25 
4315	19 
4316	24 
4317	27 
4318	6 
4319	27 
4320	6 
4321	18 
4322	16 
4323	22 
4324	22 
4325	13 
4326	28 
4327	28 
4328	30 
4329	21 
4330	20 
4331	19 
4332	8 
4333	24 
4334	3 
4335	30 
4336	27 
4337	28 
4338	25 
4339	23 
4340	6 
4341	20 
4342	15 
4343	11 
4344	12 
4345	23 
4346	29 
4347	25 
4348	21 
4349	7 
4350	23 
4351	18 
4352	6 
4353	19 
4354	5 
4355	7 
4356	18 
4357	5 
4358	27 
4359	5 
4360	8 
4361	12 
4362	6 
4363	9 
4364	5 
4365	12 
4366	17 
4367	21 
4368	5 
4369	14 
4370	21 
4371	22 
4372	30 
4373	27 
4374	10 
4375	3 
4376	17 
4377	20 
4378	23 
4379	2 
4380	18 
4381	24 
4382	12 
4383	11 
4384	30 
4385	28 
4386	20 
4387	14 
4388	24 
4389	12 
4390	11 
4391	11 
4392	20 
4393	16 
4394	4 
4395	8 
4396	28 
4397	2 
4398	1 
4399	4 
4400	25 
4401	8 
4402	9 
4403	20 
4404	23 
4405	3 
4406	2 
4407	22 
4408	1 
4409	22 
4410	30 
4411	16 
4412	29 
4413	8 
4414	3 
4415	12 
4416	14 
4417	8 
4418	1 
4419	9 
4420	17 
4421	6 
4422	14 
4423	13 
4424	12 
4425	27 
4426	1 
4427	18 
4428	8 
4429	1 
4430	26 
4431	23 
4432	9 
4433	15 
4434	19 
4435	16 
4436	4 
4437	27 
4438	6 
4439	18 
4440	2 
4441	21 
4442	13 
4443	28 
4444	2 
4445	12 
4446	29 
4447	20 
4448	22 
4449	25 
4450	23 
4451	21 
4452	10 
4453	25 
4454	5 
4455	4 
4456	29 
4457	1 
4458	25 
4459	7 
4460	12 
4461	28 
4462	6 
4463	20 
4464	13 
4465	15 
4466	7 
4467	12 
4468	29 
4469	27 
4470	3 
4471	11 
4472	29 
4473	25 
4474	5 
4475	20 
4476	6 
4477	23 
4478	11 
4479	30 
4480	10 
4481	6 
4482	21 
4483	21 
4484	25 
4485	30 
4486	20 
4487	6 
4488	3 
4489	13 
4490	19 
4491	17 
4492	29 
4493	3 
4494	7 
4495	27 
4496	24 
4497	25 
4498	18 
4499	11 
4500	25 
4501	5 
4502	29 
4503	1 
4504	11 
4505	1 
4506	9 
4507	23 
4508	26 
4509	4 
4510	25 
4511	10 
4512	2 
4513	22 
4514	10 
4515	29 
4516	25 
4517	3 
4518	15 
4519	8 
4520	26 
4521	19 
4522	11 
4523	11 
4524	20 
4525	28 
4526	14 
4527	3 
4528	25 
4529	24 
4530	17 
4531	30 
4532	1 
4533	17 
4534	7 
4535	7 
4536	29 
4537	7 
4538	17 
4539	5 
4540	6 
4541	7 
4542	2 
4543	10 
4544	4 
4545	1 
4546	8 
4547	3 
4548	3 
4549	10 
4550	14 
4551	12 
4552	23 
4553	16 
4554	4 
4555	13 
4556	10 
4557	23 
4558	25 
4559	18 
4560	8 
4561	14 
4562	1 
4563	24 
4564	21 
4565	30 
4566	21 
4567	20 
4568	18 
4569	12 
4570	7 
4571	18 
4572	16 
4573	29 
4574	15 
4575	11 
4576	23 
4577	19 
4578	23 
4579	14 
4580	2 
4581	6 
4582	10 
4583	16 
4584	25 
4585	23 
4586	15 
4587	5 
4588	4 
4589	22 
4590	12 
4591	23 
4592	6 
4593	9 
4594	29 
4595	2 
4596	9 
4597	27 
4598	4 
4599	16 
4600	2 
4601	24 
4602	28 
4603	18 
4604	24 
4605	28 
4606	19 
4607	29 
4608	18 
4609	14 
4610	25 
4611	8 
4612	1 
4613	20 
4614	17 
4615	20 
4616	3 
4617	13 
4618	5 
4619	15 
4620	21 
4621	14 
4622	10 
4623	20 
4624	5 
4625	19 
4626	30 
4627	14 
4628	14 
4629	19 
4630	29 
4631	29 
4632	16 
4633	7 
4634	14 
4635	9 
4636	22 
4637	25 
4638	20 
4639	25 
4640	5 
4641	17 
4642	30 
4643	12 
4644	11 
4645	1 
4646	6 
4647	17 
4648	10 
4649	30 
4650	7 
4651	2 
4652	9 
4653	28 
4654	1 
4655	21 
4656	12 
4657	21 
4658	23 
4659	13 
4660	6 
4661	30 
4662	24 
4663	10 
4664	4 
4665	6 
4666	1 
4667	27 
4668	19 
4669	24 
4670	1 
4671	14 
4672	8 
4673	9 
4674	17 
4675	13 
4676	26 
4677	10 
4678	19 
4679	27 
4680	14 
4681	4 
4682	25 
4683	2 
4684	24 
4685	6 
4686	1 
4687	4 
4688	25 
4689	5 
4690	9 
4691	29 
4692	4 
4693	2 
4694	8 
4695	20 
4696	10 
4697	21 
4698	2 
4699	4 
4700	23 
4701	1 
4702	30 
4703	29 
4704	29 
4705	14 
4706	10 
4707	9 
4708	4 
4709	18 
4710	19 
4711	28 
4712	11 
4713	8 
4714	9 
4715	17 
4716	23 
4717	15 
4718	14 
4719	12 
4720	12 
4721	26 
4722	25 
4723	19 
4724	9 
4725	25 
4726	20 
4727	29 
4728	28 
4729	9 
4730	3 
4731	13 
4732	2 
4733	15 
4734	23 
4735	11 
4736	23 
4737	9 
4738	22 
4739	5 
4740	20 
4741	7 
4742	9 
4743	28 
4744	9 
4745	12 
4746	29 
4747	4 
4748	25 
4749	22 
4750	1 
4751	15 
4752	21 
4753	29 
4754	14 
4755	19 
4756	1 
4757	24 
4758	20 
4759	14 
4760	13 
4761	27 
4762	22 
4763	30 
4764	2 
4765	25 
4766	23 
4767	10 
4768	25 
4769	23 
4770	2 
4771	3 
4772	20 
4773	4 
4774	16 
4775	23 
4776	17 
4777	26 
4778	18 
4779	25 
4780	12 
4781	13 
4782	18 
4783	21 
4784	9 
4785	25 
4786	27 
4787	6 
4788	20 
4789	30 
4790	25 
4791	11 
4792	15 
4793	30 
4794	20 
4795	11 
4796	22 
4797	5 
4798	6 
4799	10 
4800	28 
4801	6 
4802	23 
4803	26 
4804	1 
4805	23 
4806	5 
4807	12 
4808	24 
4809	27 
4810	20 
4811	15 
4812	29 
4813	17 
4814	25 
4815	30 
4816	30 
4817	14 
4818	3 
4819	13 
4820	12 
4821	2 
4822	18 
4823	27 
4824	5 
4825	9 
4826	28 
4827	13 
4828	2 
4829	10 
4830	14 
4831	30 
4832	30 
4833	10 
4834	23 
4835	23 
4836	4 
4837	26 
4838	22 
4839	3 
4840	28 
4841	23 
4842	27 
4843	20 
4844	4 
4845	27 
4846	7 
4847	29 
4848	26 
4849	14 
4850	6 
4851	19 
4852	28 
4853	24 
4854	23 
4855	8 
4856	7 
4857	16 
4858	21 
4859	21 
4860	1 
4861	28 
4862	10 
4863	14 
4864	12 
4865	15 
4866	27 
4867	9 
4868	12 
4869	13 
4870	19 
4871	30 
4872	26 
4873	23 
4874	9 
4875	30 
4876	20 
4877	6 
4878	4 
4879	17 
4880	20 
4881	1 
4882	6 
4883	16 
4884	23 
4885	10 
4886	1 
4887	14 
4888	2 
4889	29 
4890	25 
4891	15 
4892	2 
4893	2 
4894	18 
4895	21 
4896	27 
4897	2 
4898	8 
4899	19 
4900	8 
4901	30 
4902	25 
4903	29 
4904	1 
4905	30 
4906	7 
4907	27 
4908	7 
4909	2 
4910	6 
4911	28 
4912	11 
4913	10 
4914	27 
4915	18 
4916	10 
4917	20 
4918	27 
4919	19 
4920	15 
4921	19 
4922	14 
4923	22 
4924	18 
4925	7 
4926	27 
4927	25 
4928	17 
4929	3 
4930	4 
4931	12 
4932	5 
4933	2 
4934	14 
4935	28 
4936	1 
4937	21 
4938	2 
4939	1 
4940	3 
4941	11 
4942	24 
4943	4 
4944	7 
4945	29 
4946	2 
4947	27 
4948	1 
4949	24 
4950	6 
4951	21 
4952	20 
4953	17 
4954	1 
4955	5 
4956	9 
4957	17 
4958	1 
4959	23 
4960	28 
4961	27 
4962	29 
4963	2 
4964	6 
4965	9 
4966	6 
4967	10 
4968	25 
4969	18 
4970	25 
4971	5 
4972	23 
4973	25 
4974	14 
4975	5 
4976	29 
4977	9 
4978	14 
4979	20 
4980	14 
4981	20 
4982	27 
4983	28 
4984	28 
4985	27 
4986	20 
4987	14 
4988	27 
4989	28 
4990	5 
4991	29 
4992	20 
4993	5 
4994	14 
4995	5 
4996	14 
4997	14 
4998	14 
4999	14 
5000	14 
