1	51 
2	11 
3	82 
4	51 
5	22 
6	58 
7	76 
8	24 
9	90 
10	43 
11	51 
12	91 
13	73 
14	41 
15	9 
16	94 
17	86 
18	44 
19	68 
20	39 
21	77 
22	87 
23	10 
24	82 
25	81 
26	49 
27	65 
28	5 
29	61 
30	83 
31	89 
32	86 
33	75 
34	98 
35	5 
36	11 
37	10 
38	76 
39	49 
40	12 
41	46 
42	35 
43	34 
44	72 
45	76 
46	38 
47	70 
48	74 
49	9 
50	39 
51	98 
52	84 
53	74 
54	19 
55	61 
56	48 
57	4 
58	91 
59	45 
60	92 
61	60 
62	39 
63	4 
64	72 
65	10 
66	54 
67	14 
68	2 
69	51 
70	4 
71	29 
72	94 
73	75 
74	57 
75	56 
76	59 
77	73 
78	12 
79	19 
80	16 
81	74 
82	40 
83	96 
84	99 
85	39 
86	66 
87	11 
88	96 
89	70 
90	81 
91	5 
92	58 
93	35 
94	96 
95	27 
96	58 
97	85 
98	54 
99	6 
100	68 
101	2 
102	86 
103	5 
104	41 
105	87 
106	76 
107	47 
108	83 
109	48 
110	9 
111	67 
112	23 
113	71 
114	16 
115	94 
116	2 
117	78 
118	50 
119	84 
120	33 
121	76 
122	79 
123	70 
124	9 
125	53 
126	18 
127	18 
128	73 
129	69 
130	91 
131	50 
132	99 
133	35 
134	95 
135	30 
136	74 
137	10 
138	60 
139	16 
140	32 
141	45 
142	56 
143	26 
144	53 
145	70 
146	21 
147	73 
148	34 
149	35 
150	23 
151	15 
152	39 
153	63 
154	98 
155	56 
156	38 
157	88 
158	29 
159	44 
160	63 
161	58 
162	26 
163	73 
164	87 
165	73 
166	80 
167	2 
168	73 
169	96 
170	89 
171	60 
172	32 
173	11 
174	2 
175	91 
176	13 
177	50 
178	35 
179	73 
180	92 
181	54 
182	44 
183	68 
184	48 
185	75 
186	38 
187	55 
188	29 
189	14 
190	66 
191	7 
192	13 
193	26 
194	22 
195	74 
196	45 
197	65 
198	7 
199	29 
200	75 
201	17 
202	34 
203	27 
204	46 
205	97 
206	50 
207	52 
208	18 
209	51 
210	37 
211	35 
212	78 
213	88 
214	73 
215	100 
216	28 
217	9 
218	21 
219	44 
220	55 
221	56 
222	95 
223	2 
224	65 
225	12 
226	39 
227	86 
228	70 
229	63 
230	90 
231	10 
232	9 
233	85 
234	79 
235	86 
236	10 
237	38 
238	50 
239	100 
240	3 
241	74 
242	95 
243	77 
244	63 
245	78 
246	97 
247	58 
248	33 
249	10 
250	49 
251	56 
252	18 
253	53 
254	71 
255	19 
256	10 
257	74 
258	15 
259	96 
260	73 
261	58 
262	73 
263	99 
264	58 
265	51 
266	28 
267	18 
268	94 
269	95 
270	54 
271	91 
272	3 
273	51 
274	31 
275	25 
276	86 
277	18 
278	54 
279	69 
280	48 
281	43 
282	39 
283	88 
284	29 
285	26 
286	88 
287	35 
288	41 
289	12 
290	16 
291	83 
292	41 
293	6 
294	14 
295	38 
296	17 
297	75 
298	55 
299	85 
300	54 
301	73 
302	78 
303	11 
304	5 
305	59 
306	16 
307	14 
308	76 
309	86 
310	64 
311	48 
312	43 
313	70 
314	83 
315	89 
316	10 
317	78 
318	4 
319	33 
320	76 
321	92 
322	4 
323	91 
324	73 
325	7 
326	58 
327	50 
328	15 
329	98 
330	34 
331	74 
332	92 
333	63 
334	58 
335	66 
336	41 
337	64 
338	1 
339	75 
340	76 
341	22 
342	7 
343	69 
344	3 
345	55 
346	7 
347	41 
348	11 
349	77 
350	21 
351	65 
352	80 
353	73 
354	43 
355	81 
356	70 
357	27 
358	44 
359	81 
360	10 
361	21 
362	36 
363	68 
364	46 
365	43 
366	39 
367	93 
368	68 
369	67 
370	31 
371	9 
372	58 
373	7 
374	88 
375	46 
376	87 
377	3 
378	2 
379	9 
380	87 
381	65 
382	42 
383	41 
384	35 
385	66 
386	59 
387	48 
388	57 
389	28 
390	96 
391	96 
392	5 
393	50 
394	47 
395	69 
396	2 
397	44 
398	63 
399	45 
400	5 
401	98 
402	46 
403	37 
404	35 
405	95 
406	63 
407	9 
408	5 
409	7 
410	11 
411	72 
412	1 
413	54 
414	15 
415	60 
416	4 
417	35 
418	53 
419	15 
420	8 
421	91 
422	39 
423	8 
424	55 
425	101 
426	53 
427	75 
428	35 
429	85 
430	95 
431	30 
432	12 
433	60 
434	41 
435	63 
436	20 
437	61 
438	79 
439	66 
440	35 
441	88 
442	12 
443	88 
444	95 
445	15 
446	2 
447	73 
448	12 
449	45 
450	101 
451	93 
452	41 
453	37 
454	88 
455	50 
456	15 
457	54 
458	92 
459	11 
460	45 
461	89 
462	22 
463	13 
464	41 
465	7 
466	41 
467	76 
468	56 
469	86 
470	22 
471	18 
472	46 
473	90 
474	45 
475	74 
476	32 
477	52 
478	33 
479	70 
480	44 
481	42 
482	14 
483	67 
484	46 
485	50 
486	79 
487	5 
488	49 
489	68 
490	73 
491	27 
492	51 
493	11 
494	86 
495	34 
496	13 
497	57 
498	56 
499	57 
500	2 
501	63 
502	96 
503	60 
504	22 
505	66 
506	64 
507	96 
508	29 
509	75 
510	81 
511	20 
512	73 
513	44 
514	99 
515	21 
516	84 
517	39 
518	55 
519	27 
520	80 
521	90 
522	17 
523	90 
524	22 
525	24 
526	16 
527	37 
528	35 
529	44 
530	46 
531	25 
532	7 
533	96 
534	11 
535	13 
536	39 
537	43 
538	62 
539	20 
540	92 
541	90 
542	75 
543	90 
544	19 
545	4 
546	27 
547	93 
548	41 
549	31 
550	46 
551	4 
552	94 
553	68 
554	75 
555	50 
556	62 
557	36 
558	13 
559	95 
560	87 
561	91 
562	31 
563	50 
564	74 
565	54 
566	29 
567	93 
568	4 
569	3 
570	88 
571	88 
572	79 
573	76 
574	66 
575	78 
576	54 
577	49 
578	21 
579	79 
580	29 
581	39 
582	70 
583	58 
584	31 
585	82 
586	90 
587	2 
588	27 
589	44 
590	96 
591	16 
592	1 
593	20 
594	28 
595	51 
596	2 
597	79 
598	81 
599	50 
600	2 
601	58 
602	68 
603	70 
604	64 
605	60 
606	47 
607	70 
608	4 
609	46 
610	78 
611	19 
612	44 
613	34 
614	62 
615	43 
616	79 
617	21 
618	53 
619	71 
620	15 
621	42 
622	23 
623	11 
624	77 
625	92 
626	9 
627	66 
628	56 
629	91 
630	76 
631	43 
632	41 
633	100 
634	11 
635	88 
636	100 
637	39 
638	14 
639	76 
640	7 
641	6 
642	50 
643	99 
644	65 
645	76 
646	88 
647	56 
648	33 
649	29 
650	21 
651	54 
652	35 
653	60 
654	13 
655	85 
656	21 
657	99 
658	66 
659	65 
660	14 
661	34 
662	59 
663	88 
664	16 
665	79 
666	21 
667	2 
668	18 
669	95 
670	57 
671	23 
672	67 
673	48 
674	99 
675	95 
676	75 
677	39 
678	58 
679	59 
680	88 
681	60 
682	3 
683	60 
684	54 
685	74 
686	43 
687	33 
688	43 
689	10 
690	21 
691	47 
692	73 
693	44 
694	94 
695	91 
696	5 
697	49 
698	54 
699	88 
700	85 
701	56 
702	21 
703	79 
704	57 
705	45 
706	22 
707	65 
708	67 
709	51 
710	39 
711	47 
712	6 
713	89 
714	37 
715	56 
716	53 
717	41 
718	27 
719	97 
720	57 
721	66 
722	43 
723	34 
724	60 
725	76 
726	24 
727	60 
728	10 
729	49 
730	93 
731	4 
732	62 
733	5 
734	17 
735	48 
736	53 
737	73 
738	46 
739	10 
740	29 
741	41 
742	65 
743	99 
744	2 
745	57 
746	41 
747	12 
748	47 
749	33 
750	42 
751	58 
752	11 
753	85 
754	54 
755	58 
756	67 
757	22 
758	90 
759	49 
760	10 
761	76 
762	93 
763	34 
764	7 
765	85 
766	18 
767	25 
768	67 
769	73 
770	50 
771	33 
772	73 
773	21 
774	95 
775	62 
776	82 
777	96 
778	81 
779	66 
780	41 
781	46 
782	89 
783	48 
784	65 
785	73 
786	45 
787	75 
788	90 
789	51 
790	10 
791	27 
792	44 
793	7 
794	66 
795	49 
796	34 
797	76 
798	34 
799	68 
800	58 
801	95 
802	56 
803	87 
804	95 
805	41 
806	37 
807	50 
808	62 
809	71 
810	79 
811	19 
812	65 
813	21 
814	50 
815	34 
816	99 
817	61 
818	101 
819	95 
820	91 
821	56 
822	94 
823	22 
824	60 
825	13 
826	16 
827	87 
828	90 
829	7 
830	2 
831	45 
832	4 
833	37 
834	22 
835	65 
836	71 
837	91 
838	60 
839	47 
840	63 
841	29 
842	68 
843	61 
844	19 
845	12 
846	93 
847	44 
848	46 
849	80 
850	38 
851	70 
852	2 
853	27 
854	65 
855	75 
856	56 
857	3 
858	1 
859	73 
860	88 
861	44 
862	101 
863	97 
864	66 
865	1 
866	22 
867	44 
868	22 
869	54 
870	93 
871	90 
872	43 
873	10 
874	10 
875	77 
876	86 
877	7 
878	62 
879	61 
880	21 
881	70 
882	42 
883	97 
884	8 
885	96 
886	30 
887	81 
888	47 
889	74 
890	72 
891	56 
892	60 
893	29 
894	76 
895	95 
896	61 
897	61 
898	21 
899	87 
900	57 
901	29 
902	57 
903	9 
904	61 
905	62 
906	87 
907	100 
908	66 
909	75 
910	97 
911	83 
912	38 
913	58 
914	55 
915	21 
916	56 
917	10 
918	30 
919	69 
920	49 
921	80 
922	28 
923	35 
924	43 
925	65 
926	16 
927	74 
928	86 
929	34 
930	35 
931	75 
932	14 
933	14 
934	73 
935	7 
936	34 
937	3 
938	53 
939	54 
940	98 
941	3 
942	86 
943	48 
944	39 
945	37 
946	50 
947	10 
948	99 
949	60 
950	62 
951	46 
952	87 
953	56 
954	38 
955	63 
956	46 
957	34 
958	91 
959	42 
960	45 
961	5 
962	74 
963	32 
964	45 
965	31 
966	14 
967	54 
968	39 
969	11 
970	39 
971	39 
972	75 
973	86 
974	60 
975	29 
976	11 
977	71 
978	10 
979	9 
980	65 
981	75 
982	40 
983	20 
984	45 
985	74 
986	14 
987	85 
988	5 
989	53 
990	30 
991	42 
992	82 
993	90 
994	87 
995	58 
996	4 
997	62 
998	41 
999	38 
1000	2 
1001	30 
1002	73 
1003	69 
1004	6 
1005	42 
1006	82 
1007	96 
1008	65 
1009	83 
1010	56 
1011	12 
1012	50 
1013	2 
1014	91 
1015	19 
1016	13 
1017	99 
1018	70 
1019	42 
1020	91 
1021	58 
1022	87 
1023	38 
1024	58 
1025	54 
1026	41 
1027	38 
1028	2 
1029	54 
1030	88 
1031	45 
1032	6 
1033	101 
1034	48 
1035	72 
1036	3 
1037	69 
1038	64 
1039	59 
1040	68 
1041	73 
1042	4 
1043	29 
1044	92 
1045	15 
1046	31 
1047	70 
1048	17 
1049	74 
1050	90 
1051	40 
1052	25 
1053	9 
1054	88 
1055	96 
1056	78 
1057	2 
1058	58 
1059	9 
1060	34 
1061	91 
1062	21 
1063	89 
1064	16 
1065	50 
1066	63 
1067	100 
1068	12 
1069	91 
1070	67 
1071	51 
1072	56 
1073	53 
1074	79 
1075	28 
1076	48 
1077	65 
1078	20 
1079	91 
1080	13 
1081	49 
1082	44 
1083	95 
1084	15 
1085	100 
1086	29 
1087	56 
1088	47 
1089	20 
1090	47 
1091	75 
1092	71 
1093	76 
1094	39 
1095	28 
1096	15 
1097	49 
1098	81 
1099	49 
1100	19 
1101	64 
1102	54 
1103	9 
1104	56 
1105	52 
1106	58 
1107	12 
1108	4 
1109	72 
1110	4 
1111	11 
1112	66 
1113	7 
1114	101 
1115	16 
1116	19 
1117	10 
1118	4 
1119	94 
1120	1 
1121	43 
1122	58 
1123	90 
1124	73 
1125	82 
1126	54 
1127	41 
1128	50 
1129	91 
1130	63 
1131	35 
1132	4 
1133	85 
1134	60 
1135	14 
1136	54 
1137	56 
1138	26 
1139	93 
1140	2 
1141	20 
1142	51 
1143	56 
1144	76 
1145	91 
1146	83 
1147	95 
1148	41 
1149	61 
1150	5 
1151	46 
1152	70 
1153	55 
1154	92 
1155	33 
1156	89 
1157	33 
1158	77 
1159	32 
1160	57 
1161	13 
1162	41 
1163	29 
1164	76 
1165	47 
1166	91 
1167	75 
1168	53 
1169	49 
1170	11 
1171	85 
1172	101 
1173	42 
1174	12 
1175	10 
1176	97 
1177	49 
1178	5 
1179	41 
1180	34 
1181	92 
1182	94 
1183	62 
1184	70 
1185	99 
1186	46 
1187	29 
1188	58 
1189	88 
1190	77 
1191	39 
1192	56 
1193	50 
1194	7 
1195	74 
1196	3 
1197	26 
1198	6 
1199	51 
1200	45 
1201	90 
1202	17 
1203	51 
1204	69 
1205	27 
1206	73 
1207	84 
1208	93 
1209	20 
1210	96 
1211	91 
1212	50 
1213	55 
1214	65 
1215	2 
1216	72 
1217	57 
1218	24 
1219	9 
1220	18 
1221	43 
1222	2 
1223	63 
1224	73 
1225	29 
1226	59 
1227	93 
1228	88 
1229	2 
1230	63 
1231	31 
1232	30 
1233	48 
1234	15 
1235	48 
1236	31 
1237	90 
1238	55 
1239	7 
1240	40 
1241	34 
1242	79 
1243	71 
1244	4 
1245	8 
1246	41 
1247	84 
1248	1 
1249	35 
1250	91 
1251	70 
1252	20 
1253	97 
1254	33 
1255	54 
1256	25 
1257	23 
1258	56 
1259	44 
1260	15 
1261	83 
1262	75 
1263	97 
1264	33 
1265	88 
1266	21 
1267	54 
1268	46 
1269	95 
1270	74 
1271	28 
1272	63 
1273	74 
1274	49 
1275	54 
1276	58 
1277	10 
1278	8 
1279	52 
1280	25 
1281	29 
1282	39 
1283	7 
1284	37 
1285	4 
1286	87 
1287	89 
1288	11 
1289	62 
1290	39 
1291	53 
1292	27 
1293	36 
1294	58 
1295	75 
1296	28 
1297	67 
1298	69 
1299	3 
1300	39 
1301	81 
1302	75 
1303	29 
1304	97 
1305	84 
1306	11 
1307	97 
1308	91 
1309	1 
1310	70 
1311	57 
1312	39 
1313	30 
1314	72 
1315	97 
1316	5 
1317	35 
1318	84 
1319	81 
1320	98 
1321	24 
1322	70 
1323	43 
1324	40 
1325	20 
1326	33 
1327	38 
1328	33 
1329	32 
1330	20 
1331	78 
1332	100 
1333	7 
1334	44 
1335	35 
1336	88 
1337	1 
1338	7 
1339	56 
1340	1 
1341	22 
1342	29 
1343	57 
1344	87 
1345	1 
1346	44 
1347	43 
1348	99 
1349	60 
1350	45 
1351	60 
1352	18 
1353	90 
1354	86 
1355	23 
1356	101 
1357	9 
1358	54 
1359	97 
1360	27 
1361	57 
1362	71 
1363	60 
1364	29 
1365	90 
1366	45 
1367	65 
1368	93 
1369	49 
1370	21 
1371	41 
1372	51 
1373	35 
1374	1 
1375	27 
1376	26 
1377	10 
1378	75 
1379	66 
1380	64 
1381	87 
1382	30 
1383	4 
1384	82 
1385	31 
1386	72 
1387	56 
1388	87 
1389	95 
1390	19 
1391	97 
1392	65 
1393	24 
1394	3 
1395	65 
1396	12 
1397	94 
1398	4 
1399	60 
1400	32 
1401	33 
1402	90 
1403	4 
1404	11 
1405	68 
1406	11 
1407	10 
1408	83 
1409	41 
1410	96 
1411	100 
1412	86 
1413	38 
1414	64 
1415	35 
1416	85 
1417	22 
1418	14 
1419	73 
1420	94 
1421	67 
1422	68 
1423	12 
1424	83 
1425	49 
1426	96 
1427	58 
1428	37 
1429	62 
1430	80 
1431	42 
1432	52 
1433	9 
1434	94 
1435	39 
1436	34 
1437	69 
1438	55 
1439	16 
1440	90 
1441	54 
1442	39 
1443	75 
1444	86 
1445	39 
1446	75 
1447	53 
1448	75 
1449	42 
1450	80 
1451	73 
1452	12 
1453	75 
1454	59 
1455	50 
1456	50 
1457	74 
1458	96 
1459	74 
1460	97 
1461	46 
1462	25 
1463	84 
1464	40 
1465	86 
1466	90 
1467	57 
1468	91 
1469	67 
1470	50 
1471	90 
1472	88 
1473	88 
1474	100 
1475	87 
1476	41 
1477	11 
1478	97 
1479	2 
1480	91 
1481	70 
1482	26 
1483	9 
1484	79 
1485	46 
1486	11 
1487	21 
1488	33 
1489	2 
1490	57 
1491	35 
1492	46 
1493	60 
1494	65 
1495	82 
1496	45 
1497	6 
1498	98 
1499	44 
1500	42 
1501	98 
1502	39 
1503	31 
1504	16 
1505	8 
1506	41 
1507	76 
1508	56 
1509	86 
1510	8 
1511	90 
1512	93 
1513	50 
1514	77 
1515	16 
1516	43 
1517	54 
1518	39 
1519	12 
1520	46 
1521	31 
1522	91 
1523	67 
1524	54 
1525	11 
1526	5 
1527	2 
1528	50 
1529	10 
1530	73 
1531	86 
1532	101 
1533	54 
1534	44 
1535	74 
1536	86 
1537	30 
1538	38 
1539	20 
1540	2 
1541	97 
1542	28 
1543	24 
1544	66 
1545	20 
1546	87 
1547	89 
1548	95 
1549	88 
1550	29 
1551	59 
1552	62 
1553	33 
1554	55 
1555	70 
1556	6 
1557	29 
1558	88 
1559	53 
1560	53 
1561	90 
1562	20 
1563	68 
1564	8 
1565	22 
1566	29 
1567	14 
1568	87 
1569	35 
1570	3 
1571	41 
1572	22 
1573	46 
1574	87 
1575	46 
1576	55 
1577	95 
1578	66 
1579	38 
1580	88 
1581	20 
1582	72 
1583	97 
1584	66 
1585	30 
1586	34 
1587	86 
1588	35 
1589	9 
1590	66 
1591	49 
1592	34 
1593	39 
1594	34 
1595	10 
1596	43 
1597	74 
1598	55 
1599	57 
1600	77 
1601	28 
1602	39 
1603	2 
1604	51 
1605	4 
1606	29 
1607	38 
1608	45 
1609	20 
1610	44 
1611	70 
1612	67 
1613	82 
1614	3 
1615	35 
1616	6 
1617	42 
1618	11 
1619	34 
1620	46 
1621	9 
1622	49 
1623	51 
1624	60 
1625	45 
1626	22 
1627	15 
1628	42 
1629	40 
1630	38 
1631	50 
1632	2 
1633	58 
1634	41 
1635	76 
1636	60 
1637	36 
1638	88 
1639	32 
1640	12 
1641	74 
1642	22 
1643	37 
1644	38 
1645	86 
1646	99 
1647	73 
1648	75 
1649	52 
1650	46 
1651	21 
1652	35 
1653	41 
1654	66 
1655	56 
1656	10 
1657	75 
1658	35 
1659	89 
1660	80 
1661	17 
1662	77 
1663	21 
1664	47 
1665	48 
1666	2 
1667	37 
1668	84 
1669	75 
1670	48 
1671	18 
1672	20 
1673	95 
1674	69 
1675	95 
1676	56 
1677	54 
1678	57 
1679	58 
1680	11 
1681	37 
1682	51 
1683	86 
1684	41 
1685	43 
1686	76 
1687	65 
1688	24 
1689	26 
1690	46 
1691	67 
1692	34 
1693	13 
1694	57 
1695	58 
1696	21 
1697	10 
1698	32 
1699	37 
1700	10 
1701	51 
1702	58 
1703	57 
1704	76 
1705	50 
1706	39 
1707	12 
1708	90 
1709	14 
1710	76 
1711	60 
1712	53 
1713	94 
1714	21 
1715	2 
1716	22 
1717	5 
1718	44 
1719	10 
1720	87 
1721	67 
1722	17 
1723	98 
1724	55 
1725	57 
1726	29 
1727	88 
1728	87 
1729	17 
1730	59 
1731	86 
1732	18 
1733	2 
1734	39 
1735	53 
1736	99 
1737	39 
1738	23 
1739	29 
1740	14 
1741	43 
1742	88 
1743	55 
1744	83 
1745	18 
1746	3 
1747	2 
1748	40 
1749	74 
1750	68 
1751	5 
1752	53 
1753	90 
1754	15 
1755	54 
1756	67 
1757	85 
1758	33 
1759	12 
1760	91 
1761	101 
1762	20 
1763	76 
1764	10 
1765	34 
1766	37 
1767	27 
1768	5 
1769	5 
1770	15 
1771	20 
1772	67 
1773	77 
1774	43 
1775	91 
1776	65 
1777	62 
1778	17 
1779	10 
1780	38 
1781	88 
1782	101 
1783	53 
1784	29 
1785	10 
1786	38 
1787	46 
1788	54 
1789	24 
1790	70 
1791	41 
1792	58 
1793	60 
1794	43 
1795	16 
1796	7 
1797	22 
1798	46 
1799	78 
1800	18 
1801	90 
1802	42 
1803	39 
1804	32 
1805	66 
1806	41 
1807	93 
1808	68 
1809	28 
1810	50 
1811	50 
1812	41 
1813	93 
1814	91 
1815	91 
1816	47 
1817	80 
1818	2 
1819	10 
1820	12 
1821	31 
1822	3 
1823	1 
1824	9 
1825	90 
1826	1 
1827	85 
1828	65 
1829	23 
1830	90 
1831	15 
1832	34 
1833	21 
1834	36 
1835	2 
1836	58 
1837	91 
1838	100 
1839	21 
1840	76 
1841	49 
1842	81 
1843	79 
1844	91 
1845	10 
1846	3 
1847	60 
1848	7 
1849	50 
1850	3 
1851	76 
1852	13 
1853	31 
1854	58 
1855	46 
1856	60 
1857	60 
1858	95 
1859	100 
1860	31 
1861	87 
1862	73 
1863	75 
1864	61 
1865	37 
1866	26 
1867	25 
1868	66 
1869	96 
1870	25 
1871	1 
1872	73 
1873	43 
1874	40 
1875	83 
1876	81 
1877	61 
1878	34 
1879	88 
1880	62 
1881	60 
1882	70 
1883	7 
1884	46 
1885	2 
1886	41 
1887	69 
1888	44 
1889	74 
1890	55 
1891	50 
1892	22 
1893	65 
1894	88 
1895	6 
1896	51 
1897	6 
1898	75 
1899	69 
1900	55 
1901	83 
1902	52 
1903	39 
1904	46 
1905	99 
1906	58 
1907	97 
1908	9 
1909	94 
1910	63 
1911	46 
1912	70 
1913	75 
1914	2 
1915	22 
1916	87 
1917	2 
1918	53 
1919	88 
1920	6 
1921	50 
1922	44 
1923	3 
1924	7 
1925	3 
1926	91 
1927	40 
1928	83 
1929	35 
1930	7 
1931	56 
1932	41 
1933	41 
1934	67 
1935	35 
1936	34 
1937	41 
1938	45 
1939	31 
1940	88 
1941	73 
1942	46 
1943	43 
1944	17 
1945	7 
1946	94 
1947	64 
1948	100 
1949	56 
1950	88 
1951	22 
1952	34 
1953	42 
1954	16 
1955	75 
1956	11 
1957	79 
1958	16 
1959	41 
1960	10 
1961	96 
1962	15 
1963	58 
1964	18 
1965	61 
1966	47 
1967	101 
1968	33 
1969	13 
1970	18 
1971	29 
1972	88 
1973	72 
1974	4 
1975	10 
1976	5 
1977	32 
1978	66 
1979	56 
1980	16 
1981	49 
1982	95 
1983	98 
1984	74 
1985	86 
1986	47 
1987	55 
1988	65 
1989	35 
1990	57 
1991	29 
1992	57 
1993	8 
1994	35 
1995	22 
1996	43 
1997	35 
1998	38 
1999	30 
2000	46 
2001	25 
2002	95 
2003	24 
2004	31 
2005	4 
2006	53 
2007	18 
2008	28 
2009	21 
2010	63 
2011	11 
2012	52 
2013	47 
2014	7 
2015	83 
2016	66 
2017	54 
2018	76 
2019	60 
2020	48 
2021	43 
2022	13 
2023	91 
2024	21 
2025	56 
2026	82 
2027	42 
2028	14 
2029	85 
2030	79 
2031	68 
2032	65 
2033	18 
2034	46 
2035	34 
2036	27 
2037	94 
2038	50 
2039	35 
2040	19 
2041	11 
2042	89 
2043	87 
2044	95 
2045	59 
2046	50 
2047	86 
2048	12 
2049	12 
2050	18 
2051	51 
2052	43 
2053	58 
2054	54 
2055	7 
2056	100 
2057	35 
2058	48 
2059	80 
2060	82 
2061	93 
2062	15 
2063	79 
2064	53 
2065	82 
2066	68 
2067	79 
2068	58 
2069	45 
2070	88 
2071	25 
2072	49 
2073	95 
2074	90 
2075	80 
2076	75 
2077	24 
2078	65 
2079	19 
2080	61 
2081	63 
2082	88 
2083	62 
2084	67 
2085	78 
2086	86 
2087	79 
2088	93 
2089	91 
2090	69 
2091	45 
2092	19 
2093	5 
2094	46 
2095	13 
2096	6 
2097	43 
2098	8 
2099	9 
2100	54 
2101	57 
2102	58 
2103	20 
2104	42 
2105	12 
2106	22 
2107	48 
2108	18 
2109	10 
2110	99 
2111	73 
2112	50 
2113	44 
2114	54 
2115	29 
2116	86 
2117	29 
2118	50 
2119	45 
2120	40 
2121	73 
2122	59 
2123	30 
2124	8 
2125	97 
2126	41 
2127	85 
2128	89 
2129	56 
2130	7 
2131	6 
2132	59 
2133	56 
2134	74 
2135	12 
2136	57 
2137	100 
2138	43 
2139	89 
2140	90 
2141	52 
2142	13 
2143	96 
2144	3 
2145	53 
2146	53 
2147	22 
2148	6 
2149	20 
2150	2 
2151	31 
2152	98 
2153	86 
2154	83 
2155	43 
2156	65 
2157	35 
2158	67 
2159	77 
2160	5 
2161	33 
2162	35 
2163	65 
2164	55 
2165	73 
2166	60 
2167	90 
2168	10 
2169	15 
2170	58 
2171	41 
2172	95 
2173	78 
2174	56 
2175	4 
2176	7 
2177	62 
2178	3 
2179	47 
2180	53 
2181	14 
2182	46 
2183	90 
2184	46 
2185	29 
2186	62 
2187	91 
2188	60 
2189	90 
2190	31 
2191	74 
2192	48 
2193	11 
2194	91 
2195	100 
2196	39 
2197	90 
2198	93 
2199	57 
2200	86 
2201	36 
2202	42 
2203	87 
2204	99 
2205	42 
2206	20 
2207	15 
2208	16 
2209	49 
2210	29 
2211	71 
2212	68 
2213	16 
2214	1 
2215	60 
2216	5 
2217	56 
2218	84 
2219	9 
2220	29 
2221	34 
2222	24 
2223	57 
2224	7 
2225	34 
2226	29 
2227	57 
2228	97 
2229	97 
2230	50 
2231	46 
2232	22 
2233	12 
2234	36 
2235	70 
2236	94 
2237	43 
2238	17 
2239	41 
2240	14 
2241	56 
2242	10 
2243	14 
2244	66 
2245	50 
2246	92 
2247	39 
2248	79 
2249	50 
2250	100 
2251	35 
2252	31 
2253	87 
2254	10 
2255	78 
2256	84 
2257	83 
2258	44 
2259	17 
2260	60 
2261	21 
2262	12 
2263	66 
2264	77 
2265	11 
2266	39 
2267	72 
2268	47 
2269	53 
2270	36 
2271	13 
2272	17 
2273	35 
2274	60 
2275	7 
2276	10 
2277	57 
2278	17 
2279	34 
2280	2 
2281	50 
2282	28 
2283	82 
2284	5 
2285	46 
2286	75 
2287	44 
2288	43 
2289	16 
2290	88 
2291	78 
2292	7 
2293	91 
2294	4 
2295	5 
2296	43 
2297	53 
2298	74 
2299	58 
2300	88 
2301	40 
2302	56 
2303	37 
2304	16 
2305	90 
2306	43 
2307	13 
2308	7 
2309	6 
2310	93 
2311	77 
2312	26 
2313	42 
2314	43 
2315	97 
2316	37 
2317	35 
2318	90 
2319	22 
2320	51 
2321	57 
2322	41 
2323	59 
2324	57 
2325	25 
2326	96 
2327	54 
2328	50 
2329	34 
2330	95 
2331	14 
2332	79 
2333	17 
2334	4 
2335	41 
2336	54 
2337	15 
2338	35 
2339	44 
2340	31 
2341	101 
2342	10 
2343	93 
2344	73 
2345	57 
2346	29 
2347	53 
2348	99 
2349	79 
2350	52 
2351	56 
2352	97 
2353	99 
2354	34 
2355	59 
2356	41 
2357	15 
2358	90 
2359	23 
2360	56 
2361	43 
2362	60 
2363	46 
2364	101 
2365	43 
2366	49 
2367	53 
2368	75 
2369	70 
2370	32 
2371	10 
2372	48 
2373	54 
2374	8 
2375	8 
2376	37 
2377	41 
2378	80 
2379	41 
2380	13 
2381	91 
2382	54 
2383	77 
2384	99 
2385	74 
2386	87 
2387	74 
2388	7 
2389	7 
2390	21 
2391	73 
2392	42 
2393	79 
2394	73 
2395	43 
2396	21 
2397	60 
2398	54 
2399	37 
2400	41 
2401	81 
2402	98 
2403	59 
2404	53 
2405	66 
2406	90 
2407	38 
2408	79 
2409	47 
2410	1 
2411	28 
2412	72 
2413	91 
2414	89 
2415	14 
2416	9 
2417	61 
2418	60 
2419	58 
2420	78 
2421	75 
2422	62 
2423	39 
2424	44 
2425	90 
2426	17 
2427	35 
2428	76 
2429	81 
2430	40 
2431	52 
2432	74 
2433	68 
2434	68 
2435	72 
2436	48 
2437	23 
2438	20 
2439	81 
2440	9 
2441	2 
2442	58 
2443	54 
2444	27 
2445	85 
2446	51 
2447	97 
2448	95 
2449	32 
2450	31 
2451	4 
2452	99 
2453	63 
2454	77 
2455	35 
2456	16 
2457	4 
2458	21 
2459	76 
2460	40 
2461	15 
2462	61 
2463	50 
2464	88 
2465	7 
2466	52 
2467	59 
2468	66 
2469	43 
2470	85 
2471	59 
2472	71 
2473	53 
2474	44 
2475	27 
2476	17 
2477	96 
2478	75 
2479	90 
2480	5 
2481	2 
2482	37 
2483	10 
2484	28 
2485	68 
2486	21 
2487	47 
2488	90 
2489	88 
2490	88 
2491	68 
2492	57 
2493	63 
2494	7 
2495	71 
2496	18 
2497	63 
2498	54 
2499	98 
2500	12 
2501	3 
2502	27 
2503	25 
2504	99 
2505	22 
2506	35 
2507	57 
2508	33 
2509	34 
2510	37 
2511	77 
2512	23 
2513	72 
2514	77 
2515	10 
2516	55 
2517	39 
2518	31 
2519	74 
2520	52 
2521	59 
2522	59 
2523	39 
2524	15 
2525	98 
2526	31 
2527	7 
2528	18 
2529	35 
2530	73 
2531	30 
2532	46 
2533	87 
2534	5 
2535	70 
2536	2 
2537	37 
2538	23 
2539	29 
2540	95 
2541	74 
2542	100 
2543	60 
2544	50 
2545	74 
2546	8 
2547	41 
2548	34 
2549	23 
2550	70 
2551	70 
2552	91 
2553	22 
2554	1 
2555	31 
2556	49 
2557	73 
2558	21 
2559	92 
2560	25 
2561	45 
2562	47 
2563	16 
2564	44 
2565	4 
2566	88 
2567	51 
2568	33 
2569	6 
2570	22 
2571	74 
2572	60 
2573	65 
2574	95 
2575	65 
2576	95 
2577	58 
2578	70 
2579	73 
2580	14 
2581	57 
2582	42 
2583	98 
2584	33 
2585	29 
2586	95 
2587	2 
2588	11 
2589	88 
2590	34 
2591	88 
2592	75 
2593	5 
2594	14 
2595	100 
2596	56 
2597	86 
2598	54 
2599	52 
2600	34 
2601	2 
2602	21 
2603	7 
2604	88 
2605	72 
2606	90 
2607	43 
2608	20 
2609	52 
2610	7 
2611	84 
2612	71 
2613	74 
2614	46 
2615	43 
2616	2 
2617	100 
2618	27 
2619	8 
2620	73 
2621	82 
2622	21 
2623	100 
2624	2 
2625	26 
2626	91 
2627	61 
2628	50 
2629	22 
2630	88 
2631	70 
2632	18 
2633	1 
2634	74 
2635	68 
2636	99 
2637	31 
2638	58 
2639	80 
2640	62 
2641	39 
2642	86 
2643	33 
2644	58 
2645	12 
2646	29 
2647	32 
2648	58 
2649	35 
2650	87 
2651	7 
2652	37 
2653	73 
2654	9 
2655	48 
2656	22 
2657	10 
2658	74 
2659	28 
2660	91 
2661	24 
2662	72 
2663	46 
2664	41 
2665	72 
2666	59 
2667	24 
2668	39 
2669	17 
2670	72 
2671	34 
2672	64 
2673	35 
2674	95 
2675	88 
2676	89 
2677	54 
2678	92 
2679	37 
2680	46 
2681	34 
2682	13 
2683	60 
2684	49 
2685	29 
2686	14 
2687	63 
2688	82 
2689	10 
2690	91 
2691	53 
2692	67 
2693	72 
2694	74 
2695	85 
2696	23 
2697	19 
2698	6 
2699	44 
2700	74 
2701	95 
2702	2 
2703	60 
2704	58 
2705	54 
2706	73 
2707	27 
2708	66 
2709	98 
2710	1 
2711	31 
2712	65 
2713	11 
2714	39 
2715	5 
2716	19 
2717	58 
2718	10 
2719	55 
2720	72 
2721	72 
2722	76 
2723	69 
2724	42 
2725	6 
2726	88 
2727	46 
2728	29 
2729	43 
2730	50 
2731	80 
2732	90 
2733	71 
2734	69 
2735	25 
2736	65 
2737	17 
2738	37 
2739	32 
2740	12 
2741	77 
2742	41 
2743	25 
2744	21 
2745	46 
2746	74 
2747	43 
2748	70 
2749	50 
2750	16 
2751	34 
2752	57 
2753	18 
2754	33 
2755	7 
2756	46 
2757	16 
2758	22 
2759	59 
2760	13 
2761	12 
2762	6 
2763	99 
2764	58 
2765	49 
2766	83 
2767	68 
2768	85 
2769	95 
2770	41 
2771	69 
2772	25 
2773	5 
2774	74 
2775	42 
2776	57 
2777	43 
2778	10 
2779	26 
2780	24 
2781	54 
2782	61 
2783	54 
2784	10 
2785	9 
2786	14 
2787	80 
2788	37 
2789	65 
2790	29 
2791	81 
2792	99 
2793	47 
2794	18 
2795	42 
2796	18 
2797	47 
2798	60 
2799	73 
2800	99 
2801	37 
2802	19 
2803	35 
2804	89 
2805	49 
2806	24 
2807	62 
2808	43 
2809	35 
2810	101 
2811	35 
2812	28 
2813	68 
2814	72 
2815	39 
2816	21 
2817	22 
2818	79 
2819	6 
2820	34 
2821	12 
2822	70 
2823	88 
2824	34 
2825	52 
2826	27 
2827	30 
2828	60 
2829	50 
2830	4 
2831	91 
2832	26 
2833	96 
2834	91 
2835	17 
2836	20 
2837	41 
2838	50 
2839	57 
2840	7 
2841	10 
2842	85 
2843	7 
2844	6 
2845	35 
2846	73 
2847	42 
2848	14 
2849	63 
2850	43 
2851	59 
2852	91 
2853	43 
2854	14 
2855	15 
2856	65 
2857	45 
2858	18 
2859	29 
2860	36 
2861	87 
2862	23 
2863	38 
2864	67 
2865	29 
2866	60 
2867	91 
2868	20 
2869	72 
2870	60 
2871	7 
2872	41 
2873	12 
2874	58 
2875	57 
2876	69 
2877	2 
2878	32 
2879	63 
2880	22 
2881	91 
2882	32 
2883	30 
2884	37 
2885	36 
2886	15 
2887	95 
2888	73 
2889	59 
2890	79 
2891	62 
2892	59 
2893	13 
2894	26 
2895	18 
2896	2 
2897	86 
2898	48 
2899	77 
2900	84 
2901	16 
2902	70 
2903	79 
2904	50 
2905	68 
2906	45 
2907	96 
2908	96 
2909	101 
2910	98 
2911	22 
2912	10 
2913	39 
2914	53 
2915	39 
2916	74 
2917	33 
2918	98 
2919	99 
2920	75 
2921	75 
2922	4 
2923	91 
2924	58 
2925	66 
2926	49 
2927	7 
2928	40 
2929	55 
2930	100 
2931	11 
2932	45 
2933	73 
2934	46 
2935	76 
2936	60 
2937	3 
2938	46 
2939	76 
2940	88 
2941	76 
2942	7 
2943	1 
2944	39 
2945	26 
2946	33 
2947	91 
2948	4 
2949	63 
2950	61 
2951	5 
2952	65 
2953	56 
2954	49 
2955	30 
2956	29 
2957	74 
2958	60 
2959	87 
2960	1 
2961	73 
2962	44 
2963	6 
2964	73 
2965	11 
2966	65 
2967	57 
2968	3 
2969	65 
2970	79 
2971	60 
2972	56 
2973	60 
2974	91 
2975	48 
2976	60 
2977	76 
2978	60 
2979	10 
2980	84 
2981	75 
2982	90 
2983	67 
2984	62 
2985	91 
2986	31 
2987	80 
2988	94 
2989	49 
2990	33 
2991	10 
2992	48 
2993	91 
2994	54 
2995	5 
2996	14 
2997	21 
2998	91 
2999	55 
3000	80 
3001	63 
3002	69 
3003	16 
3004	20 
3005	54 
3006	6 
3007	7 
3008	99 
3009	22 
3010	10 
3011	99 
3012	70 
3013	86 
3014	95 
3015	7 
3016	59 
3017	40 
3018	72 
3019	20 
3020	58 
3021	2 
3022	6 
3023	66 
3024	60 
3025	29 
3026	79 
3027	53 
3028	21 
3029	88 
3030	30 
3031	29 
3032	94 
3033	47 
3034	7 
3035	65 
3036	56 
3037	36 
3038	22 
3039	36 
3040	10 
3041	54 
3042	48 
3043	34 
3044	2 
3045	20 
3046	33 
3047	87 
3048	19 
3049	73 
3050	15 
3051	12 
3052	43 
3053	14 
3054	43 
3055	87 
3056	87 
3057	2 
3058	8 
3059	86 
3060	33 
3061	41 
3062	79 
3063	12 
3064	29 
3065	15 
3066	9 
3067	1 
3068	64 
3069	94 
3070	23 
3071	61 
3072	52 
3073	2 
3074	85 
3075	49 
3076	46 
3077	3 
3078	53 
3079	25 
3080	42 
3081	3 
3082	10 
3083	13 
3084	22 
3085	97 
3086	89 
3087	3 
3088	22 
3089	39 
3090	11 
3091	68 
3092	70 
3093	16 
3094	7 
3095	74 
3096	14 
3097	8 
3098	60 
3099	5 
3100	57 
3101	79 
3102	22 
3103	21 
3104	81 
3105	85 
3106	35 
3107	66 
3108	73 
3109	87 
3110	6 
3111	85 
3112	37 
3113	23 
3114	42 
3115	11 
3116	43 
3117	10 
3118	95 
3119	24 
3120	97 
3121	42 
3122	4 
3123	81 
3124	88 
3125	58 
3126	90 
3127	5 
3128	65 
3129	6 
3130	81 
3131	11 
3132	49 
3133	78 
3134	57 
3135	7 
3136	16 
3137	47 
3138	46 
3139	60 
3140	45 
3141	33 
3142	22 
3143	74 
3144	100 
3145	66 
3146	89 
3147	34 
3148	50 
3149	75 
3150	60 
3151	41 
3152	16 
3153	79 
3154	56 
3155	41 
3156	27 
3157	39 
3158	68 
3159	39 
3160	75 
3161	2 
3162	79 
3163	21 
3164	41 
3165	83 
3166	72 
3167	86 
3168	83 
3169	10 
3170	46 
3171	35 
3172	78 
3173	62 
3174	43 
3175	11 
3176	69 
3177	50 
3178	15 
3179	26 
3180	50 
3181	75 
3182	48 
3183	101 
3184	93 
3185	35 
3186	27 
3187	88 
3188	13 
3189	48 
3190	85 
3191	51 
3192	7 
3193	12 
3194	75 
3195	64 
3196	2 
3197	60 
3198	41 
3199	38 
3200	54 
3201	12 
3202	60 
3203	61 
3204	44 
3205	80 
3206	91 
3207	70 
3208	16 
3209	96 
3210	1 
3211	43 
3212	100 
3213	66 
3214	93 
3215	60 
3216	87 
3217	46 
3218	45 
3219	29 
3220	73 
3221	70 
3222	56 
3223	70 
3224	2 
3225	101 
3226	30 
3227	36 
3228	85 
3229	64 
3230	34 
3231	58 
3232	75 
3233	71 
3234	3 
3235	64 
3236	13 
3237	6 
3238	20 
3239	84 
3240	36 
3241	100 
3242	81 
3243	48 
3244	71 
3245	82 
3246	54 
3247	34 
3248	79 
3249	53 
3250	7 
3251	63 
3252	97 
3253	22 
3254	49 
3255	22 
3256	65 
3257	70 
3258	15 
3259	80 
3260	73 
3261	88 
3262	73 
3263	44 
3264	93 
3265	21 
3266	54 
3267	22 
3268	30 
3269	74 
3270	73 
3271	1 
3272	35 
3273	15 
3274	98 
3275	74 
3276	10 
3277	7 
3278	87 
3279	98 
3280	74 
3281	13 
3282	90 
3283	91 
3284	10 
3285	89 
3286	98 
3287	5 
3288	82 
3289	27 
3290	53 
3291	2 
3292	25 
3293	67 
3294	90 
3295	49 
3296	6 
3297	45 
3298	21 
3299	36 
3300	26 
3301	29 
3302	90 
3303	29 
3304	39 
3305	75 
3306	64 
3307	94 
3308	39 
3309	79 
3310	24 
3311	100 
3312	58 
3313	69 
3314	49 
3315	68 
3316	75 
3317	88 
3318	50 
3319	82 
3320	91 
3321	90 
3322	85 
3323	61 
3324	91 
3325	66 
3326	83 
3327	75 
3328	22 
3329	5 
3330	94 
3331	22 
3332	20 
3333	3 
3334	27 
3335	8 
3336	16 
3337	45 
3338	41 
3339	54 
3340	63 
3341	25 
3342	81 
3343	43 
3344	65 
3345	48 
3346	1 
3347	79 
3348	6 
3349	24 
3350	42 
3351	49 
3352	77 
3353	35 
3354	57 
3355	10 
3356	84 
3357	47 
3358	46 
3359	73 
3360	55 
3361	76 
3362	47 
3363	43 
3364	93 
3365	58 
3366	21 
3367	50 
3368	39 
3369	64 
3370	73 
3371	95 
3372	14 
3373	50 
3374	9 
3375	21 
3376	90 
3377	21 
3378	36 
3379	11 
3380	2 
3381	70 
3382	56 
3383	41 
3384	15 
3385	46 
3386	54 
3387	38 
3388	46 
3389	19 
3390	43 
3391	90 
3392	91 
3393	78 
3394	2 
3395	54 
3396	9 
3397	93 
3398	9 
3399	7 
3400	11 
3401	71 
3402	56 
3403	43 
3404	75 
3405	69 
3406	29 
3407	97 
3408	22 
3409	100 
3410	53 
3411	20 
3412	13 
3413	11 
3414	9 
3415	8 
3416	56 
3417	54 
3418	73 
3419	35 
3420	73 
3421	20 
3422	92 
3423	80 
3424	44 
3425	45 
3426	46 
3427	88 
3428	41 
3429	34 
3430	57 
3431	50 
3432	20 
3433	7 
3434	45 
3435	10 
3436	48 
3437	69 
3438	75 
3439	33 
3440	31 
3441	50 
3442	60 
3443	4 
3444	11 
3445	46 
3446	47 
3447	73 
3448	39 
3449	21 
3450	86 
3451	36 
3452	58 
3453	58 
3454	41 
3455	46 
3456	90 
3457	11 
3458	93 
3459	41 
3460	78 
3461	69 
3462	59 
3463	29 
3464	40 
3465	14 
3466	45 
3467	39 
3468	82 
3469	36 
3470	7 
3471	7 
3472	84 
3473	74 
3474	98 
3475	7 
3476	99 
3477	9 
3478	92 
3479	55 
3480	40 
3481	60 
3482	11 
3483	11 
3484	7 
3485	35 
3486	53 
3487	30 
3488	4 
3489	33 
3490	89 
3491	26 
3492	41 
3493	13 
3494	74 
3495	63 
3496	45 
3497	95 
3498	63 
3499	37 
3500	17 
3501	15 
3502	101 
3503	75 
3504	41 
3505	53 
3506	81 
3507	2 
3508	11 
3509	48 
3510	62 
3511	76 
3512	63 
3513	65 
3514	73 
3515	54 
3516	93 
3517	67 
3518	44 
3519	20 
3520	39 
3521	82 
3522	88 
3523	41 
3524	90 
3525	53 
3526	58 
3527	80 
3528	34 
3529	90 
3530	74 
3531	36 
3532	2 
3533	1 
3534	80 
3535	1 
3536	43 
3537	69 
3538	17 
3539	22 
3540	46 
3541	5 
3542	55 
3543	97 
3544	5 
3545	60 
3546	20 
3547	44 
3548	68 
3549	72 
3550	99 
3551	43 
3552	51 
3553	100 
3554	36 
3555	25 
3556	99 
3557	81 
3558	93 
3559	34 
3560	88 
3561	6 
3562	11 
3563	7 
3564	22 
3565	21 
3566	73 
3567	5 
3568	17 
3569	43 
3570	20 
3571	20 
3572	29 
3573	5 
3574	100 
3575	14 
3576	75 
3577	40 
3578	58 
3579	53 
3580	68 
3581	93 
3582	15 
3583	57 
3584	91 
3585	55 
3586	63 
3587	89 
3588	52 
3589	35 
3590	49 
3591	12 
3592	31 
3593	31 
3594	76 
3595	91 
3596	91 
3597	22 
3598	101 
3599	53 
3600	41 
3601	43 
3602	96 
3603	86 
3604	99 
3605	42 
3606	29 
3607	88 
3608	78 
3609	43 
3610	48 
3611	2 
3612	50 
3613	19 
3614	75 
3615	65 
3616	46 
3617	34 
3618	29 
3619	42 
3620	13 
3621	65 
3622	43 
3623	81 
3624	17 
3625	46 
3626	61 
3627	94 
3628	7 
3629	61 
3630	73 
3631	49 
3632	54 
3633	35 
3634	82 
3635	13 
3636	94 
3637	90 
3638	68 
3639	93 
3640	19 
3641	5 
3642	14 
3643	13 
3644	90 
3645	81 
3646	43 
3647	62 
3648	43 
3649	29 
3650	44 
3651	91 
3652	92 
3653	37 
3654	54 
3655	65 
3656	56 
3657	89 
3658	27 
3659	74 
3660	21 
3661	2 
3662	21 
3663	58 
3664	18 
3665	27 
3666	75 
3667	71 
3668	7 
3669	95 
3670	40 
3671	77 
3672	28 
3673	46 
3674	35 
3675	53 
3676	13 
3677	42 
3678	54 
3679	72 
3680	87 
3681	90 
3682	22 
3683	66 
3684	88 
3685	86 
3686	83 
3687	35 
3688	89 
3689	6 
3690	7 
3691	18 
3692	15 
3693	58 
3694	60 
3695	98 
3696	10 
3697	23 
3698	86 
3699	58 
3700	24 
3701	3 
3702	25 
3703	43 
3704	7 
3705	86 
3706	10 
3707	12 
3708	87 
3709	60 
3710	64 
3711	1 
3712	11 
3713	1 
3714	74 
3715	46 
3716	80 
3717	48 
3718	38 
3719	95 
3720	10 
3721	35 
3722	49 
3723	57 
3724	93 
3725	90 
3726	11 
3727	53 
3728	4 
3729	97 
3730	67 
3731	19 
3732	56 
3733	10 
3734	43 
3735	58 
3736	60 
3737	63 
3738	34 
3739	63 
3740	39 
3741	66 
3742	86 
3743	38 
3744	59 
3745	75 
3746	92 
3747	54 
3748	60 
3749	91 
3750	7 
3751	17 
3752	28 
3753	49 
3754	50 
3755	74 
3756	63 
3757	18 
3758	75 
3759	60 
3760	44 
3761	38 
3762	45 
3763	68 
3764	5 
3765	37 
3766	2 
3767	15 
3768	41 
3769	52 
3770	48 
3771	74 
3772	58 
3773	1 
3774	34 
3775	93 
3776	47 
3777	21 
3778	44 
3779	4 
3780	76 
3781	93 
3782	6 
3783	60 
3784	62 
3785	52 
3786	41 
3787	75 
3788	71 
3789	2 
3790	7 
3791	20 
3792	58 
3793	53 
3794	72 
3795	44 
3796	35 
3797	35 
3798	22 
3799	44 
3800	27 
3801	60 
3802	87 
3803	48 
3804	21 
3805	89 
3806	41 
3807	59 
3808	4 
3809	50 
3810	90 
3811	45 
3812	58 
3813	87 
3814	24 
3815	93 
3816	82 
3817	56 
3818	37 
3819	7 
3820	96 
3821	46 
3822	73 
3823	40 
3824	63 
3825	8 
3826	14 
3827	21 
3828	99 
3829	19 
3830	17 
3831	60 
3832	43 
3833	7 
3834	46 
3835	79 
3836	54 
3837	73 
3838	7 
3839	43 
3840	39 
3841	73 
3842	14 
3843	43 
3844	11 
3845	4 
3846	90 
3847	33 
3848	22 
3849	43 
3850	85 
3851	14 
3852	37 
3853	5 
3854	100 
3855	10 
3856	86 
3857	91 
3858	63 
3859	87 
3860	94 
3861	53 
3862	15 
3863	82 
3864	80 
3865	24 
3866	10 
3867	16 
3868	13 
3869	30 
3870	86 
3871	89 
3872	85 
3873	4 
3874	50 
3875	46 
3876	36 
3877	37 
3878	16 
3879	68 
3880	8 
3881	64 
3882	60 
3883	70 
3884	90 
3885	69 
3886	29 
3887	70 
3888	43 
3889	81 
3890	19 
3891	11 
3892	5 
3893	82 
3894	85 
3895	74 
3896	66 
3897	28 
3898	50 
3899	5 
3900	31 
3901	2 
3902	50 
3903	75 
3904	78 
3905	93 
3906	69 
3907	28 
3908	91 
3909	96 
3910	57 
3911	19 
3912	73 
3913	9 
3914	33 
3915	73 
3916	42 
3917	40 
3918	2 
3919	56 
3920	47 
3921	59 
3922	70 
3923	73 
3924	39 
3925	2 
3926	10 
3927	48 
3928	35 
3929	96 
3930	44 
3931	19 
3932	95 
3933	45 
3934	18 
3935	86 
3936	85 
3937	54 
3938	34 
3939	71 
3940	63 
3941	46 
3942	10 
3943	28 
3944	15 
3945	79 
3946	100 
3947	10 
3948	66 
3949	98 
3950	32 
3951	50 
3952	7 
3953	29 
3954	68 
3955	56 
3956	95 
3957	35 
3958	29 
3959	28 
3960	84 
3961	90 
3962	28 
3963	74 
3964	81 
3965	16 
3966	20 
3967	65 
3968	73 
3969	9 
3970	10 
3971	28 
3972	90 
3973	65 
3974	42 
3975	16 
3976	48 
3977	10 
3978	72 
3979	9 
3980	1 
3981	50 
3982	17 
3983	28 
3984	44 
3985	90 
3986	100 
3987	73 
3988	39 
3989	49 
3990	75 
3991	57 
3992	85 
3993	9 
3994	14 
3995	34 
3996	54 
3997	67 
3998	82 
3999	62 
4000	99 
4001	58 
4002	86 
4003	75 
4004	50 
4005	90 
4006	70 
4007	90 
4008	39 
4009	41 
4010	43 
4011	53 
4012	89 
4013	85 
4014	38 
4015	101 
4016	81 
4017	12 
4018	15 
4019	42 
4020	1 
4021	61 
4022	65 
4023	58 
4024	74 
4025	54 
4026	75 
4027	92 
4028	31 
4029	73 
4030	13 
4031	17 
4032	13 
4033	85 
4034	75 
4035	55 
4036	100 
4037	81 
4038	99 
4039	11 
4040	30 
4041	58 
4042	68 
4043	6 
4044	41 
4045	47 
4046	21 
4047	74 
4048	19 
4049	67 
4050	48 
4051	63 
4052	86 
4053	5 
4054	72 
4055	77 
4056	75 
4057	56 
4058	39 
4059	58 
4060	16 
4061	100 
4062	50 
4063	49 
4064	74 
4065	16 
4066	81 
4067	58 
4068	18 
4069	44 
4070	88 
4071	19 
4072	77 
4073	2 
4074	29 
4075	67 
4076	29 
4077	97 
4078	84 
4079	54 
4080	97 
4081	15 
4082	60 
4083	83 
4084	43 
4085	54 
4086	10 
4087	23 
4088	88 
4089	88 
4090	31 
4091	39 
4092	78 
4093	8 
4094	58 
4095	90 
4096	49 
4097	70 
4098	99 
4099	77 
4100	10 
4101	22 
4102	61 
4103	25 
4104	20 
4105	24 
4106	63 
4107	50 
4108	22 
4109	54 
4110	41 
4111	94 
4112	101 
4113	19 
4114	11 
4115	98 
4116	35 
4117	95 
4118	77 
4119	7 
4120	34 
4121	12 
4122	29 
4123	22 
4124	86 
4125	16 
4126	21 
4127	58 
4128	71 
4129	69 
4130	46 
4131	43 
4132	73 
4133	10 
4134	91 
4135	43 
4136	73 
4137	2 
4138	86 
4139	74 
4140	82 
4141	59 
4142	10 
4143	21 
4144	73 
4145	41 
4146	50 
4147	42 
4148	87 
4149	90 
4150	90 
4151	73 
4152	54 
4153	91 
4154	64 
4155	11 
4156	59 
4157	40 
4158	26 
4159	97 
4160	66 
4161	10 
4162	75 
4163	91 
4164	32 
4165	45 
4166	78 
4167	89 
4168	39 
4169	35 
4170	99 
4171	70 
4172	21 
4173	34 
4174	45 
4175	41 
4176	91 
4177	37 
4178	33 
4179	39 
4180	73 
4181	11 
4182	1 
4183	63 
4184	60 
4185	1 
4186	32 
4187	58 
4188	84 
4189	94 
4190	22 
4191	58 
4192	7 
4193	51 
4194	43 
4195	46 
4196	78 
4197	20 
4198	2 
4199	15 
4200	33 
4201	3 
4202	83 
4203	3 
4204	64 
4205	97 
4206	25 
4207	47 
4208	5 
4209	75 
4210	39 
4211	57 
4212	48 
4213	78 
4214	66 
4215	20 
4216	53 
4217	8 
4218	49 
4219	36 
4220	86 
4221	7 
4222	85 
4223	46 
4224	62 
4225	33 
4226	23 
4227	101 
4228	43 
4229	42 
4230	97 
4231	56 
4232	7 
4233	54 
4234	92 
4235	28 
4236	66 
4237	66 
4238	93 
4239	44 
4240	44 
4241	46 
4242	74 
4243	22 
4244	77 
4245	2 
4246	25 
4247	89 
4248	27 
4249	53 
4250	16 
4251	48 
4252	35 
4253	72 
4254	12 
4255	39 
4256	20 
4257	92 
4258	87 
4259	18 
4260	73 
4261	79 
4262	16 
4263	57 
4264	12 
4265	32 
4266	39 
4267	46 
4268	8 
4269	17 
4270	56 
4271	34 
4272	38 
4273	73 
4274	22 
4275	62 
4276	4 
4277	29 
4278	46 
4279	55 
4280	51 
4281	76 
4282	10 
4283	45 
4284	16 
4285	95 
4286	43 
4287	11 
4288	49 
4289	91 
4290	35 
4291	43 
4292	85 
4293	41 
4294	24 
4295	4 
4296	41 
4297	89 
4298	54 
4299	65 
4300	75 
4301	79 
4302	40 
4303	57 
4304	91 
4305	74 
4306	13 
4307	22 
4308	95 
4309	68 
4310	85 
4311	91 
4312	16 
4313	16 
4314	9 
4315	97 
4316	14 
4317	55 
4318	39 
4319	29 
4320	35 
4321	100 
4322	100 
4323	93 
4324	79 
4325	93 
4326	66 
4327	22 
4328	74 
4329	14 
4330	74 
4331	54 
4332	44 
4333	34 
4334	46 
4335	46 
4336	29 
4337	88 
4338	34 
4339	54 
4340	42 
4341	67 
4342	30 
4343	48 
4344	58 
4345	5 
4346	1 
4347	101 
4348	1 
4349	70 
4350	86 
4351	21 
4352	69 
4353	72 
4354	39 
4355	7 
4356	60 
4357	49 
4358	57 
4359	20 
4360	12 
4361	60 
4362	98 
4363	85 
4364	45 
4365	56 
4366	65 
4367	101 
4368	15 
4369	67 
4370	75 
4371	13 
4372	13 
4373	8 
4374	81 
4375	62 
4376	21 
4377	55 
4378	67 
4379	45 
4380	91 
4381	1 
4382	38 
4383	80 
4384	59 
4385	85 
4386	9 
4387	60 
4388	45 
4389	24 
4390	6 
4391	46 
4392	43 
4393	16 
4394	19 
4395	27 
4396	48 
4397	56 
4398	34 
4399	7 
4400	22 
4401	74 
4402	41 
4403	78 
4404	9 
4405	19 
4406	87 
4407	50 
4408	7 
4409	72 
4410	76 
4411	14 
4412	75 
4413	4 
4414	70 
4415	5 
4416	7 
4417	24 
4418	46 
4419	38 
4420	47 
4421	56 
4422	12 
4423	39 
4424	51 
4425	83 
4426	53 
4427	60 
4428	76 
4429	16 
4430	59 
4431	91 
4432	78 
4433	50 
4434	27 
4435	7 
4436	18 
4437	3 
4438	74 
4439	95 
4440	58 
4441	77 
4442	43 
4443	75 
4444	43 
4445	74 
4446	66 
4447	1 
4448	49 
4449	56 
4450	48 
4451	39 
4452	2 
4453	91 
4454	4 
4455	55 
4456	7 
4457	101 
4458	18 
4459	75 
4460	13 
4461	70 
4462	81 
4463	46 
4464	93 
4465	16 
4466	34 
4467	35 
4468	89 
4469	2 
4470	7 
4471	22 
4472	62 
4473	61 
4474	74 
4475	44 
4476	48 
4477	48 
4478	25 
4479	35 
4480	29 
4481	13 
4482	96 
4483	89 
4484	29 
4485	87 
4486	2 
4487	58 
4488	33 
4489	11 
4490	12 
4491	6 
4492	41 
4493	79 
4494	72 
4495	37 
4496	16 
4497	44 
4498	80 
4499	76 
4500	77 
4501	18 
4502	99 
4503	50 
4504	9 
4505	79 
4506	74 
4507	21 
4508	73 
4509	44 
4510	29 
4511	31 
4512	7 
4513	75 
4514	60 
4515	91 
4516	16 
4517	39 
4518	19 
4519	69 
4520	48 
4521	89 
4522	69 
4523	47 
4524	87 
4525	21 
4526	54 
4527	4 
4528	68 
4529	77 
4530	39 
4531	15 
4532	22 
4533	91 
4534	50 
4535	72 
4536	74 
4537	49 
4538	85 
4539	22 
4540	90 
4541	33 
4542	56 
4543	3 
4544	15 
4545	35 
4546	10 
4547	39 
4548	11 
4549	67 
4550	2 
4551	76 
4552	100 
4553	10 
4554	46 
4555	60 
4556	2 
4557	19 
4558	82 
4559	14 
4560	43 
4561	99 
4562	86 
4563	35 
4564	10 
4565	12 
4566	56 
4567	35 
4568	47 
4569	87 
4570	1 
4571	96 
4572	98 
4573	29 
4574	21 
4575	66 
4576	74 
4577	21 
4578	72 
4579	100 
4580	65 
4581	37 
4582	76 
4583	77 
4584	17 
4585	58 
4586	98 
4587	10 
4588	20 
4589	88 
4590	54 
4591	21 
4592	21 
4593	67 
4594	65 
4595	57 
4596	9 
4597	29 
4598	43 
4599	60 
4600	55 
4601	34 
4602	49 
4603	67 
4604	39 
4605	88 
4606	11 
4607	76 
4608	43 
4609	38 
4610	67 
4611	57 
4612	54 
4613	86 
4614	43 
4615	21 
4616	88 
4617	68 
4618	18 
4619	2 
4620	91 
4621	9 
4622	7 
4623	57 
4624	13 
4625	67 
4626	89 
4627	10 
4628	7 
4629	41 
4630	43 
4631	22 
4632	85 
4633	7 
4634	33 
4635	10 
4636	38 
4637	62 
4638	2 
4639	6 
4640	88 
4641	74 
4642	7 
4643	72 
4644	57 
4645	48 
4646	22 
4647	46 
4648	10 
4649	2 
4650	54 
4651	56 
4652	13 
4653	22 
4654	6 
4655	79 
4656	73 
4657	21 
4658	18 
4659	79 
4660	91 
4661	79 
4662	45 
4663	56 
4664	46 
4665	44 
4666	35 
4667	85 
4668	60 
4669	41 
4670	60 
4671	91 
4672	4 
4673	76 
4674	41 
4675	77 
4676	34 
4677	53 
4678	44 
4679	88 
4680	2 
4681	29 
4682	63 
4683	35 
4684	68 
4685	57 
4686	68 
4687	58 
4688	72 
4689	91 
4690	34 
4691	91 
4692	31 
4693	43 
4694	74 
4695	86 
4696	95 
4697	75 
4698	55 
4699	41 
4700	47 
4701	54 
4702	54 
4703	29 
4704	11 
4705	63 
4706	88 
4707	60 
4708	10 
4709	74 
4710	57 
4711	1 
4712	50 
4713	44 
4714	91 
4715	29 
4716	50 
4717	16 
4718	74 
4719	95 
4720	47 
4721	67 
4722	93 
4723	11 
4724	72 
4725	56 
4726	48 
4727	66 
4728	42 
4729	70 
4730	88 
4731	86 
4732	99 
4733	87 
4734	43 
4735	91 
4736	41 
4737	46 
4738	45 
4739	60 
4740	39 
4741	76 
4742	60 
4743	2 
4744	4 
4745	56 
4746	3 
4747	48 
4748	13 
4749	43 
4750	4 
4751	70 
4752	93 
4753	45 
4754	57 
4755	7 
4756	9 
4757	44 
4758	90 
4759	86 
4760	11 
4761	41 
4762	56 
4763	95 
4764	70 
4765	57 
4766	5 
4767	7 
4768	4 
4769	11 
4770	31 
4771	86 
4772	88 
4773	16 
4774	53 
4775	95 
4776	53 
4777	35 
4778	87 
4779	34 
4780	4 
4781	39 
4782	29 
4783	18 
4784	87 
4785	16 
4786	73 
4787	3 
4788	54 
4789	50 
4790	6 
4791	46 
4792	58 
4793	53 
4794	99 
4795	14 
4796	44 
4797	7 
4798	10 
4799	43 
4800	20 
4801	93 
4802	20 
4803	48 
4804	100 
4805	47 
4806	99 
4807	47 
4808	22 
4809	35 
4810	35 
4811	58 
4812	13 
4813	50 
4814	57 
4815	34 
4816	41 
4817	57 
4818	16 
4819	88 
4820	43 
4821	13 
4822	48 
4823	41 
4824	56 
4825	13 
4826	88 
4827	87 
4828	42 
4829	12 
4830	56 
4831	87 
4832	46 
4833	50 
4834	2 
4835	60 
4836	60 
4837	18 
4838	4 
4839	46 
4840	16 
4841	35 
4842	60 
4843	73 
4844	4 
4845	10 
4846	63 
4847	21 
4848	57 
4849	58 
4850	50 
4851	58 
4852	41 
4853	4 
4854	91 
4855	85 
4856	57 
4857	39 
4858	50 
4859	54 
4860	70 
4861	90 
4862	58 
4863	22 
4864	7 
4865	50 
4866	90 
4867	95 
4868	75 
4869	87 
4870	65 
4871	56 
4872	44 
4873	4 
4874	95 
4875	76 
4876	34 
4877	56 
4878	21 
4879	34 
4880	53 
4881	95 
4882	95 
4883	53 
4884	88 
4885	73 
4886	65 
4887	22 
4888	2 
4889	88 
4890	22 
4891	74 
4892	88 
4893	13 
4894	53 
4895	60 
4896	20 
4897	60 
4898	2 
4899	4 
4900	16 
4901	10 
4902	21 
4903	4 
4904	91 
4905	88 
4906	46 
4907	88 
4908	60 
4909	66 
4910	73 
4911	21 
4912	65 
4913	87 
4914	44 
4915	57 
4916	73 
4917	34 
4918	49 
4919	54 
4920	56 
4921	73 
4922	87 
4923	43 
4924	22 
4925	10 
4926	60 
4927	43 
4928	16 
4929	29 
4930	54 
4931	7 
4932	21 
4933	43 
4934	5 
4935	86 
4936	21 
4937	21 
4938	39 
4939	2 
4940	90 
4941	57 
4942	53 
4943	70 
4944	35 
4945	54 
4946	35 
4947	50 
4948	53 
4949	50 
4950	44 
4951	2 
4952	54 
4953	70 
4954	46 
4955	46 
4956	4 
4957	11 
4958	34 
4959	22 
4960	74 
4961	73 
4962	60 
4963	10 
4964	53 
4965	41 
4966	10 
4967	88 
4968	41 
4969	29 
4970	86 
4971	29 
4972	11 
4973	58 
4974	29 
4975	29 
4976	10 
4977	29 
4978	54 
4979	46 
4980	10 
4981	53 
4982	10 
4983	60 
4984	43 
4985	88 
4986	43 
4987	22 
4988	58 
4989	44 
4990	50 
4991	88 
4992	91 
4993	50 
4994	29 
4995	46 
4996	7 
4997	54 
4998	90 
4999	90 
5000	74 
