1	1 
2	42 
3	42 
4	11 
5	30 
6	30 
7	3 
8	30 
9	12 
10	1 
11	23 
12	1 
13	31 
14	17 
15	6 
16	40 
17	22 
18	34 
19	1 
20	36 
21	11 
22	42 
23	40 
24	3 
25	14 
26	7 
27	30 
28	1 
29	21 
30	7 
31	43 
32	8 
33	1 
34	36 
35	30 
36	22 
37	3 
38	11 
39	33 
40	23 
41	3 
42	31 
43	8 
44	40 
45	12 
46	21 
47	23 
48	12 
49	30 
50	30 
51	40 
52	11 
53	35 
54	11 
55	11 
56	21 
57	5 
58	8 
59	19 
60	11 
61	1 
62	14 
63	12 
64	8 
65	8 
66	40 
67	1 
68	35 
69	35 
70	28 
71	35 
72	2 
73	3 
74	7 
75	13 
76	8 
77	8 
78	36 
79	8 
80	15 
81	3 
82	36 
83	3 
84	9 
85	40 
86	19 
87	17 
88	6 
89	21 
90	43 
91	23 
92	30 
93	3 
94	40 
95	30 
96	8 
97	11 
98	35 
99	8 
100	23 
101	40 
102	11 
103	8 
104	3 
105	1 
106	30 
107	11 
108	3 
109	42 
110	5 
111	3 
112	13 
113	13 
114	3 
115	8 
116	3 
117	23 
118	7 
119	40 
120	42 
121	36 
122	39 
123	35 
124	11 
125	1 
126	1 
127	42 
128	42 
129	42 
130	23 
131	23 
132	1 
133	3 
134	1 
135	13 
136	12 
137	30 
138	42 
139	11 
140	42 
141	22 
142	36 
143	12 
144	10 
145	22 
146	11 
147	3 
148	22 
149	8 
150	2 
151	1 
152	8 
153	17 
154	12 
155	12 
156	40 
157	22 
158	7 
159	35 
160	40 
161	22 
162	1 
163	30 
164	42 
165	28 
166	22 
167	1 
168	36 
169	40 
170	8 
171	1 
172	9 
173	27 
174	36 
175	7 
176	20 
177	8 
178	16 
179	8 
180	42 
181	40 
182	42 
183	37 
184	20 
185	36 
186	42 
187	11 
188	22 
189	36 
190	42 
191	42 
192	3 
193	30 
194	8 
195	42 
196	36 
197	7 
198	24 
199	17 
200	6 
201	8 
202	30 
203	21 
204	11 
205	11 
206	16 
207	8 
208	3 
209	1 
210	4 
211	13 
212	35 
213	40 
214	30 
215	30 
216	42 
217	30 
218	1 
219	3 
220	12 
221	23 
222	42 
223	8 
224	1 
225	11 
226	42 
227	42 
228	17 
229	8 
230	21 
231	32 
232	11 
233	3 
234	16 
235	35 
236	35 
237	8 
238	42 
239	17 
240	35 
241	3 
242	11 
243	3 
244	5 
245	11 
246	36 
247	11 
248	11 
249	6 
250	2 
251	22 
252	11 
253	40 
254	2 
255	22 
256	30 
257	36 
258	41 
259	23 
260	3 
261	30 
262	8 
263	11 
264	42 
265	22 
266	40 
267	42 
268	23 
269	1 
270	42 
271	3 
272	42 
273	1 
274	36 
275	7 
276	5 
277	41 
278	14 
279	11 
280	36 
281	36 
282	21 
283	3 
284	40 
285	6 
286	42 
287	7 
288	42 
289	17 
290	30 
291	23 
292	11 
293	1 
294	11 
295	40 
296	3 
297	1 
298	40 
299	22 
300	42 
301	6 
302	30 
303	42 
304	17 
305	6 
306	42 
307	17 
308	43 
309	5 
310	8 
311	42 
312	8 
313	8 
314	16 
315	24 
316	5 
317	40 
318	30 
319	40 
320	36 
321	42 
322	11 
323	35 
324	19 
325	16 
326	3 
327	36 
328	3 
329	11 
330	8 
331	36 
332	25 
333	25 
334	1 
335	8 
336	8 
337	14 
338	8 
339	40 
340	10 
341	36 
342	23 
343	11 
344	40 
345	2 
346	35 
347	17 
348	36 
349	3 
350	1 
351	34 
352	8 
353	30 
354	23 
355	10 
356	30 
357	30 
358	8 
359	3 
360	12 
361	40 
362	11 
363	5 
364	22 
365	23 
366	42 
367	5 
368	11 
369	17 
370	11 
371	14 
372	23 
373	17 
374	11 
375	17 
376	25 
377	8 
378	11 
379	23 
380	8 
381	11 
382	40 
383	8 
384	36 
385	11 
386	28 
387	1 
388	30 
389	38 
390	13 
391	30 
392	12 
393	7 
394	15 
395	13 
396	8 
397	11 
398	22 
399	30 
400	22 
401	3 
402	5 
403	3 
404	36 
405	6 
406	10 
407	15 
408	8 
409	26 
410	17 
411	30 
412	11 
413	40 
414	30 
415	36 
416	1 
417	40 
418	8 
419	3 
420	30 
421	17 
422	30 
423	12 
424	16 
425	11 
426	42 
427	22 
428	7 
429	40 
430	22 
431	5 
432	8 
433	39 
434	30 
435	16 
436	8 
437	42 
438	11 
439	11 
440	36 
441	5 
442	3 
443	42 
444	42 
445	35 
446	17 
447	9 
448	8 
449	11 
450	3 
451	23 
452	36 
453	22 
454	42 
455	42 
456	16 
457	23 
458	23 
459	5 
460	11 
461	43 
462	40 
463	3 
464	36 
465	36 
466	15 
467	42 
468	3 
469	6 
470	1 
471	3 
472	42 
473	3 
474	35 
475	1 
476	42 
477	30 
478	2 
479	1 
480	3 
481	27 
482	11 
483	3 
484	1 
485	3 
486	8 
487	11 
488	1 
489	4 
490	42 
491	11 
492	35 
493	3 
494	14 
495	36 
496	40 
497	7 
498	15 
499	36 
500	3 
501	17 
502	22 
503	23 
504	7 
505	8 
506	40 
507	8 
508	40 
509	3 
510	23 
511	30 
512	22 
513	42 
514	6 
515	17 
516	23 
517	40 
518	40 
519	14 
520	40 
521	5 
522	8 
523	40 
524	42 
525	42 
526	1 
527	42 
528	2 
529	23 
530	30 
531	8 
532	30 
533	18 
534	10 
535	39 
536	12 
537	11 
538	30 
539	42 
540	22 
541	17 
542	14 
543	24 
544	3 
545	21 
546	1 
547	3 
548	3 
549	30 
550	22 
551	3 
552	19 
553	35 
554	8 
555	42 
556	40 
557	17 
558	40 
559	30 
560	3 
561	1 
562	8 
563	12 
564	11 
565	28 
566	3 
567	3 
568	29 
569	23 
570	5 
571	27 
572	36 
573	28 
574	41 
575	3 
576	15 
577	11 
578	11 
579	1 
580	23 
581	11 
582	35 
583	42 
584	42 
585	36 
586	33 
587	42 
588	30 
589	8 
590	11 
591	11 
592	1 
593	13 
594	8 
595	11 
596	13 
597	8 
598	1 
599	40 
600	6 
601	11 
602	36 
603	31 
604	19 
605	12 
606	23 
607	16 
608	23 
609	5 
610	13 
611	22 
612	1 
613	42 
614	12 
615	42 
616	1 
617	40 
618	33 
619	8 
620	22 
621	42 
622	17 
623	36 
624	17 
625	3 
626	6 
627	22 
628	10 
629	1 
630	11 
631	1 
632	1 
633	3 
634	5 
635	6 
636	23 
637	23 
638	34 
639	43 
640	42 
641	8 
642	1 
643	30 
644	3 
645	38 
646	11 
647	3 
648	7 
649	12 
650	11 
651	22 
652	5 
653	11 
654	35 
655	11 
656	16 
657	7 
658	36 
659	22 
660	7 
661	26 
662	8 
663	40 
664	3 
665	7 
666	12 
667	1 
668	11 
669	11 
670	22 
671	30 
672	3 
673	21 
674	36 
675	11 
676	11 
677	30 
678	6 
679	42 
680	36 
681	11 
682	43 
683	23 
684	43 
685	1 
686	30 
687	42 
688	7 
689	22 
690	8 
691	23 
692	1 
693	11 
694	42 
695	21 
696	22 
697	36 
698	8 
699	1 
700	10 
701	12 
702	8 
703	8 
704	8 
705	13 
706	18 
707	1 
708	42 
709	40 
710	35 
711	35 
712	40 
713	35 
714	1 
715	5 
716	21 
717	19 
718	41 
719	3 
720	30 
721	12 
722	11 
723	40 
724	12 
725	42 
726	12 
727	40 
728	43 
729	36 
730	8 
731	3 
732	1 
733	42 
734	11 
735	21 
736	35 
737	3 
738	36 
739	36 
740	3 
741	42 
742	8 
743	6 
744	42 
745	30 
746	8 
747	42 
748	11 
749	42 
750	34 
751	8 
752	38 
753	35 
754	11 
755	19 
756	36 
757	30 
758	11 
759	23 
760	42 
761	36 
762	1 
763	5 
764	41 
765	30 
766	34 
767	1 
768	3 
769	8 
770	1 
771	27 
772	36 
773	36 
774	22 
775	37 
776	4 
777	3 
778	2 
779	3 
780	3 
781	22 
782	42 
783	40 
784	32 
785	40 
786	40 
787	42 
788	5 
789	22 
790	23 
791	25 
792	22 
793	10 
794	19 
795	8 
796	30 
797	2 
798	3 
799	22 
800	11 
801	42 
802	14 
803	35 
804	14 
805	10 
806	22 
807	7 
808	40 
809	30 
810	23 
811	24 
812	4 
813	41 
814	35 
815	36 
816	20 
817	23 
818	23 
819	1 
820	23 
821	40 
822	8 
823	19 
824	42 
825	40 
826	42 
827	22 
828	8 
829	36 
830	8 
831	14 
832	35 
833	40 
834	22 
835	40 
836	5 
837	40 
838	3 
839	10 
840	32 
841	2 
842	1 
843	11 
844	8 
845	35 
846	36 
847	10 
848	25 
849	22 
850	40 
851	11 
852	42 
853	42 
854	36 
855	42 
856	42 
857	11 
858	15 
859	22 
860	18 
861	35 
862	3 
863	1 
864	7 
865	8 
866	11 
867	36 
868	38 
869	36 
870	5 
871	23 
872	21 
873	40 
874	30 
875	23 
876	42 
877	11 
878	22 
879	8 
880	30 
881	12 
882	36 
883	12 
884	18 
885	3 
886	16 
887	22 
888	3 
889	8 
890	1 
891	15 
892	34 
893	22 
894	36 
895	36 
896	1 
897	36 
898	30 
899	22 
900	36 
901	1 
902	23 
903	3 
904	23 
905	36 
906	22 
907	30 
908	24 
909	7 
910	30 
911	24 
912	23 
913	3 
914	37 
915	4 
916	36 
917	26 
918	42 
919	30 
920	5 
921	4 
922	8 
923	32 
924	11 
925	40 
926	4 
927	42 
928	11 
929	11 
930	36 
931	3 
932	1 
933	8 
934	3 
935	22 
936	36 
937	23 
938	36 
939	8 
940	35 
941	35 
942	11 
943	36 
944	11 
945	17 
946	22 
947	39 
948	11 
949	17 
950	8 
951	8 
952	22 
953	8 
954	42 
955	22 
956	11 
957	22 
958	13 
959	2 
960	1 
961	8 
962	8 
963	36 
964	10 
965	1 
966	30 
967	1 
968	30 
969	22 
970	17 
971	40 
972	12 
973	30 
974	35 
975	5 
976	1 
977	42 
978	10 
979	11 
980	2 
981	36 
982	3 
983	8 
984	19 
985	30 
986	26 
987	42 
988	35 
989	8 
990	11 
991	17 
992	35 
993	3 
994	23 
995	30 
996	35 
997	17 
998	8 
999	8 
1000	8 
1001	3 
1002	40 
1003	1 
1004	40 
1005	11 
1006	5 
1007	21 
1008	5 
1009	11 
1010	6 
1011	30 
1012	36 
1013	30 
1014	10 
1015	8 
1016	40 
1017	20 
1018	12 
1019	22 
1020	22 
1021	13 
1022	36 
1023	23 
1024	1 
1025	42 
1026	40 
1027	1 
1028	30 
1029	8 
1030	8 
1031	42 
1032	23 
1033	8 
1034	11 
1035	17 
1036	42 
1037	40 
1038	42 
1039	30 
1040	34 
1041	11 
1042	17 
1043	11 
1044	22 
1045	8 
1046	40 
1047	11 
1048	2 
1049	11 
1050	23 
1051	3 
1052	40 
1053	35 
1054	30 
1055	19 
1056	17 
1057	6 
1058	42 
1059	42 
1060	11 
1061	10 
1062	40 
1063	35 
1064	22 
1065	34 
1066	42 
1067	22 
1068	23 
1069	38 
1070	2 
1071	40 
1072	42 
1073	17 
1074	40 
1075	20 
1076	40 
1077	23 
1078	40 
1079	36 
1080	3 
1081	35 
1082	12 
1083	30 
1084	36 
1085	42 
1086	40 
1087	30 
1088	3 
1089	22 
1090	11 
1091	8 
1092	42 
1093	42 
1094	7 
1095	43 
1096	13 
1097	11 
1098	8 
1099	42 
1100	36 
1101	1 
1102	43 
1103	42 
1104	38 
1105	38 
1106	21 
1107	12 
1108	29 
1109	35 
1110	3 
1111	8 
1112	11 
1113	35 
1114	30 
1115	11 
1116	40 
1117	3 
1118	26 
1119	1 
1120	22 
1121	39 
1122	11 
1123	11 
1124	11 
1125	40 
1126	19 
1127	35 
1128	17 
1129	3 
1130	1 
1131	11 
1132	30 
1133	17 
1134	3 
1135	36 
1136	1 
1137	30 
1138	29 
1139	36 
1140	6 
1141	29 
1142	38 
1143	5 
1144	42 
1145	25 
1146	8 
1147	14 
1148	42 
1149	35 
1150	22 
1151	1 
1152	12 
1153	35 
1154	39 
1155	11 
1156	42 
1157	8 
1158	13 
1159	5 
1160	8 
1161	3 
1162	36 
1163	29 
1164	11 
1165	22 
1166	36 
1167	21 
1168	31 
1169	8 
1170	43 
1171	11 
1172	1 
1173	23 
1174	35 
1175	11 
1176	6 
1177	25 
1178	42 
1179	42 
1180	18 
1181	35 
1182	23 
1183	21 
1184	8 
1185	12 
1186	15 
1187	43 
1188	8 
1189	36 
1190	14 
1191	11 
1192	40 
1193	3 
1194	10 
1195	1 
1196	13 
1197	11 
1198	11 
1199	11 
1200	11 
1201	11 
1202	22 
1203	13 
1204	15 
1205	11 
1206	5 
1207	8 
1208	42 
1209	11 
1210	40 
1211	8 
1212	8 
1213	3 
1214	22 
1215	1 
1216	23 
1217	3 
1218	11 
1219	23 
1220	40 
1221	42 
1222	40 
1223	11 
1224	36 
1225	12 
1226	33 
1227	11 
1228	11 
1229	8 
1230	35 
1231	17 
1232	5 
1233	7 
1234	40 
1235	30 
1236	23 
1237	42 
1238	36 
1239	3 
1240	42 
1241	11 
1242	11 
1243	36 
1244	23 
1245	11 
1246	35 
1247	1 
1248	1 
1249	40 
1250	16 
1251	35 
1252	23 
1253	21 
1254	23 
1255	10 
1256	8 
1257	16 
1258	1 
1259	23 
1260	35 
1261	5 
1262	1 
1263	1 
1264	13 
1265	17 
1266	11 
1267	11 
1268	19 
1269	22 
1270	22 
1271	36 
1272	40 
1273	11 
1274	11 
1275	5 
1276	30 
1277	40 
1278	35 
1279	23 
1280	30 
1281	12 
1282	36 
1283	40 
1284	8 
1285	8 
1286	3 
1287	32 
1288	42 
1289	12 
1290	15 
1291	42 
1292	34 
1293	30 
1294	23 
1295	36 
1296	43 
1297	11 
1298	36 
1299	17 
1300	16 
1301	18 
1302	36 
1303	42 
1304	11 
1305	8 
1306	29 
1307	20 
1308	30 
1309	3 
1310	8 
1311	30 
1312	1 
1313	17 
1314	12 
1315	11 
1316	1 
1317	40 
1318	4 
1319	11 
1320	12 
1321	36 
1322	38 
1323	4 
1324	22 
1325	29 
1326	21 
1327	6 
1328	7 
1329	42 
1330	8 
1331	11 
1332	40 
1333	8 
1334	42 
1335	2 
1336	42 
1337	3 
1338	3 
1339	36 
1340	3 
1341	12 
1342	36 
1343	40 
1344	30 
1345	30 
1346	6 
1347	14 
1348	42 
1349	42 
1350	23 
1351	32 
1352	23 
1353	1 
1354	30 
1355	36 
1356	11 
1357	34 
1358	23 
1359	12 
1360	11 
1361	36 
1362	5 
1363	36 
1364	11 
1365	3 
1366	8 
1367	12 
1368	1 
1369	40 
1370	34 
1371	42 
1372	43 
1373	1 
1374	8 
1375	17 
1376	3 
1377	3 
1378	1 
1379	16 
1380	40 
1381	7 
1382	8 
1383	37 
1384	36 
1385	23 
1386	23 
1387	21 
1388	42 
1389	22 
1390	7 
1391	19 
1392	3 
1393	30 
1394	1 
1395	6 
1396	11 
1397	40 
1398	7 
1399	15 
1400	11 
1401	30 
1402	17 
1403	12 
1404	12 
1405	38 
1406	1 
1407	8 
1408	22 
1409	3 
1410	40 
1411	23 
1412	40 
1413	15 
1414	22 
1415	11 
1416	30 
1417	3 
1418	34 
1419	36 
1420	23 
1421	3 
1422	20 
1423	32 
1424	1 
1425	8 
1426	22 
1427	8 
1428	8 
1429	11 
1430	11 
1431	11 
1432	23 
1433	12 
1434	3 
1435	11 
1436	11 
1437	11 
1438	12 
1439	8 
1440	34 
1441	17 
1442	36 
1443	8 
1444	40 
1445	6 
1446	29 
1447	1 
1448	40 
1449	23 
1450	42 
1451	6 
1452	42 
1453	30 
1454	5 
1455	35 
1456	11 
1457	7 
1458	30 
1459	37 
1460	9 
1461	8 
1462	1 
1463	30 
1464	8 
1465	2 
1466	20 
1467	38 
1468	22 
1469	40 
1470	8 
1471	17 
1472	40 
1473	11 
1474	17 
1475	8 
1476	42 
1477	12 
1478	23 
1479	42 
1480	17 
1481	4 
1482	23 
1483	35 
1484	19 
1485	43 
1486	8 
1487	23 
1488	21 
1489	42 
1490	5 
1491	12 
1492	40 
1493	23 
1494	14 
1495	40 
1496	42 
1497	3 
1498	23 
1499	20 
1500	11 
1501	8 
1502	22 
1503	8 
1504	36 
1505	7 
1506	3 
1507	11 
1508	23 
1509	17 
1510	39 
1511	1 
1512	8 
1513	36 
1514	30 
1515	29 
1516	36 
1517	35 
1518	18 
1519	8 
1520	11 
1521	35 
1522	23 
1523	35 
1524	4 
1525	40 
1526	13 
1527	23 
1528	11 
1529	17 
1530	42 
1531	18 
1532	35 
1533	10 
1534	13 
1535	15 
1536	11 
1537	40 
1538	22 
1539	36 
1540	36 
1541	8 
1542	3 
1543	5 
1544	36 
1545	36 
1546	36 
1547	8 
1548	42 
1549	23 
1550	8 
1551	36 
1552	19 
1553	5 
1554	8 
1555	23 
1556	30 
1557	43 
1558	11 
1559	40 
1560	11 
1561	13 
1562	2 
1563	36 
1564	30 
1565	43 
1566	8 
1567	42 
1568	36 
1569	20 
1570	36 
1571	8 
1572	36 
1573	30 
1574	15 
1575	11 
1576	22 
1577	2 
1578	38 
1579	3 
1580	21 
1581	19 
1582	11 
1583	36 
1584	11 
1585	11 
1586	1 
1587	21 
1588	35 
1589	42 
1590	19 
1591	11 
1592	40 
1593	8 
1594	14 
1595	30 
1596	30 
1597	3 
1598	5 
1599	11 
1600	6 
1601	8 
1602	3 
1603	8 
1604	1 
1605	31 
1606	7 
1607	40 
1608	1 
1609	8 
1610	42 
1611	22 
1612	36 
1613	42 
1614	42 
1615	22 
1616	11 
1617	42 
1618	42 
1619	30 
1620	3 
1621	3 
1622	35 
1623	23 
1624	30 
1625	35 
1626	38 
1627	3 
1628	42 
1629	1 
1630	42 
1631	11 
1632	17 
1633	20 
1634	22 
1635	14 
1636	30 
1637	36 
1638	30 
1639	30 
1640	1 
1641	2 
1642	4 
1643	36 
1644	22 
1645	8 
1646	30 
1647	30 
1648	17 
1649	20 
1650	1 
1651	35 
1652	8 
1653	3 
1654	8 
1655	36 
1656	11 
1657	34 
1658	7 
1659	36 
1660	8 
1661	17 
1662	36 
1663	36 
1664	11 
1665	15 
1666	22 
1667	32 
1668	22 
1669	1 
1670	40 
1671	42 
1672	40 
1673	3 
1674	21 
1675	11 
1676	3 
1677	30 
1678	36 
1679	3 
1680	3 
1681	21 
1682	35 
1683	8 
1684	36 
1685	14 
1686	22 
1687	11 
1688	1 
1689	10 
1690	36 
1691	30 
1692	2 
1693	8 
1694	10 
1695	30 
1696	8 
1697	13 
1698	42 
1699	23 
1700	8 
1701	23 
1702	8 
1703	11 
1704	30 
1705	5 
1706	1 
1707	11 
1708	42 
1709	4 
1710	8 
1711	40 
1712	42 
1713	42 
1714	29 
1715	42 
1716	35 
1717	40 
1718	7 
1719	3 
1720	7 
1721	3 
1722	17 
1723	8 
1724	30 
1725	23 
1726	30 
1727	8 
1728	3 
1729	1 
1730	42 
1731	18 
1732	1 
1733	1 
1734	42 
1735	35 
1736	42 
1737	1 
1738	42 
1739	11 
1740	3 
1741	5 
1742	6 
1743	8 
1744	14 
1745	15 
1746	32 
1747	35 
1748	36 
1749	39 
1750	7 
1751	31 
1752	12 
1753	42 
1754	3 
1755	35 
1756	36 
1757	40 
1758	1 
1759	30 
1760	30 
1761	22 
1762	8 
1763	12 
1764	3 
1765	35 
1766	34 
1767	11 
1768	6 
1769	11 
1770	3 
1771	14 
1772	8 
1773	21 
1774	1 
1775	26 
1776	19 
1777	23 
1778	42 
1779	1 
1780	42 
1781	3 
1782	30 
1783	3 
1784	32 
1785	30 
1786	17 
1787	22 
1788	12 
1789	27 
1790	21 
1791	12 
1792	42 
1793	8 
1794	6 
1795	17 
1796	42 
1797	22 
1798	5 
1799	42 
1800	16 
1801	15 
1802	11 
1803	14 
1804	3 
1805	8 
1806	22 
1807	15 
1808	35 
1809	43 
1810	18 
1811	40 
1812	36 
1813	30 
1814	36 
1815	3 
1816	30 
1817	3 
1818	3 
1819	11 
1820	17 
1821	32 
1822	42 
1823	35 
1824	8 
1825	19 
1826	3 
1827	3 
1828	42 
1829	23 
1830	3 
1831	43 
1832	40 
1833	42 
1834	23 
1835	1 
1836	39 
1837	23 
1838	42 
1839	34 
1840	8 
1841	22 
1842	22 
1843	1 
1844	36 
1845	3 
1846	42 
1847	40 
1848	42 
1849	8 
1850	28 
1851	42 
1852	35 
1853	35 
1854	36 
1855	42 
1856	42 
1857	19 
1858	11 
1859	11 
1860	8 
1861	36 
1862	35 
1863	35 
1864	30 
1865	22 
1866	17 
1867	36 
1868	34 
1869	3 
1870	11 
1871	35 
1872	3 
1873	36 
1874	12 
1875	30 
1876	15 
1877	21 
1878	8 
1879	23 
1880	3 
1881	9 
1882	10 
1883	3 
1884	8 
1885	8 
1886	36 
1887	23 
1888	13 
1889	11 
1890	42 
1891	36 
1892	35 
1893	36 
1894	3 
1895	42 
1896	42 
1897	1 
1898	1 
1899	8 
1900	11 
1901	30 
1902	12 
1903	30 
1904	42 
1905	1 
1906	1 
1907	11 
1908	3 
1909	12 
1910	2 
1911	35 
1912	36 
1913	39 
1914	30 
1915	8 
1916	3 
1917	40 
1918	1 
1919	14 
1920	1 
1921	23 
1922	22 
1923	21 
1924	8 
1925	22 
1926	12 
1927	27 
1928	6 
1929	19 
1930	10 
1931	1 
1932	43 
1933	11 
1934	38 
1935	30 
1936	11 
1937	30 
1938	6 
1939	11 
1940	35 
1941	1 
1942	35 
1943	22 
1944	30 
1945	11 
1946	22 
1947	40 
1948	23 
1949	3 
1950	12 
1951	42 
1952	41 
1953	3 
1954	30 
1955	1 
1956	11 
1957	6 
1958	1 
1959	36 
1960	21 
1961	34 
1962	42 
1963	3 
1964	23 
1965	8 
1966	21 
1967	3 
1968	10 
1969	4 
1970	17 
1971	8 
1972	3 
1973	8 
1974	32 
1975	3 
1976	3 
1977	35 
1978	42 
1979	40 
1980	36 
1981	16 
1982	43 
1983	17 
1984	35 
1985	14 
1986	11 
1987	1 
1988	6 
1989	13 
1990	1 
1991	15 
1992	36 
1993	3 
1994	23 
1995	8 
1996	8 
1997	40 
1998	1 
1999	3 
2000	42 
2001	42 
2002	40 
2003	8 
2004	8 
2005	35 
2006	1 
2007	35 
2008	3 
2009	11 
2010	36 
2011	38 
2012	2 
2013	8 
2014	11 
2015	8 
2016	3 
2017	23 
2018	36 
2019	36 
2020	36 
2021	38 
2022	40 
2023	42 
2024	17 
2025	11 
2026	14 
2027	12 
2028	11 
2029	12 
2030	42 
2031	30 
2032	16 
2033	11 
2034	9 
2035	38 
2036	16 
2037	32 
2038	17 
2039	35 
2040	12 
2041	12 
2042	40 
2043	23 
2044	11 
2045	40 
2046	42 
2047	40 
2048	40 
2049	40 
2050	3 
2051	36 
2052	1 
2053	15 
2054	11 
2055	42 
2056	42 
2057	25 
2058	36 
2059	5 
2060	12 
2061	6 
2062	38 
2063	35 
2064	3 
2065	23 
2066	42 
2067	8 
2068	23 
2069	26 
2070	30 
2071	22 
2072	35 
2073	7 
2074	36 
2075	36 
2076	22 
2077	11 
2078	42 
2079	30 
2080	16 
2081	13 
2082	3 
2083	23 
2084	29 
2085	7 
2086	36 
2087	43 
2088	17 
2089	36 
2090	3 
2091	23 
2092	23 
2093	35 
2094	35 
2095	30 
2096	9 
2097	6 
2098	11 
2099	40 
2100	5 
2101	33 
2102	33 
2103	11 
2104	35 
2105	23 
2106	30 
2107	1 
2108	22 
2109	17 
2110	22 
2111	16 
2112	23 
2113	36 
2114	10 
2115	36 
2116	23 
2117	11 
2118	38 
2119	8 
2120	42 
2121	8 
2122	11 
2123	1 
2124	8 
2125	36 
2126	22 
2127	5 
2128	11 
2129	23 
2130	40 
2131	40 
2132	36 
2133	3 
2134	5 
2135	35 
2136	22 
2137	30 
2138	12 
2139	8 
2140	34 
2141	22 
2142	11 
2143	23 
2144	40 
2145	11 
2146	8 
2147	40 
2148	35 
2149	32 
2150	23 
2151	36 
2152	8 
2153	42 
2154	43 
2155	6 
2156	4 
2157	22 
2158	35 
2159	36 
2160	30 
2161	1 
2162	30 
2163	12 
2164	36 
2165	11 
2166	43 
2167	22 
2168	40 
2169	30 
2170	40 
2171	11 
2172	22 
2173	21 
2174	30 
2175	8 
2176	3 
2177	28 
2178	17 
2179	5 
2180	30 
2181	3 
2182	37 
2183	23 
2184	34 
2185	6 
2186	4 
2187	19 
2188	5 
2189	6 
2190	12 
2191	36 
2192	12 
2193	11 
2194	40 
2195	14 
2196	14 
2197	23 
2198	11 
2199	42 
2200	7 
2201	40 
2202	23 
2203	30 
2204	11 
2205	2 
2206	36 
2207	7 
2208	22 
2209	42 
2210	11 
2211	3 
2212	15 
2213	13 
2214	42 
2215	13 
2216	3 
2217	42 
2218	12 
2219	23 
2220	11 
2221	11 
2222	35 
2223	11 
2224	10 
2225	1 
2226	42 
2227	1 
2228	36 
2229	5 
2230	35 
2231	12 
2232	42 
2233	1 
2234	30 
2235	41 
2236	36 
2237	13 
2238	8 
2239	40 
2240	35 
2241	8 
2242	30 
2243	35 
2244	7 
2245	10 
2246	40 
2247	35 
2248	8 
2249	21 
2250	30 
2251	8 
2252	11 
2253	11 
2254	12 
2255	8 
2256	19 
2257	34 
2258	23 
2259	23 
2260	35 
2261	10 
2262	3 
2263	3 
2264	17 
2265	1 
2266	1 
2267	42 
2268	22 
2269	8 
2270	5 
2271	30 
2272	8 
2273	36 
2274	28 
2275	10 
2276	17 
2277	8 
2278	20 
2279	36 
2280	30 
2281	5 
2282	23 
2283	11 
2284	3 
2285	23 
2286	40 
2287	17 
2288	11 
2289	30 
2290	30 
2291	16 
2292	8 
2293	40 
2294	5 
2295	14 
2296	42 
2297	42 
2298	11 
2299	40 
2300	36 
2301	36 
2302	38 
2303	22 
2304	30 
2305	35 
2306	3 
2307	42 
2308	1 
2309	31 
2310	5 
2311	35 
2312	3 
2313	43 
2314	5 
2315	1 
2316	4 
2317	42 
2318	43 
2319	42 
2320	8 
2321	12 
2322	36 
2323	36 
2324	11 
2325	1 
2326	22 
2327	12 
2328	40 
2329	8 
2330	15 
2331	36 
2332	1 
2333	13 
2334	12 
2335	8 
2336	26 
2337	38 
2338	42 
2339	42 
2340	23 
2341	30 
2342	40 
2343	11 
2344	40 
2345	15 
2346	6 
2347	7 
2348	40 
2349	35 
2350	32 
2351	36 
2352	7 
2353	8 
2354	3 
2355	17 
2356	8 
2357	18 
2358	22 
2359	37 
2360	36 
2361	36 
2362	4 
2363	10 
2364	8 
2365	40 
2366	42 
2367	35 
2368	30 
2369	30 
2370	23 
2371	36 
2372	11 
2373	3 
2374	28 
2375	30 
2376	1 
2377	3 
2378	30 
2379	36 
2380	25 
2381	22 
2382	8 
2383	36 
2384	1 
2385	42 
2386	23 
2387	12 
2388	3 
2389	1 
2390	23 
2391	8 
2392	14 
2393	34 
2394	42 
2395	11 
2396	30 
2397	11 
2398	35 
2399	3 
2400	36 
2401	21 
2402	42 
2403	35 
2404	23 
2405	1 
2406	7 
2407	8 
2408	36 
2409	42 
2410	42 
2411	40 
2412	11 
2413	3 
2414	20 
2415	11 
2416	19 
2417	40 
2418	3 
2419	8 
2420	23 
2421	41 
2422	22 
2423	4 
2424	3 
2425	17 
2426	29 
2427	22 
2428	30 
2429	40 
2430	42 
2431	23 
2432	23 
2433	41 
2434	14 
2435	42 
2436	11 
2437	36 
2438	42 
2439	35 
2440	36 
2441	40 
2442	36 
2443	23 
2444	1 
2445	42 
2446	11 
2447	13 
2448	40 
2449	8 
2450	30 
2451	23 
2452	8 
2453	30 
2454	1 
2455	36 
2456	3 
2457	38 
2458	23 
2459	16 
2460	30 
2461	6 
2462	11 
2463	3 
2464	1 
2465	8 
2466	39 
2467	40 
2468	42 
2469	15 
2470	22 
2471	35 
2472	6 
2473	22 
2474	40 
2475	23 
2476	8 
2477	7 
2478	40 
2479	23 
2480	26 
2481	23 
2482	3 
2483	5 
2484	42 
2485	40 
2486	30 
2487	30 
2488	1 
2489	16 
2490	3 
2491	40 
2492	42 
2493	1 
2494	14 
2495	1 
2496	40 
2497	11 
2498	1 
2499	11 
2500	8 
2501	8 
2502	1 
2503	42 
2504	40 
2505	16 
2506	5 
2507	12 
2508	11 
2509	19 
2510	7 
2511	23 
2512	42 
2513	30 
2514	6 
2515	23 
2516	40 
2517	11 
2518	30 
2519	30 
2520	10 
2521	6 
2522	3 
2523	11 
2524	1 
2525	3 
2526	8 
2527	25 
2528	40 
2529	1 
2530	22 
2531	42 
2532	8 
2533	42 
2534	2 
2535	30 
2536	4 
2537	13 
2538	23 
2539	16 
2540	17 
2541	30 
2542	36 
2543	23 
2544	22 
2545	36 
2546	40 
2547	36 
2548	13 
2549	11 
2550	8 
2551	13 
2552	8 
2553	35 
2554	42 
2555	1 
2556	12 
2557	30 
2558	12 
2559	10 
2560	1 
2561	6 
2562	1 
2563	7 
2564	21 
2565	3 
2566	36 
2567	21 
2568	30 
2569	35 
2570	16 
2571	5 
2572	30 
2573	14 
2574	6 
2575	28 
2576	8 
2577	31 
2578	8 
2579	3 
2580	36 
2581	8 
2582	8 
2583	8 
2584	17 
2585	30 
2586	8 
2587	39 
2588	14 
2589	7 
2590	12 
2591	13 
2592	42 
2593	6 
2594	23 
2595	30 
2596	23 
2597	22 
2598	7 
2599	11 
2600	23 
2601	11 
2602	20 
2603	5 
2604	20 
2605	5 
2606	30 
2607	42 
2608	40 
2609	10 
2610	11 
2611	8 
2612	36 
2613	43 
2614	36 
2615	3 
2616	11 
2617	16 
2618	36 
2619	22 
2620	40 
2621	40 
2622	23 
2623	11 
2624	40 
2625	11 
2626	13 
2627	11 
2628	36 
2629	11 
2630	30 
2631	22 
2632	28 
2633	11 
2634	7 
2635	12 
2636	12 
2637	8 
2638	8 
2639	3 
2640	28 
2641	30 
2642	3 
2643	10 
2644	3 
2645	32 
2646	21 
2647	30 
2648	10 
2649	1 
2650	32 
2651	22 
2652	42 
2653	36 
2654	40 
2655	18 
2656	2 
2657	7 
2658	8 
2659	30 
2660	42 
2661	40 
2662	36 
2663	30 
2664	17 
2665	3 
2666	28 
2667	17 
2668	11 
2669	7 
2670	12 
2671	8 
2672	42 
2673	8 
2674	1 
2675	32 
2676	8 
2677	40 
2678	10 
2679	30 
2680	16 
2681	30 
2682	1 
2683	21 
2684	35 
2685	8 
2686	14 
2687	11 
2688	3 
2689	42 
2690	23 
2691	42 
2692	40 
2693	23 
2694	38 
2695	21 
2696	11 
2697	36 
2698	40 
2699	8 
2700	35 
2701	28 
2702	36 
2703	26 
2704	21 
2705	5 
2706	11 
2707	3 
2708	11 
2709	35 
2710	39 
2711	8 
2712	42 
2713	40 
2714	1 
2715	22 
2716	13 
2717	11 
2718	36 
2719	7 
2720	16 
2721	19 
2722	19 
2723	3 
2724	30 
2725	42 
2726	6 
2727	36 
2728	42 
2729	3 
2730	23 
2731	40 
2732	11 
2733	40 
2734	1 
2735	42 
2736	23 
2737	42 
2738	42 
2739	8 
2740	23 
2741	40 
2742	7 
2743	42 
2744	42 
2745	22 
2746	42 
2747	36 
2748	11 
2749	22 
2750	23 
2751	8 
2752	5 
2753	30 
2754	1 
2755	38 
2756	8 
2757	8 
2758	36 
2759	1 
2760	22 
2761	1 
2762	6 
2763	3 
2764	8 
2765	8 
2766	23 
2767	3 
2768	23 
2769	36 
2770	12 
2771	7 
2772	30 
2773	3 
2774	35 
2775	17 
2776	6 
2777	23 
2778	11 
2779	12 
2780	8 
2781	11 
2782	36 
2783	5 
2784	42 
2785	11 
2786	17 
2787	19 
2788	22 
2789	8 
2790	3 
2791	11 
2792	1 
2793	22 
2794	17 
2795	36 
2796	8 
2797	16 
2798	40 
2799	42 
2800	7 
2801	1 
2802	22 
2803	7 
2804	12 
2805	42 
2806	39 
2807	16 
2808	10 
2809	22 
2810	23 
2811	30 
2812	35 
2813	22 
2814	3 
2815	11 
2816	42 
2817	22 
2818	11 
2819	8 
2820	23 
2821	11 
2822	5 
2823	3 
2824	15 
2825	42 
2826	4 
2827	11 
2828	42 
2829	22 
2830	10 
2831	11 
2832	40 
2833	11 
2834	8 
2835	38 
2836	1 
2837	19 
2838	30 
2839	12 
2840	13 
2841	22 
2842	22 
2843	36 
2844	39 
2845	40 
2846	8 
2847	35 
2848	11 
2849	8 
2850	3 
2851	32 
2852	40 
2853	5 
2854	30 
2855	30 
2856	3 
2857	7 
2858	8 
2859	42 
2860	22 
2861	2 
2862	5 
2863	8 
2864	30 
2865	15 
2866	3 
2867	11 
2868	35 
2869	8 
2870	30 
2871	5 
2872	7 
2873	18 
2874	36 
2875	36 
2876	11 
2877	8 
2878	35 
2879	8 
2880	1 
2881	5 
2882	3 
2883	20 
2884	35 
2885	8 
2886	8 
2887	30 
2888	30 
2889	36 
2890	2 
2891	8 
2892	30 
2893	40 
2894	12 
2895	3 
2896	40 
2897	40 
2898	36 
2899	8 
2900	7 
2901	43 
2902	23 
2903	11 
2904	21 
2905	42 
2906	11 
2907	11 
2908	43 
2909	20 
2910	42 
2911	8 
2912	1 
2913	43 
2914	11 
2915	36 
2916	15 
2917	1 
2918	13 
2919	22 
2920	15 
2921	38 
2922	9 
2923	11 
2924	40 
2925	12 
2926	3 
2927	8 
2928	40 
2929	42 
2930	12 
2931	5 
2932	1 
2933	12 
2934	6 
2935	40 
2936	11 
2937	11 
2938	8 
2939	29 
2940	34 
2941	11 
2942	1 
2943	5 
2944	34 
2945	35 
2946	40 
2947	40 
2948	22 
2949	36 
2950	3 
2951	13 
2952	16 
2953	42 
2954	19 
2955	1 
2956	42 
2957	11 
2958	36 
2959	3 
2960	9 
2961	42 
2962	34 
2963	35 
2964	40 
2965	8 
2966	12 
2967	28 
2968	23 
2969	30 
2970	32 
2971	42 
2972	42 
2973	3 
2974	42 
2975	11 
2976	22 
2977	3 
2978	21 
2979	11 
2980	35 
2981	36 
2982	3 
2983	23 
2984	12 
2985	3 
2986	6 
2987	40 
2988	30 
2989	42 
2990	19 
2991	17 
2992	8 
2993	8 
2994	30 
2995	7 
2996	40 
2997	11 
2998	36 
2999	42 
3000	30 
3001	23 
3002	35 
3003	3 
3004	23 
3005	43 
3006	16 
3007	12 
3008	23 
3009	1 
3010	11 
3011	32 
3012	30 
3013	1 
3014	12 
3015	30 
3016	11 
3017	35 
3018	30 
3019	8 
3020	1 
3021	11 
3022	42 
3023	8 
3024	3 
3025	11 
3026	16 
3027	25 
3028	42 
3029	7 
3030	9 
3031	8 
3032	35 
3033	8 
3034	6 
3035	5 
3036	11 
3037	30 
3038	22 
3039	12 
3040	40 
3041	23 
3042	17 
3043	14 
3044	3 
3045	36 
3046	39 
3047	30 
3048	8 
3049	8 
3050	40 
3051	14 
3052	3 
3053	10 
3054	36 
3055	3 
3056	22 
3057	23 
3058	30 
3059	11 
3060	21 
3061	30 
3062	11 
3063	38 
3064	36 
3065	10 
3066	21 
3067	25 
3068	36 
3069	14 
3070	12 
3071	3 
3072	30 
3073	11 
3074	8 
3075	30 
3076	7 
3077	6 
3078	8 
3079	42 
3080	6 
3081	5 
3082	23 
3083	1 
3084	16 
3085	42 
3086	5 
3087	1 
3088	35 
3089	10 
3090	1 
3091	12 
3092	8 
3093	11 
3094	13 
3095	36 
3096	13 
3097	14 
3098	11 
3099	11 
3100	8 
3101	11 
3102	36 
3103	17 
3104	16 
3105	5 
3106	1 
3107	7 
3108	5 
3109	12 
3110	15 
3111	3 
3112	42 
3113	12 
3114	38 
3115	3 
3116	3 
3117	11 
3118	40 
3119	36 
3120	42 
3121	40 
3122	36 
3123	12 
3124	7 
3125	7 
3126	40 
3127	42 
3128	30 
3129	8 
3130	3 
3131	34 
3132	5 
3133	40 
3134	42 
3135	16 
3136	39 
3137	22 
3138	23 
3139	11 
3140	31 
3141	3 
3142	40 
3143	21 
3144	42 
3145	20 
3146	11 
3147	11 
3148	22 
3149	1 
3150	23 
3151	30 
3152	1 
3153	4 
3154	5 
3155	8 
3156	35 
3157	30 
3158	36 
3159	3 
3160	11 
3161	42 
3162	11 
3163	2 
3164	3 
3165	3 
3166	3 
3167	40 
3168	8 
3169	8 
3170	40 
3171	2 
3172	11 
3173	42 
3174	19 
3175	42 
3176	3 
3177	16 
3178	8 
3179	8 
3180	11 
3181	30 
3182	23 
3183	8 
3184	22 
3185	30 
3186	5 
3187	11 
3188	22 
3189	3 
3190	30 
3191	7 
3192	42 
3193	36 
3194	42 
3195	35 
3196	3 
3197	23 
3198	42 
3199	42 
3200	23 
3201	1 
3202	1 
3203	23 
3204	11 
3205	11 
3206	23 
3207	30 
3208	8 
3209	4 
3210	23 
3211	22 
3212	35 
3213	43 
3214	6 
3215	11 
3216	42 
3217	14 
3218	8 
3219	35 
3220	40 
3221	22 
3222	42 
3223	30 
3224	36 
3225	35 
3226	5 
3227	8 
3228	6 
3229	42 
3230	12 
3231	3 
3232	11 
3233	38 
3234	8 
3235	21 
3236	3 
3237	36 
3238	8 
3239	36 
3240	17 
3241	17 
3242	23 
3243	23 
3244	13 
3245	15 
3246	42 
3247	42 
3248	30 
3249	22 
3250	35 
3251	11 
3252	12 
3253	10 
3254	30 
3255	1 
3256	30 
3257	1 
3258	31 
3259	8 
3260	3 
3261	2 
3262	11 
3263	12 
3264	42 
3265	23 
3266	42 
3267	39 
3268	11 
3269	16 
3270	42 
3271	42 
3272	36 
3273	42 
3274	6 
3275	8 
3276	42 
3277	11 
3278	8 
3279	11 
3280	12 
3281	40 
3282	8 
3283	30 
3284	13 
3285	1 
3286	28 
3287	14 
3288	8 
3289	8 
3290	36 
3291	22 
3292	8 
3293	8 
3294	21 
3295	22 
3296	11 
3297	1 
3298	22 
3299	30 
3300	17 
3301	19 
3302	35 
3303	23 
3304	6 
3305	11 
3306	11 
3307	32 
3308	8 
3309	35 
3310	8 
3311	30 
3312	36 
3313	28 
3314	3 
3315	40 
3316	10 
3317	23 
3318	7 
3319	5 
3320	42 
3321	17 
3322	5 
3323	23 
3324	42 
3325	42 
3326	40 
3327	5 
3328	19 
3329	42 
3330	5 
3331	40 
3332	8 
3333	30 
3334	12 
3335	42 
3336	42 
3337	20 
3338	15 
3339	1 
3340	42 
3341	11 
3342	11 
3343	29 
3344	3 
3345	36 
3346	19 
3347	30 
3348	40 
3349	35 
3350	28 
3351	40 
3352	10 
3353	12 
3354	42 
3355	42 
3356	8 
3357	5 
3358	29 
3359	3 
3360	11 
3361	8 
3362	35 
3363	5 
3364	30 
3365	11 
3366	4 
3367	22 
3368	11 
3369	11 
3370	36 
3371	3 
3372	30 
3373	30 
3374	30 
3375	42 
3376	40 
3377	35 
3378	23 
3379	36 
3380	8 
3381	23 
3382	7 
3383	40 
3384	7 
3385	40 
3386	42 
3387	23 
3388	39 
3389	11 
3390	43 
3391	34 
3392	23 
3393	36 
3394	42 
3395	35 
3396	11 
3397	35 
3398	12 
3399	1 
3400	34 
3401	21 
3402	8 
3403	40 
3404	11 
3405	3 
3406	22 
3407	40 
3408	40 
3409	8 
3410	21 
3411	12 
3412	30 
3413	1 
3414	12 
3415	5 
3416	1 
3417	40 
3418	42 
3419	11 
3420	35 
3421	12 
3422	11 
3423	42 
3424	12 
3425	8 
3426	15 
3427	5 
3428	42 
3429	12 
3430	17 
3431	8 
3432	34 
3433	42 
3434	3 
3435	36 
3436	8 
3437	1 
3438	12 
3439	8 
3440	1 
3441	34 
3442	35 
3443	7 
3444	22 
3445	40 
3446	21 
3447	30 
3448	11 
3449	16 
3450	36 
3451	3 
3452	2 
3453	3 
3454	11 
3455	8 
3456	30 
3457	42 
3458	12 
3459	42 
3460	30 
3461	8 
3462	23 
3463	43 
3464	7 
3465	3 
3466	3 
3467	11 
3468	3 
3469	40 
3470	3 
3471	3 
3472	40 
3473	8 
3474	18 
3475	34 
3476	10 
3477	5 
3478	40 
3479	14 
3480	36 
3481	17 
3482	7 
3483	22 
3484	35 
3485	30 
3486	43 
3487	3 
3488	36 
3489	8 
3490	11 
3491	3 
3492	35 
3493	11 
3494	42 
3495	12 
3496	42 
3497	11 
3498	1 
3499	22 
3500	39 
3501	3 
3502	5 
3503	30 
3504	12 
3505	8 
3506	23 
3507	22 
3508	3 
3509	35 
3510	30 
3511	22 
3512	3 
3513	8 
3514	42 
3515	1 
3516	23 
3517	1 
3518	14 
3519	32 
3520	3 
3521	12 
3522	22 
3523	8 
3524	42 
3525	15 
3526	3 
3527	11 
3528	8 
3529	40 
3530	8 
3531	22 
3532	7 
3533	26 
3534	11 
3535	30 
3536	35 
3537	36 
3538	8 
3539	28 
3540	36 
3541	34 
3542	22 
3543	3 
3544	11 
3545	42 
3546	40 
3547	8 
3548	11 
3549	8 
3550	3 
3551	8 
3552	12 
3553	11 
3554	30 
3555	40 
3556	11 
3557	32 
3558	12 
3559	40 
3560	11 
3561	35 
3562	3 
3563	1 
3564	12 
3565	30 
3566	8 
3567	30 
3568	36 
3569	10 
3570	22 
3571	11 
3572	21 
3573	22 
3574	40 
3575	3 
3576	15 
3577	42 
3578	5 
3579	8 
3580	11 
3581	12 
3582	8 
3583	6 
3584	26 
3585	11 
3586	34 
3587	20 
3588	12 
3589	35 
3590	11 
3591	3 
3592	1 
3593	1 
3594	17 
3595	30 
3596	39 
3597	14 
3598	3 
3599	36 
3600	8 
3601	11 
3602	11 
3603	42 
3604	3 
3605	20 
3606	42 
3607	8 
3608	30 
3609	11 
3610	40 
3611	22 
3612	11 
3613	21 
3614	40 
3615	19 
3616	42 
3617	10 
3618	13 
3619	22 
3620	36 
3621	35 
3622	2 
3623	4 
3624	14 
3625	7 
3626	3 
3627	3 
3628	11 
3629	22 
3630	23 
3631	8 
3632	36 
3633	26 
3634	23 
3635	36 
3636	8 
3637	1 
3638	23 
3639	5 
3640	11 
3641	4 
3642	35 
3643	23 
3644	8 
3645	30 
3646	1 
3647	40 
3648	42 
3649	36 
3650	8 
3651	22 
3652	15 
3653	17 
3654	3 
3655	1 
3656	13 
3657	30 
3658	36 
3659	1 
3660	30 
3661	35 
3662	22 
3663	21 
3664	36 
3665	40 
3666	30 
3667	30 
3668	12 
3669	30 
3670	3 
3671	12 
3672	22 
3673	1 
3674	8 
3675	11 
3676	5 
3677	10 
3678	7 
3679	35 
3680	32 
3681	11 
3682	40 
3683	36 
3684	11 
3685	23 
3686	3 
3687	23 
3688	23 
3689	42 
3690	8 
3691	11 
3692	30 
3693	11 
3694	8 
3695	30 
3696	1 
3697	5 
3698	30 
3699	8 
3700	36 
3701	3 
3702	35 
3703	39 
3704	40 
3705	21 
3706	11 
3707	7 
3708	6 
3709	42 
3710	11 
3711	14 
3712	39 
3713	36 
3714	19 
3715	23 
3716	19 
3717	43 
3718	4 
3719	22 
3720	15 
3721	11 
3722	3 
3723	6 
3724	15 
3725	35 
3726	3 
3727	11 
3728	16 
3729	12 
3730	40 
3731	22 
3732	38 
3733	32 
3734	43 
3735	17 
3736	11 
3737	17 
3738	17 
3739	16 
3740	3 
3741	1 
3742	11 
3743	11 
3744	8 
3745	43 
3746	1 
3747	23 
3748	1 
3749	3 
3750	36 
3751	32 
3752	12 
3753	42 
3754	6 
3755	3 
3756	42 
3757	7 
3758	11 
3759	30 
3760	43 
3761	40 
3762	10 
3763	30 
3764	42 
3765	42 
3766	34 
3767	30 
3768	40 
3769	12 
3770	36 
3771	3 
3772	35 
3773	23 
3774	14 
3775	14 
3776	1 
3777	1 
3778	23 
3779	8 
3780	8 
3781	20 
3782	42 
3783	42 
3784	12 
3785	18 
3786	15 
3787	40 
3788	3 
3789	23 
3790	5 
3791	11 
3792	8 
3793	30 
3794	8 
3795	23 
3796	18 
3797	7 
3798	11 
3799	11 
3800	3 
3801	10 
3802	36 
3803	42 
3804	22 
3805	11 
3806	23 
3807	30 
3808	19 
3809	6 
3810	1 
3811	1 
3812	42 
3813	13 
3814	42 
3815	12 
3816	23 
3817	11 
3818	6 
3819	35 
3820	5 
3821	22 
3822	22 
3823	16 
3824	23 
3825	36 
3826	38 
3827	17 
3828	23 
3829	8 
3830	22 
3831	42 
3832	15 
3833	30 
3834	22 
3835	3 
3836	8 
3837	36 
3838	6 
3839	14 
3840	3 
3841	8 
3842	5 
3843	1 
3844	8 
3845	16 
3846	14 
3847	30 
3848	42 
3849	3 
3850	16 
3851	42 
3852	34 
3853	8 
3854	14 
3855	22 
3856	7 
3857	28 
3858	23 
3859	35 
3860	40 
3861	36 
3862	30 
3863	11 
3864	1 
3865	40 
3866	7 
3867	35 
3868	36 
3869	1 
3870	1 
3871	8 
3872	36 
3873	36 
3874	17 
3875	11 
3876	34 
3877	7 
3878	2 
3879	11 
3880	17 
3881	1 
3882	40 
3883	12 
3884	4 
3885	11 
3886	23 
3887	13 
3888	3 
3889	8 
3890	42 
3891	8 
3892	15 
3893	3 
3894	21 
3895	3 
3896	22 
3897	42 
3898	12 
3899	22 
3900	11 
3901	7 
3902	14 
3903	3 
3904	21 
3905	12 
3906	35 
3907	34 
3908	11 
3909	40 
3910	3 
3911	2 
3912	11 
3913	18 
3914	8 
3915	32 
3916	30 
3917	30 
3918	8 
3919	13 
3920	2 
3921	1 
3922	3 
3923	35 
3924	11 
3925	1 
3926	35 
3927	14 
3928	1 
3929	10 
3930	42 
3931	22 
3932	23 
3933	23 
3934	17 
3935	28 
3936	17 
3937	18 
3938	30 
3939	11 
3940	18 
3941	21 
3942	19 
3943	13 
3944	8 
3945	40 
3946	3 
3947	1 
3948	8 
3949	36 
3950	40 
3951	36 
3952	40 
3953	6 
3954	21 
3955	42 
3956	40 
3957	11 
3958	11 
3959	35 
3960	35 
3961	4 
3962	12 
3963	7 
3964	3 
3965	14 
3966	14 
3967	23 
3968	3 
3969	17 
3970	7 
3971	22 
3972	39 
3973	42 
3974	42 
3975	11 
3976	11 
3977	36 
3978	11 
3979	10 
3980	42 
3981	42 
3982	4 
3983	30 
3984	21 
3985	17 
3986	6 
3987	8 
3988	6 
3989	6 
3990	11 
3991	1 
3992	36 
3993	4 
3994	22 
3995	11 
3996	35 
3997	40 
3998	42 
3999	39 
4000	23 
4001	1 
4002	42 
4003	3 
4004	1 
4005	42 
4006	36 
4007	5 
4008	35 
4009	11 
4010	36 
4011	30 
4012	8 
4013	22 
4014	42 
4015	43 
4016	3 
4017	8 
4018	15 
4019	40 
4020	11 
4021	30 
4022	3 
4023	1 
4024	30 
4025	16 
4026	11 
4027	8 
4028	23 
4029	17 
4030	11 
4031	14 
4032	11 
4033	8 
4034	8 
4035	1 
4036	7 
4037	42 
4038	40 
4039	35 
4040	42 
4041	30 
4042	13 
4043	30 
4044	40 
4045	8 
4046	11 
4047	1 
4048	42 
4049	23 
4050	12 
4051	16 
4052	11 
4053	40 
4054	1 
4055	38 
4056	42 
4057	40 
4058	35 
4059	40 
4060	40 
4061	11 
4062	30 
4063	21 
4064	11 
4065	36 
4066	12 
4067	42 
4068	18 
4069	11 
4070	15 
4071	30 
4072	30 
4073	12 
4074	11 
4075	11 
4076	3 
4077	42 
4078	5 
4079	1 
4080	3 
4081	11 
4082	36 
4083	8 
4084	3 
4085	21 
4086	1 
4087	36 
4088	23 
4089	42 
4090	43 
4091	6 
4092	42 
4093	21 
4094	23 
4095	3 
4096	3 
4097	39 
4098	40 
4099	3 
4100	14 
4101	10 
4102	7 
4103	15 
4104	34 
4105	42 
4106	1 
4107	5 
4108	3 
4109	40 
4110	35 
4111	21 
4112	40 
4113	1 
4114	35 
4115	8 
4116	3 
4117	36 
4118	42 
4119	22 
4120	40 
4121	21 
4122	40 
4123	3 
4124	36 
4125	11 
4126	36 
4127	1 
4128	3 
4129	1 
4130	8 
4131	42 
4132	23 
4133	40 
4134	22 
4135	30 
4136	12 
4137	36 
4138	19 
4139	35 
4140	3 
4141	30 
4142	3 
4143	42 
4144	8 
4145	42 
4146	19 
4147	36 
4148	8 
4149	12 
4150	8 
4151	36 
4152	11 
4153	11 
4154	5 
4155	1 
4156	14 
4157	1 
4158	11 
4159	35 
4160	11 
4161	23 
4162	22 
4163	11 
4164	7 
4165	2 
4166	8 
4167	11 
4168	1 
4169	30 
4170	11 
4171	11 
4172	42 
4173	8 
4174	23 
4175	40 
4176	35 
4177	30 
4178	8 
4179	11 
4180	22 
4181	5 
4182	23 
4183	14 
4184	1 
4185	42 
4186	11 
4187	23 
4188	11 
4189	8 
4190	17 
4191	14 
4192	22 
4193	36 
4194	36 
4195	23 
4196	1 
4197	4 
4198	11 
4199	3 
4200	6 
4201	8 
4202	36 
4203	14 
4204	2 
4205	23 
4206	40 
4207	11 
4208	6 
4209	12 
4210	11 
4211	3 
4212	11 
4213	42 
4214	30 
4215	4 
4216	14 
4217	11 
4218	40 
4219	14 
4220	42 
4221	1 
4222	7 
4223	11 
4224	22 
4225	42 
4226	30 
4227	7 
4228	1 
4229	5 
4230	23 
4231	8 
4232	42 
4233	1 
4234	11 
4235	15 
4236	1 
4237	35 
4238	42 
4239	5 
4240	1 
4241	42 
4242	40 
4243	36 
4244	8 
4245	8 
4246	30 
4247	42 
4248	16 
4249	40 
4250	40 
4251	36 
4252	8 
4253	1 
4254	42 
4255	36 
4256	34 
4257	6 
4258	32 
4259	6 
4260	42 
4261	42 
4262	5 
4263	10 
4264	30 
4265	16 
4266	11 
4267	36 
4268	17 
4269	1 
4270	35 
4271	43 
4272	11 
4273	5 
4274	43 
4275	3 
4276	1 
4277	2 
4278	36 
4279	3 
4280	3 
4281	42 
4282	40 
4283	6 
4284	11 
4285	32 
4286	23 
4287	1 
4288	11 
4289	8 
4290	1 
4291	12 
4292	3 
4293	11 
4294	23 
4295	10 
4296	35 
4297	38 
4298	30 
4299	42 
4300	35 
4301	8 
4302	11 
4303	23 
4304	40 
4305	36 
4306	12 
4307	22 
4308	40 
4309	16 
4310	1 
4311	42 
4312	42 
4313	36 
4314	5 
4315	13 
4316	36 
4317	32 
4318	22 
4319	42 
4320	8 
4321	3 
4322	22 
4323	15 
4324	22 
4325	10 
4326	4 
4327	10 
4328	40 
4329	36 
4330	16 
4331	23 
4332	22 
4333	22 
4334	15 
4335	13 
4336	17 
4337	8 
4338	8 
4339	11 
4340	6 
4341	40 
4342	30 
4343	3 
4344	5 
4345	1 
4346	43 
4347	3 
4348	40 
4349	8 
4350	15 
4351	11 
4352	23 
4353	30 
4354	42 
4355	36 
4356	3 
4357	8 
4358	43 
4359	7 
4360	8 
4361	7 
4362	11 
4363	22 
4364	8 
4365	6 
4366	42 
4367	8 
4368	3 
4369	3 
4370	30 
4371	30 
4372	30 
4373	17 
4374	17 
4375	30 
4376	23 
4377	8 
4378	42 
4379	8 
4380	35 
4381	13 
4382	30 
4383	43 
4384	40 
4385	42 
4386	3 
4387	35 
4388	30 
4389	3 
4390	30 
4391	22 
4392	7 
4393	42 
4394	12 
4395	8 
4396	42 
4397	35 
4398	30 
4399	3 
4400	22 
4401	36 
4402	16 
4403	22 
4404	22 
4405	22 
4406	1 
4407	30 
4408	32 
4409	40 
4410	3 
4411	8 
4412	5 
4413	11 
4414	3 
4415	1 
4416	8 
4417	42 
4418	21 
4419	13 
4420	1 
4421	1 
4422	42 
4423	12 
4424	8 
4425	8 
4426	11 
4427	4 
4428	8 
4429	11 
4430	21 
4431	22 
4432	38 
4433	30 
4434	42 
4435	11 
4436	11 
4437	15 
4438	2 
4439	14 
4440	8 
4441	21 
4442	23 
4443	8 
4444	23 
4445	40 
4446	23 
4447	8 
4448	1 
4449	22 
4450	36 
4451	3 
4452	15 
4453	1 
4454	22 
4455	36 
4456	3 
4457	35 
4458	1 
4459	35 
4460	8 
4461	30 
4462	8 
4463	5 
4464	8 
4465	2 
4466	22 
4467	5 
4468	6 
4469	36 
4470	36 
4471	11 
4472	11 
4473	22 
4474	35 
4475	36 
4476	38 
4477	42 
4478	1 
4479	23 
4480	19 
4481	7 
4482	35 
4483	3 
4484	11 
4485	3 
4486	34 
4487	1 
4488	22 
4489	36 
4490	3 
4491	22 
4492	30 
4493	21 
4494	11 
4495	12 
4496	23 
4497	8 
4498	30 
4499	22 
4500	8 
4501	30 
4502	38 
4503	42 
4504	3 
4505	8 
4506	35 
4507	40 
4508	6 
4509	17 
4510	36 
4511	1 
4512	19 
4513	42 
4514	8 
4515	23 
4516	42 
4517	13 
4518	30 
4519	21 
4520	3 
4521	40 
4522	11 
4523	43 
4524	19 
4525	11 
4526	1 
4527	43 
4528	40 
4529	11 
4530	17 
4531	30 
4532	42 
4533	11 
4534	11 
4535	10 
4536	3 
4537	23 
4538	40 
4539	2 
4540	23 
4541	36 
4542	12 
4543	11 
4544	36 
4545	8 
4546	13 
4547	11 
4548	36 
4549	12 
4550	11 
4551	6 
4552	22 
4553	8 
4554	11 
4555	3 
4556	42 
4557	7 
4558	3 
4559	42 
4560	22 
4561	13 
4562	15 
4563	22 
4564	6 
4565	35 
4566	30 
4567	11 
4568	13 
4569	1 
4570	36 
4571	40 
4572	3 
4573	40 
4574	11 
4575	30 
4576	8 
4577	35 
4578	17 
4579	22 
4580	1 
4581	3 
4582	34 
4583	8 
4584	36 
4585	35 
4586	11 
4587	3 
4588	1 
4589	40 
4590	42 
4591	36 
4592	8 
4593	1 
4594	5 
4595	7 
4596	36 
4597	8 
4598	12 
4599	30 
4600	2 
4601	35 
4602	14 
4603	23 
4604	23 
4605	5 
4606	40 
4607	30 
4608	1 
4609	3 
4610	5 
4611	35 
4612	22 
4613	21 
4614	11 
4615	13 
4616	36 
4617	30 
4618	36 
4619	30 
4620	5 
4621	40 
4622	40 
4623	1 
4624	30 
4625	30 
4626	42 
4627	3 
4628	23 
4629	22 
4630	21 
4631	8 
4632	3 
4633	42 
4634	11 
4635	40 
4636	11 
4637	7 
4638	22 
4639	40 
4640	8 
4641	11 
4642	7 
4643	11 
4644	11 
4645	3 
4646	30 
4647	8 
4648	22 
4649	6 
4650	3 
4651	8 
4652	1 
4653	42 
4654	1 
4655	5 
4656	7 
4657	22 
4658	7 
4659	8 
4660	11 
4661	35 
4662	43 
4663	23 
4664	40 
4665	36 
4666	30 
4667	17 
4668	3 
4669	6 
4670	7 
4671	3 
4672	35 
4673	5 
4674	22 
4675	5 
4676	30 
4677	12 
4678	10 
4679	11 
4680	1 
4681	35 
4682	42 
4683	3 
4684	17 
4685	8 
4686	16 
4687	1 
4688	1 
4689	1 
4690	23 
4691	1 
4692	40 
4693	36 
4694	3 
4695	6 
4696	1 
4697	7 
4698	7 
4699	1 
4700	8 
4701	3 
4702	12 
4703	11 
4704	8 
4705	22 
4706	1 
4707	8 
4708	7 
4709	42 
4710	23 
4711	13 
4712	13 
4713	8 
4714	36 
4715	3 
4716	8 
4717	36 
4718	42 
4719	40 
4720	40 
4721	6 
4722	14 
4723	8 
4724	14 
4725	8 
4726	36 
4727	3 
4728	30 
4729	35 
4730	36 
4731	22 
4732	12 
4733	13 
4734	8 
4735	8 
4736	3 
4737	22 
4738	8 
4739	8 
4740	11 
4741	11 
4742	40 
4743	40 
4744	11 
4745	40 
4746	1 
4747	40 
4748	1 
4749	11 
4750	13 
4751	22 
4752	42 
4753	12 
4754	42 
4755	11 
4756	8 
4757	35 
4758	36 
4759	35 
4760	3 
4761	35 
4762	23 
4763	35 
4764	11 
4765	11 
4766	42 
4767	1 
4768	23 
4769	12 
4770	17 
4771	7 
4772	23 
4773	42 
4774	8 
4775	5 
4776	11 
4777	22 
4778	23 
4779	14 
4780	11 
4781	21 
4782	8 
4783	30 
4784	21 
4785	1 
4786	3 
4787	36 
4788	42 
4789	42 
4790	1 
4791	8 
4792	42 
4793	13 
4794	1 
4795	36 
4796	11 
4797	35 
4798	36 
4799	40 
4800	8 
4801	11 
4802	3 
4803	1 
4804	23 
4805	23 
4806	35 
4807	22 
4808	11 
4809	3 
4810	11 
4811	30 
4812	22 
4813	11 
4814	22 
4815	36 
4816	40 
4817	35 
4818	6 
4819	8 
4820	5 
4821	11 
4822	1 
4823	8 
4824	21 
4825	12 
4826	8 
4827	8 
4828	8 
4829	5 
4830	12 
4831	40 
4832	12 
4833	42 
4834	8 
4835	30 
4836	42 
4837	40 
4838	22 
4839	3 
4840	36 
4841	35 
4842	7 
4843	23 
4844	8 
4845	40 
4846	22 
4847	23 
4848	42 
4849	3 
4850	7 
4851	8 
4852	6 
4853	36 
4854	3 
4855	23 
4856	11 
4857	40 
4858	7 
4859	17 
4860	3 
4861	40 
4862	12 
4863	12 
4864	3 
4865	12 
4866	3 
4867	40 
4868	30 
4869	11 
4870	3 
4871	30 
4872	3 
4873	8 
4874	1 
4875	30 
4876	42 
4877	23 
4878	3 
4879	42 
4880	30 
4881	11 
4882	5 
4883	17 
4884	11 
4885	23 
4886	12 
4887	11 
4888	42 
4889	22 
4890	11 
4891	1 
4892	11 
4893	3 
4894	1 
4895	5 
4896	17 
4897	35 
4898	12 
4899	12 
4900	23 
4901	11 
4902	8 
4903	22 
4904	22 
4905	36 
4906	12 
4907	36 
4908	1 
4909	36 
4910	40 
4911	1 
4912	8 
4913	30 
4914	40 
4915	30 
4916	8 
4917	40 
4918	8 
4919	36 
4920	42 
4921	8 
4922	40 
4923	3 
4924	30 
4925	3 
4926	30 
4927	1 
4928	8 
4929	3 
4930	8 
4931	30 
4932	40 
4933	36 
4934	11 
4935	11 
4936	11 
4937	42 
4938	11 
4939	12 
4940	8 
4941	1 
4942	11 
4943	12 
4944	1 
4945	22 
4946	3 
4947	40 
4948	30 
4949	42 
4950	42 
4951	8 
4952	30 
4953	22 
4954	8 
4955	8 
4956	3 
4957	22 
4958	22 
4959	23 
4960	40 
4961	36 
4962	8 
4963	30 
4964	36 
4965	11 
4966	42 
4967	40 
4968	8 
4969	8 
4970	42 
4971	3 
4972	30 
4973	42 
4974	11 
4975	3 
4976	1 
4977	36 
4978	3 
4979	3 
4980	42 
4981	8 
4982	8 
4983	23 
4984	42 
4985	8 
4986	3 
4987	11 
4988	36 
4989	42 
4990	3 
4991	42 
4992	30 
4993	11 
4994	3 
4995	30 
4996	36 
4997	42 
4998	36 
4999	11 
5000	3 
