1	21 
2	3 
3	2 
4	15 
5	29 
6	7 
7	25 
8	32 
9	2 
10	7 
11	25 
12	22 
13	5 
14	10 
15	31 
16	14 
17	21 
18	37 
19	27 
20	22 
21	19 
22	39 
23	23 
24	15 
25	22 
26	28 
27	7 
28	31 
29	15 
30	11 
31	2 
32	5 
33	37 
34	4 
35	9 
36	6 
37	16 
38	6 
39	5 
40	17 
41	17 
42	6 
43	13 
44	21 
45	12 
46	9 
47	1 
48	16 
49	3 
50	28 
51	17 
52	27 
53	10 
54	1 
55	39 
56	11 
57	10 
58	19 
59	24 
60	4 
61	14 
62	2 
63	14 
64	22 
65	22 
66	3 
67	2 
68	4 
69	27 
70	14 
71	11 
72	2 
73	40 
74	34 
75	1 
76	2 
77	11 
78	24 
79	11 
80	6 
81	29 
82	17 
83	28 
84	20 
85	5 
86	32 
87	26 
88	27 
89	22 
90	5 
91	26 
92	3 
93	10 
94	34 
95	3 
96	40 
97	7 
98	21 
99	40 
100	14 
101	36 
102	12 
103	13 
104	13 
105	15 
106	5 
107	6 
108	6 
109	11 
110	25 
111	19 
112	15 
113	8 
114	17 
115	33 
116	35 
117	21 
118	33 
119	38 
120	32 
121	10 
122	28 
123	13 
124	31 
125	20 
126	17 
127	26 
128	38 
129	7 
130	20 
131	19 
132	4 
133	8 
134	37 
135	13 
136	19 
137	15 
138	15 
139	28 
140	14 
141	12 
142	18 
143	10 
144	17 
145	4 
146	20 
147	14 
148	36 
149	4 
150	34 
151	12 
152	5 
153	4 
154	40 
155	15 
156	14 
157	14 
158	32 
159	7 
160	7 
161	14 
162	16 
163	35 
164	10 
165	8 
166	19 
167	24 
168	20 
169	31 
170	31 
171	12 
172	30 
173	17 
174	24 
175	21 
176	1 
177	8 
178	21 
179	24 
180	1 
181	25 
182	4 
183	9 
184	1 
185	38 
186	6 
187	33 
188	34 
189	34 
190	32 
191	37 
192	30 
193	9 
194	5 
195	22 
196	8 
197	19 
198	22 
199	19 
200	34 
201	22 
202	15 
203	26 
204	21 
205	34 
206	21 
207	32 
208	31 
209	13 
210	8 
211	31 
212	16 
213	29 
214	37 
215	38 
216	16 
217	26 
218	9 
219	5 
220	10 
221	27 
222	11 
223	15 
224	38 
225	36 
226	6 
227	8 
228	25 
229	35 
230	14 
231	24 
232	22 
233	39 
234	18 
235	27 
236	12 
237	28 
238	18 
239	2 
240	23 
241	22 
242	2 
243	18 
244	2 
245	23 
246	2 
247	31 
248	40 
249	15 
250	16 
251	27 
252	7 
253	4 
254	28 
255	14 
256	18 
257	35 
258	16 
259	16 
260	15 
261	3 
262	4 
263	37 
264	3 
265	34 
266	2 
267	25 
268	2 
269	34 
270	22 
271	29 
272	26 
273	27 
274	33 
275	2 
276	6 
277	10 
278	35 
279	4 
280	27 
281	11 
282	2 
283	28 
284	32 
285	23 
286	6 
287	26 
288	23 
289	7 
290	19 
291	10 
292	36 
293	15 
294	6 
295	15 
296	1 
297	26 
298	39 
299	23 
300	38 
301	14 
302	2 
303	2 
304	30 
305	8 
306	17 
307	17 
308	33 
309	7 
310	24 
311	33 
312	15 
313	20 
314	16 
315	34 
316	26 
317	27 
318	21 
319	7 
320	29 
321	11 
322	34 
323	37 
324	14 
325	8 
326	4 
327	28 
328	10 
329	4 
330	24 
331	23 
332	32 
333	6 
334	39 
335	3 
336	13 
337	11 
338	34 
339	9 
340	38 
341	19 
342	11 
343	23 
344	28 
345	11 
346	13 
347	20 
348	32 
349	40 
350	15 
351	17 
352	16 
353	37 
354	18 
355	35 
356	9 
357	28 
358	2 
359	36 
360	40 
361	5 
362	5 
363	1 
364	10 
365	30 
366	6 
367	20 
368	25 
369	35 
370	15 
371	8 
372	7 
373	25 
374	29 
375	25 
376	34 
377	3 
378	22 
379	14 
380	8 
381	6 
382	34 
383	38 
384	35 
385	35 
386	6 
387	5 
388	37 
389	21 
390	7 
391	5 
392	7 
393	7 
394	28 
395	36 
396	35 
397	4 
398	3 
399	14 
400	39 
401	31 
402	36 
403	10 
404	12 
405	30 
406	20 
407	35 
408	6 
409	22 
410	30 
411	27 
412	31 
413	18 
414	34 
415	25 
416	18 
417	1 
418	30 
419	18 
420	22 
421	29 
422	16 
423	10 
424	25 
425	10 
426	20 
427	10 
428	36 
429	16 
430	6 
431	14 
432	24 
433	16 
434	32 
435	33 
436	19 
437	39 
438	1 
439	14 
440	22 
441	2 
442	26 
443	32 
444	18 
445	14 
446	24 
447	39 
448	16 
449	23 
450	14 
451	29 
452	27 
453	9 
454	39 
455	29 
456	34 
457	10 
458	29 
459	2 
460	14 
461	1 
462	27 
463	37 
464	31 
465	19 
466	29 
467	18 
468	2 
469	25 
470	8 
471	14 
472	17 
473	11 
474	36 
475	16 
476	29 
477	31 
478	39 
479	32 
480	25 
481	36 
482	1 
483	5 
484	15 
485	25 
486	34 
487	27 
488	15 
489	4 
490	11 
491	2 
492	30 
493	17 
494	12 
495	40 
496	21 
497	21 
498	22 
499	15 
500	23 
501	20 
502	13 
503	25 
504	28 
505	10 
506	24 
507	3 
508	25 
509	8 
510	2 
511	10 
512	7 
513	26 
514	9 
515	10 
516	19 
517	23 
518	12 
519	2 
520	34 
521	5 
522	30 
523	13 
524	22 
525	25 
526	6 
527	29 
528	15 
529	4 
530	28 
531	37 
532	5 
533	30 
534	11 
535	10 
536	36 
537	38 
538	5 
539	35 
540	26 
541	18 
542	24 
543	20 
544	34 
545	18 
546	2 
547	18 
548	20 
549	40 
550	16 
551	1 
552	9 
553	36 
554	19 
555	14 
556	22 
557	21 
558	24 
559	4 
560	38 
561	27 
562	6 
563	35 
564	28 
565	28 
566	26 
567	36 
568	33 
569	15 
570	40 
571	15 
572	26 
573	37 
574	25 
575	1 
576	7 
577	32 
578	12 
579	19 
580	36 
581	5 
582	8 
583	7 
584	6 
585	6 
586	6 
587	12 
588	28 
589	35 
590	15 
591	34 
592	33 
593	29 
594	36 
595	17 
596	10 
597	30 
598	3 
599	40 
600	9 
601	31 
602	33 
603	14 
604	6 
605	5 
606	10 
607	30 
608	19 
609	30 
610	29 
611	23 
612	36 
613	2 
614	11 
615	7 
616	7 
617	24 
618	11 
619	10 
620	10 
621	20 
622	40 
623	8 
624	32 
625	1 
626	23 
627	21 
628	40 
629	31 
630	38 
631	23 
632	33 
633	37 
634	26 
635	10 
636	34 
637	30 
638	8 
639	4 
640	17 
641	8 
642	30 
643	29 
644	9 
645	3 
646	10 
647	30 
648	35 
649	7 
650	30 
651	15 
652	24 
653	26 
654	37 
655	11 
656	34 
657	23 
658	15 
659	23 
660	40 
661	11 
662	8 
663	30 
664	12 
665	38 
666	22 
667	36 
668	11 
669	4 
670	19 
671	21 
672	38 
673	21 
674	31 
675	5 
676	39 
677	17 
678	17 
679	23 
680	7 
681	2 
682	13 
683	31 
684	10 
685	33 
686	38 
687	37 
688	40 
689	34 
690	4 
691	5 
692	5 
693	23 
694	6 
695	4 
696	23 
697	25 
698	22 
699	26 
700	5 
701	5 
702	4 
703	37 
704	14 
705	32 
706	39 
707	10 
708	29 
709	3 
710	25 
711	38 
712	23 
713	8 
714	10 
715	33 
716	7 
717	22 
718	24 
719	24 
720	13 
721	20 
722	22 
723	27 
724	19 
725	12 
726	5 
727	1 
728	37 
729	29 
730	14 
731	20 
732	19 
733	14 
734	12 
735	39 
736	3 
737	25 
738	3 
739	1 
740	25 
741	14 
742	9 
743	22 
744	25 
745	23 
746	22 
747	8 
748	35 
749	26 
750	27 
751	19 
752	2 
753	33 
754	21 
755	11 
756	28 
757	24 
758	9 
759	12 
760	23 
761	1 
762	33 
763	10 
764	9 
765	13 
766	35 
767	3 
768	1 
769	20 
770	9 
771	23 
772	7 
773	15 
774	7 
775	37 
776	31 
777	21 
778	15 
779	10 
780	26 
781	22 
782	20 
783	22 
784	15 
785	21 
786	24 
787	23 
788	22 
789	11 
790	25 
791	31 
792	36 
793	19 
794	39 
795	10 
796	16 
797	17 
798	36 
799	32 
800	15 
801	1 
802	8 
803	33 
804	29 
805	37 
806	22 
807	23 
808	33 
809	37 
810	18 
811	1 
812	24 
813	13 
814	28 
815	28 
816	28 
817	10 
818	40 
819	20 
820	27 
821	34 
822	23 
823	24 
824	1 
825	4 
826	22 
827	7 
828	22 
829	29 
830	34 
831	18 
832	7 
833	7 
834	22 
835	11 
836	1 
837	13 
838	14 
839	34 
840	21 
841	1 
842	36 
843	25 
844	6 
845	33 
846	23 
847	29 
848	3 
849	11 
850	24 
851	40 
852	29 
853	27 
854	7 
855	7 
856	8 
857	36 
858	30 
859	17 
860	36 
861	29 
862	34 
863	28 
864	34 
865	28 
866	1 
867	4 
868	3 
869	20 
870	13 
871	31 
872	10 
873	2 
874	1 
875	30 
876	35 
877	16 
878	1 
879	35 
880	10 
881	39 
882	37 
883	17 
884	7 
885	2 
886	2 
887	11 
888	37 
889	10 
890	35 
891	27 
892	8 
893	28 
894	9 
895	27 
896	36 
897	39 
898	27 
899	20 
900	35 
901	13 
902	38 
903	26 
904	31 
905	37 
906	11 
907	5 
908	22 
909	2 
910	16 
911	32 
912	5 
913	20 
914	3 
915	23 
916	11 
917	12 
918	37 
919	16 
920	20 
921	7 
922	37 
923	23 
924	14 
925	21 
926	38 
927	38 
928	11 
929	4 
930	8 
931	5 
932	19 
933	23 
934	21 
935	33 
936	12 
937	9 
938	15 
939	8 
940	31 
941	14 
942	35 
943	25 
944	34 
945	31 
946	28 
947	29 
948	36 
949	34 
950	32 
951	4 
952	10 
953	30 
954	14 
955	3 
956	11 
957	15 
958	29 
959	14 
960	33 
961	35 
962	5 
963	6 
964	15 
965	23 
966	13 
967	2 
968	6 
969	32 
970	12 
971	17 
972	27 
973	37 
974	9 
975	13 
976	34 
977	16 
978	1 
979	33 
980	32 
981	28 
982	14 
983	28 
984	38 
985	34 
986	29 
987	5 
988	6 
989	33 
990	39 
991	33 
992	38 
993	32 
994	28 
995	4 
996	9 
997	13 
998	7 
999	9 
1000	11 
1001	7 
1002	11 
1003	34 
1004	23 
1005	18 
1006	5 
1007	31 
1008	30 
1009	6 
1010	39 
1011	35 
1012	35 
1013	10 
1014	10 
1015	8 
1016	40 
1017	1 
1018	28 
1019	28 
1020	15 
1021	31 
1022	21 
1023	26 
1024	29 
1025	36 
1026	15 
1027	32 
1028	10 
1029	15 
1030	5 
1031	37 
1032	2 
1033	9 
1034	36 
1035	32 
1036	19 
1037	10 
1038	7 
1039	11 
1040	19 
1041	32 
1042	5 
1043	6 
1044	14 
1045	34 
1046	2 
1047	18 
1048	21 
1049	23 
1050	33 
1051	33 
1052	36 
1053	11 
1054	27 
1055	14 
1056	23 
1057	27 
1058	30 
1059	21 
1060	23 
1061	10 
1062	27 
1063	16 
1064	10 
1065	1 
1066	24 
1067	31 
1068	11 
1069	4 
1070	2 
1071	28 
1072	7 
1073	36 
1074	23 
1075	11 
1076	4 
1077	6 
1078	16 
1079	24 
1080	11 
1081	30 
1082	10 
1083	1 
1084	5 
1085	15 
1086	32 
1087	26 
1088	26 
1089	1 
1090	13 
1091	29 
1092	9 
1093	31 
1094	30 
1095	26 
1096	2 
1097	4 
1098	28 
1099	22 
1100	22 
1101	3 
1102	23 
1103	22 
1104	22 
1105	36 
1106	3 
1107	10 
1108	24 
1109	36 
1110	28 
1111	6 
1112	9 
1113	16 
1114	1 
1115	34 
1116	8 
1117	39 
1118	23 
1119	5 
1120	36 
1121	6 
1122	13 
1123	14 
1124	12 
1125	23 
1126	15 
1127	11 
1128	6 
1129	17 
1130	11 
1131	2 
1132	3 
1133	20 
1134	1 
1135	3 
1136	21 
1137	28 
1138	24 
1139	5 
1140	14 
1141	21 
1142	32 
1143	36 
1144	28 
1145	23 
1146	10 
1147	7 
1148	38 
1149	34 
1150	35 
1151	10 
1152	12 
1153	18 
1154	7 
1155	38 
1156	10 
1157	22 
1158	40 
1159	8 
1160	18 
1161	10 
1162	17 
1163	24 
1164	21 
1165	28 
1166	11 
1167	7 
1168	10 
1169	22 
1170	16 
1171	27 
1172	27 
1173	28 
1174	21 
1175	32 
1176	2 
1177	10 
1178	18 
1179	8 
1180	14 
1181	6 
1182	25 
1183	16 
1184	29 
1185	8 
1186	31 
1187	34 
1188	15 
1189	30 
1190	11 
1191	1 
1192	38 
1193	27 
1194	19 
1195	5 
1196	8 
1197	4 
1198	27 
1199	13 
1200	9 
1201	19 
1202	25 
1203	29 
1204	22 
1205	5 
1206	24 
1207	35 
1208	19 
1209	22 
1210	38 
1211	3 
1212	25 
1213	7 
1214	6 
1215	2 
1216	25 
1217	11 
1218	21 
1219	23 
1220	18 
1221	17 
1222	24 
1223	7 
1224	16 
1225	2 
1226	21 
1227	17 
1228	8 
1229	32 
1230	10 
1231	7 
1232	38 
1233	40 
1234	26 
1235	18 
1236	39 
1237	34 
1238	30 
1239	29 
1240	18 
1241	16 
1242	1 
1243	23 
1244	5 
1245	19 
1246	4 
1247	7 
1248	33 
1249	1 
1250	6 
1251	32 
1252	5 
1253	17 
1254	33 
1255	40 
1256	14 
1257	4 
1258	15 
1259	37 
1260	21 
1261	8 
1262	28 
1263	33 
1264	24 
1265	12 
1266	6 
1267	36 
1268	9 
1269	31 
1270	33 
1271	39 
1272	22 
1273	26 
1274	15 
1275	2 
1276	35 
1277	29 
1278	32 
1279	10 
1280	2 
1281	27 
1282	5 
1283	27 
1284	39 
1285	23 
1286	38 
1287	28 
1288	22 
1289	22 
1290	29 
1291	19 
1292	34 
1293	38 
1294	15 
1295	27 
1296	2 
1297	6 
1298	27 
1299	28 
1300	1 
1301	22 
1302	3 
1303	40 
1304	40 
1305	25 
1306	1 
1307	20 
1308	11 
1309	29 
1310	33 
1311	2 
1312	23 
1313	20 
1314	32 
1315	15 
1316	37 
1317	27 
1318	11 
1319	11 
1320	33 
1321	40 
1322	1 
1323	9 
1324	12 
1325	21 
1326	14 
1327	33 
1328	26 
1329	17 
1330	39 
1331	13 
1332	30 
1333	36 
1334	11 
1335	14 
1336	28 
1337	38 
1338	28 
1339	1 
1340	30 
1341	28 
1342	7 
1343	27 
1344	27 
1345	29 
1346	5 
1347	32 
1348	23 
1349	12 
1350	28 
1351	4 
1352	12 
1353	5 
1354	5 
1355	2 
1356	29 
1357	1 
1358	21 
1359	37 
1360	35 
1361	6 
1362	8 
1363	14 
1364	8 
1365	20 
1366	31 
1367	10 
1368	11 
1369	17 
1370	2 
1371	4 
1372	34 
1373	2 
1374	21 
1375	40 
1376	11 
1377	33 
1378	1 
1379	15 
1380	15 
1381	9 
1382	2 
1383	7 
1384	12 
1385	2 
1386	40 
1387	1 
1388	32 
1389	1 
1390	39 
1391	36 
1392	18 
1393	30 
1394	2 
1395	28 
1396	11 
1397	25 
1398	23 
1399	18 
1400	11 
1401	5 
1402	17 
1403	22 
1404	31 
1405	4 
1406	31 
1407	13 
1408	31 
1409	11 
1410	34 
1411	4 
1412	14 
1413	33 
1414	14 
1415	21 
1416	38 
1417	23 
1418	29 
1419	7 
1420	29 
1421	38 
1422	33 
1423	36 
1424	32 
1425	16 
1426	24 
1427	24 
1428	27 
1429	35 
1430	12 
1431	7 
1432	4 
1433	2 
1434	40 
1435	20 
1436	16 
1437	29 
1438	4 
1439	16 
1440	8 
1441	23 
1442	7 
1443	14 
1444	29 
1445	5 
1446	9 
1447	1 
1448	12 
1449	33 
1450	4 
1451	4 
1452	34 
1453	33 
1454	2 
1455	22 
1456	19 
1457	2 
1458	34 
1459	14 
1460	4 
1461	38 
1462	15 
1463	27 
1464	11 
1465	5 
1466	9 
1467	5 
1468	19 
1469	34 
1470	34 
1471	34 
1472	31 
1473	37 
1474	33 
1475	21 
1476	20 
1477	20 
1478	3 
1479	17 
1480	39 
1481	27 
1482	1 
1483	14 
1484	30 
1485	6 
1486	20 
1487	2 
1488	12 
1489	35 
1490	20 
1491	28 
1492	36 
1493	22 
1494	18 
1495	10 
1496	2 
1497	33 
1498	6 
1499	10 
1500	11 
1501	4 
1502	14 
1503	23 
1504	16 
1505	6 
1506	9 
1507	35 
1508	10 
1509	39 
1510	35 
1511	28 
1512	16 
1513	2 
1514	18 
1515	21 
1516	15 
1517	22 
1518	10 
1519	3 
1520	20 
1521	1 
1522	19 
1523	39 
1524	8 
1525	40 
1526	39 
1527	38 
1528	14 
1529	7 
1530	12 
1531	14 
1532	15 
1533	35 
1534	8 
1535	16 
1536	16 
1537	22 
1538	6 
1539	5 
1540	40 
1541	25 
1542	37 
1543	29 
1544	1 
1545	8 
1546	2 
1547	1 
1548	11 
1549	13 
1550	32 
1551	2 
1552	20 
1553	1 
1554	26 
1555	19 
1556	11 
1557	34 
1558	37 
1559	38 
1560	19 
1561	39 
1562	1 
1563	29 
1564	39 
1565	11 
1566	35 
1567	25 
1568	30 
1569	20 
1570	19 
1571	37 
1572	11 
1573	15 
1574	16 
1575	14 
1576	5 
1577	28 
1578	14 
1579	23 
1580	32 
1581	30 
1582	35 
1583	20 
1584	6 
1585	29 
1586	8 
1587	15 
1588	35 
1589	9 
1590	27 
1591	23 
1592	36 
1593	40 
1594	30 
1595	38 
1596	24 
1597	13 
1598	10 
1599	28 
1600	30 
1601	29 
1602	18 
1603	15 
1604	10 
1605	5 
1606	16 
1607	36 
1608	23 
1609	35 
1610	14 
1611	21 
1612	14 
1613	34 
1614	22 
1615	33 
1616	25 
1617	27 
1618	32 
1619	3 
1620	15 
1621	23 
1622	9 
1623	3 
1624	20 
1625	12 
1626	27 
1627	37 
1628	2 
1629	39 
1630	3 
1631	28 
1632	35 
1633	40 
1634	11 
1635	27 
1636	5 
1637	22 
1638	31 
1639	31 
1640	22 
1641	20 
1642	23 
1643	27 
1644	4 
1645	19 
1646	20 
1647	35 
1648	30 
1649	6 
1650	6 
1651	29 
1652	4 
1653	22 
1654	3 
1655	19 
1656	14 
1657	27 
1658	35 
1659	26 
1660	20 
1661	27 
1662	26 
1663	2 
1664	19 
1665	3 
1666	33 
1667	5 
1668	30 
1669	15 
1670	26 
1671	28 
1672	22 
1673	8 
1674	21 
1675	11 
1676	16 
1677	33 
1678	20 
1679	3 
1680	32 
1681	28 
1682	5 
1683	29 
1684	40 
1685	4 
1686	3 
1687	19 
1688	19 
1689	31 
1690	35 
1691	16 
1692	27 
1693	30 
1694	34 
1695	1 
1696	11 
1697	4 
1698	23 
1699	15 
1700	38 
1701	11 
1702	28 
1703	31 
1704	25 
1705	21 
1706	21 
1707	30 
1708	20 
1709	29 
1710	10 
1711	22 
1712	24 
1713	38 
1714	1 
1715	15 
1716	40 
1717	30 
1718	19 
1719	31 
1720	38 
1721	31 
1722	25 
1723	4 
1724	8 
1725	33 
1726	28 
1727	28 
1728	14 
1729	24 
1730	8 
1731	18 
1732	38 
1733	18 
1734	21 
1735	23 
1736	30 
1737	7 
1738	11 
1739	3 
1740	35 
1741	21 
1742	4 
1743	34 
1744	24 
1745	17 
1746	38 
1747	28 
1748	7 
1749	6 
1750	18 
1751	16 
1752	15 
1753	39 
1754	19 
1755	34 
1756	22 
1757	1 
1758	10 
1759	29 
1760	2 
1761	8 
1762	33 
1763	2 
1764	7 
1765	21 
1766	38 
1767	19 
1768	5 
1769	16 
1770	3 
1771	38 
1772	16 
1773	29 
1774	26 
1775	19 
1776	38 
1777	14 
1778	1 
1779	6 
1780	11 
1781	32 
1782	5 
1783	10 
1784	22 
1785	17 
1786	39 
1787	27 
1788	11 
1789	12 
1790	37 
1791	11 
1792	36 
1793	39 
1794	22 
1795	33 
1796	13 
1797	25 
1798	14 
1799	27 
1800	2 
1801	18 
1802	6 
1803	23 
1804	21 
1805	36 
1806	25 
1807	19 
1808	40 
1809	3 
1810	11 
1811	1 
1812	21 
1813	7 
1814	22 
1815	14 
1816	7 
1817	33 
1818	33 
1819	9 
1820	27 
1821	31 
1822	5 
1823	20 
1824	25 
1825	27 
1826	25 
1827	33 
1828	26 
1829	12 
1830	7 
1831	21 
1832	14 
1833	28 
1834	3 
1835	18 
1836	11 
1837	29 
1838	5 
1839	17 
1840	35 
1841	32 
1842	16 
1843	16 
1844	29 
1845	9 
1846	15 
1847	15 
1848	36 
1849	7 
1850	27 
1851	10 
1852	34 
1853	14 
1854	11 
1855	18 
1856	11 
1857	28 
1858	21 
1859	7 
1860	33 
1861	17 
1862	13 
1863	35 
1864	36 
1865	19 
1866	2 
1867	14 
1868	13 
1869	22 
1870	16 
1871	32 
1872	22 
1873	32 
1874	24 
1875	1 
1876	6 
1877	21 
1878	8 
1879	14 
1880	21 
1881	30 
1882	18 
1883	34 
1884	38 
1885	22 
1886	4 
1887	9 
1888	28 
1889	1 
1890	5 
1891	14 
1892	5 
1893	33 
1894	37 
1895	34 
1896	16 
1897	18 
1898	14 
1899	8 
1900	34 
1901	34 
1902	22 
1903	22 
1904	6 
1905	15 
1906	6 
1907	26 
1908	34 
1909	8 
1910	1 
1911	12 
1912	17 
1913	30 
1914	17 
1915	34 
1916	23 
1917	6 
1918	10 
1919	29 
1920	38 
1921	24 
1922	30 
1923	2 
1924	4 
1925	34 
1926	11 
1927	3 
1928	12 
1929	4 
1930	29 
1931	1 
1932	39 
1933	35 
1934	22 
1935	13 
1936	23 
1937	24 
1938	6 
1939	14 
1940	32 
1941	1 
1942	35 
1943	34 
1944	39 
1945	29 
1946	4 
1947	26 
1948	28 
1949	21 
1950	31 
1951	31 
1952	4 
1953	35 
1954	40 
1955	31 
1956	6 
1957	29 
1958	1 
1959	24 
1960	26 
1961	6 
1962	13 
1963	2 
1964	17 
1965	9 
1966	35 
1967	18 
1968	29 
1969	14 
1970	2 
1971	23 
1972	37 
1973	8 
1974	21 
1975	14 
1976	8 
1977	11 
1978	6 
1979	9 
1980	35 
1981	9 
1982	12 
1983	25 
1984	34 
1985	23 
1986	30 
1987	39 
1988	25 
1989	36 
1990	25 
1991	1 
1992	6 
1993	13 
1994	27 
1995	7 
1996	26 
1997	6 
1998	24 
1999	11 
2000	31 
2001	5 
2002	3 
2003	25 
2004	34 
2005	31 
2006	17 
2007	5 
2008	15 
2009	8 
2010	23 
2011	12 
2012	25 
2013	10 
2014	5 
2015	4 
2016	22 
2017	29 
2018	37 
2019	12 
2020	8 
2021	29 
2022	25 
2023	32 
2024	6 
2025	34 
2026	6 
2027	40 
2028	25 
2029	8 
2030	25 
2031	5 
2032	15 
2033	23 
2034	36 
2035	10 
2036	17 
2037	8 
2038	5 
2039	35 
2040	5 
2041	7 
2042	38 
2043	27 
2044	14 
2045	18 
2046	15 
2047	15 
2048	16 
2049	8 
2050	36 
2051	25 
2052	16 
2053	11 
2054	12 
2055	7 
2056	34 
2057	12 
2058	2 
2059	20 
2060	18 
2061	18 
2062	16 
2063	23 
2064	39 
2065	23 
2066	28 
2067	26 
2068	21 
2069	34 
2070	19 
2071	16 
2072	22 
2073	14 
2074	19 
2075	14 
2076	19 
2077	23 
2078	1 
2079	16 
2080	40 
2081	2 
2082	13 
2083	26 
2084	32 
2085	33 
2086	22 
2087	20 
2088	7 
2089	39 
2090	12 
2091	22 
2092	4 
2093	25 
2094	30 
2095	1 
2096	24 
2097	7 
2098	34 
2099	6 
2100	15 
2101	13 
2102	13 
2103	6 
2104	8 
2105	21 
2106	4 
2107	31 
2108	13 
2109	6 
2110	7 
2111	33 
2112	32 
2113	17 
2114	36 
2115	38 
2116	14 
2117	39 
2118	1 
2119	30 
2120	15 
2121	29 
2122	14 
2123	16 
2124	7 
2125	21 
2126	12 
2127	33 
2128	7 
2129	6 
2130	19 
2131	6 
2132	14 
2133	25 
2134	35 
2135	18 
2136	25 
2137	1 
2138	28 
2139	32 
2140	11 
2141	27 
2142	7 
2143	37 
2144	34 
2145	29 
2146	22 
2147	19 
2148	40 
2149	3 
2150	32 
2151	40 
2152	38 
2153	8 
2154	37 
2155	27 
2156	38 
2157	39 
2158	23 
2159	29 
2160	36 
2161	10 
2162	12 
2163	4 
2164	30 
2165	15 
2166	26 
2167	26 
2168	4 
2169	2 
2170	7 
2171	38 
2172	39 
2173	15 
2174	15 
2175	10 
2176	4 
2177	39 
2178	25 
2179	33 
2180	22 
2181	23 
2182	35 
2183	28 
2184	34 
2185	10 
2186	2 
2187	19 
2188	10 
2189	22 
2190	26 
2191	34 
2192	11 
2193	19 
2194	10 
2195	23 
2196	1 
2197	29 
2198	14 
2199	29 
2200	22 
2201	7 
2202	38 
2203	6 
2204	10 
2205	9 
2206	39 
2207	14 
2208	25 
2209	6 
2210	16 
2211	16 
2212	32 
2213	1 
2214	33 
2215	4 
2216	14 
2217	38 
2218	11 
2219	35 
2220	31 
2221	38 
2222	2 
2223	21 
2224	22 
2225	35 
2226	14 
2227	30 
2228	14 
2229	15 
2230	11 
2231	20 
2232	11 
2233	9 
2234	19 
2235	21 
2236	24 
2237	31 
2238	37 
2239	36 
2240	29 
2241	23 
2242	18 
2243	7 
2244	30 
2245	23 
2246	27 
2247	29 
2248	24 
2249	39 
2250	24 
2251	13 
2252	5 
2253	5 
2254	23 
2255	36 
2256	28 
2257	5 
2258	33 
2259	34 
2260	37 
2261	11 
2262	23 
2263	3 
2264	19 
2265	39 
2266	24 
2267	38 
2268	1 
2269	19 
2270	13 
2271	4 
2272	28 
2273	9 
2274	7 
2275	3 
2276	27 
2277	18 
2278	7 
2279	17 
2280	39 
2281	3 
2282	34 
2283	40 
2284	35 
2285	34 
2286	1 
2287	31 
2288	3 
2289	9 
2290	2 
2291	31 
2292	10 
2293	33 
2294	29 
2295	8 
2296	37 
2297	36 
2298	14 
2299	23 
2300	18 
2301	34 
2302	14 
2303	1 
2304	5 
2305	40 
2306	7 
2307	18 
2308	35 
2309	22 
2310	26 
2311	36 
2312	38 
2313	2 
2314	4 
2315	32 
2316	26 
2317	27 
2318	18 
2319	11 
2320	10 
2321	35 
2322	5 
2323	5 
2324	6 
2325	3 
2326	21 
2327	38 
2328	12 
2329	32 
2330	2 
2331	20 
2332	29 
2333	14 
2334	33 
2335	4 
2336	23 
2337	19 
2338	23 
2339	24 
2340	6 
2341	31 
2342	30 
2343	14 
2344	14 
2345	35 
2346	37 
2347	36 
2348	27 
2349	6 
2350	17 
2351	36 
2352	13 
2353	34 
2354	13 
2355	30 
2356	5 
2357	19 
2358	26 
2359	13 
2360	17 
2361	2 
2362	23 
2363	33 
2364	18 
2365	18 
2366	7 
2367	6 
2368	38 
2369	23 
2370	33 
2371	36 
2372	34 
2373	39 
2374	35 
2375	23 
2376	1 
2377	3 
2378	11 
2379	35 
2380	25 
2381	39 
2382	25 
2383	34 
2384	24 
2385	30 
2386	2 
2387	8 
2388	37 
2389	28 
2390	29 
2391	15 
2392	27 
2393	11 
2394	6 
2395	12 
2396	5 
2397	31 
2398	23 
2399	13 
2400	3 
2401	27 
2402	39 
2403	10 
2404	37 
2405	22 
2406	20 
2407	25 
2408	23 
2409	24 
2410	19 
2411	28 
2412	22 
2413	13 
2414	33 
2415	1 
2416	37 
2417	27 
2418	33 
2419	31 
2420	9 
2421	25 
2422	21 
2423	4 
2424	34 
2425	30 
2426	22 
2427	32 
2428	10 
2429	14 
2430	29 
2431	22 
2432	6 
2433	33 
2434	6 
2435	37 
2436	39 
2437	8 
2438	15 
2439	27 
2440	7 
2441	22 
2442	39 
2443	17 
2444	8 
2445	28 
2446	4 
2447	13 
2448	34 
2449	18 
2450	36 
2451	9 
2452	10 
2453	11 
2454	1 
2455	16 
2456	11 
2457	19 
2458	2 
2459	36 
2460	18 
2461	14 
2462	26 
2463	10 
2464	5 
2465	26 
2466	38 
2467	11 
2468	27 
2469	35 
2470	36 
2471	25 
2472	39 
2473	9 
2474	28 
2475	3 
2476	12 
2477	26 
2478	5 
2479	16 
2480	13 
2481	4 
2482	14 
2483	17 
2484	9 
2485	23 
2486	21 
2487	1 
2488	37 
2489	34 
2490	5 
2491	29 
2492	21 
2493	35 
2494	21 
2495	20 
2496	35 
2497	2 
2498	26 
2499	35 
2500	16 
2501	7 
2502	5 
2503	23 
2504	31 
2505	30 
2506	7 
2507	17 
2508	21 
2509	5 
2510	28 
2511	15 
2512	35 
2513	14 
2514	32 
2515	35 
2516	24 
2517	22 
2518	14 
2519	19 
2520	9 
2521	6 
2522	20 
2523	21 
2524	17 
2525	6 
2526	27 
2527	26 
2528	34 
2529	38 
2530	29 
2531	7 
2532	24 
2533	10 
2534	11 
2535	18 
2536	26 
2537	25 
2538	10 
2539	14 
2540	14 
2541	27 
2542	5 
2543	35 
2544	11 
2545	21 
2546	34 
2547	14 
2548	21 
2549	38 
2550	8 
2551	22 
2552	34 
2553	7 
2554	16 
2555	12 
2556	34 
2557	34 
2558	30 
2559	5 
2560	29 
2561	28 
2562	20 
2563	27 
2564	33 
2565	33 
2566	28 
2567	34 
2568	9 
2569	40 
2570	23 
2571	34 
2572	3 
2573	14 
2574	25 
2575	8 
2576	23 
2577	4 
2578	8 
2579	17 
2580	5 
2581	14 
2582	36 
2583	31 
2584	27 
2585	28 
2586	40 
2587	27 
2588	23 
2589	14 
2590	29 
2591	10 
2592	10 
2593	37 
2594	8 
2595	29 
2596	23 
2597	24 
2598	10 
2599	2 
2600	24 
2601	8 
2602	23 
2603	19 
2604	27 
2605	29 
2606	7 
2607	13 
2608	23 
2609	19 
2610	14 
2611	11 
2612	35 
2613	11 
2614	14 
2615	23 
2616	12 
2617	21 
2618	1 
2619	1 
2620	11 
2621	34 
2622	11 
2623	20 
2624	35 
2625	18 
2626	5 
2627	35 
2628	37 
2629	28 
2630	17 
2631	5 
2632	17 
2633	39 
2634	16 
2635	3 
2636	11 
2637	28 
2638	5 
2639	12 
2640	28 
2641	12 
2642	10 
2643	34 
2644	34 
2645	4 
2646	3 
2647	1 
2648	25 
2649	36 
2650	37 
2651	34 
2652	36 
2653	34 
2654	24 
2655	8 
2656	16 
2657	2 
2658	2 
2659	7 
2660	21 
2661	32 
2662	14 
2663	10 
2664	13 
2665	15 
2666	8 
2667	32 
2668	40 
2669	37 
2670	23 
2671	15 
2672	40 
2673	10 
2674	33 
2675	22 
2676	36 
2677	5 
2678	32 
2679	8 
2680	35 
2681	7 
2682	22 
2683	36 
2684	19 
2685	8 
2686	13 
2687	11 
2688	39 
2689	36 
2690	19 
2691	24 
2692	10 
2693	17 
2694	23 
2695	36 
2696	10 
2697	26 
2698	21 
2699	22 
2700	14 
2701	1 
2702	15 
2703	10 
2704	22 
2705	6 
2706	39 
2707	39 
2708	38 
2709	8 
2710	31 
2711	17 
2712	10 
2713	28 
2714	33 
2715	15 
2716	33 
2717	23 
2718	24 
2719	12 
2720	7 
2721	1 
2722	8 
2723	40 
2724	7 
2725	32 
2726	39 
2727	32 
2728	5 
2729	29 
2730	1 
2731	9 
2732	2 
2733	15 
2734	6 
2735	31 
2736	29 
2737	12 
2738	38 
2739	17 
2740	34 
2741	32 
2742	29 
2743	30 
2744	14 
2745	7 
2746	6 
2747	5 
2748	4 
2749	19 
2750	28 
2751	1 
2752	1 
2753	20 
2754	14 
2755	3 
2756	16 
2757	14 
2758	14 
2759	24 
2760	17 
2761	18 
2762	38 
2763	40 
2764	35 
2765	8 
2766	23 
2767	27 
2768	7 
2769	15 
2770	13 
2771	32 
2772	9 
2773	35 
2774	32 
2775	26 
2776	24 
2777	1 
2778	6 
2779	36 
2780	8 
2781	40 
2782	8 
2783	2 
2784	31 
2785	5 
2786	35 
2787	23 
2788	37 
2789	21 
2790	1 
2791	2 
2792	10 
2793	22 
2794	26 
2795	24 
2796	35 
2797	6 
2798	18 
2799	16 
2800	31 
2801	40 
2802	40 
2803	27 
2804	2 
2805	39 
2806	29 
2807	10 
2808	31 
2809	28 
2810	21 
2811	12 
2812	26 
2813	17 
2814	28 
2815	11 
2816	26 
2817	38 
2818	27 
2819	29 
2820	32 
2821	32 
2822	23 
2823	8 
2824	37 
2825	34 
2826	34 
2827	38 
2828	20 
2829	22 
2830	23 
2831	19 
2832	20 
2833	27 
2834	13 
2835	20 
2836	18 
2837	12 
2838	10 
2839	12 
2840	1 
2841	20 
2842	9 
2843	10 
2844	24 
2845	22 
2846	7 
2847	11 
2848	13 
2849	28 
2850	11 
2851	3 
2852	7 
2853	24 
2854	15 
2855	2 
2856	23 
2857	5 
2858	28 
2859	6 
2860	11 
2861	11 
2862	25 
2863	25 
2864	38 
2865	22 
2866	17 
2867	25 
2868	33 
2869	28 
2870	6 
2871	34 
2872	31 
2873	38 
2874	25 
2875	10 
2876	34 
2877	20 
2878	32 
2879	9 
2880	29 
2881	36 
2882	32 
2883	11 
2884	39 
2885	14 
2886	20 
2887	27 
2888	35 
2889	32 
2890	35 
2891	8 
2892	4 
2893	27 
2894	23 
2895	23 
2896	28 
2897	1 
2898	31 
2899	38 
2900	28 
2901	36 
2902	39 
2903	1 
2904	31 
2905	33 
2906	20 
2907	13 
2908	15 
2909	17 
2910	26 
2911	21 
2912	23 
2913	22 
2914	20 
2915	1 
2916	27 
2917	31 
2918	37 
2919	32 
2920	4 
2921	37 
2922	10 
2923	13 
2924	13 
2925	29 
2926	23 
2927	22 
2928	30 
2929	20 
2930	25 
2931	40 
2932	11 
2933	38 
2934	14 
2935	6 
2936	29 
2937	13 
2938	15 
2939	26 
2940	32 
2941	5 
2942	40 
2943	35 
2944	10 
2945	35 
2946	9 
2947	4 
2948	3 
2949	10 
2950	12 
2951	36 
2952	28 
2953	34 
2954	23 
2955	16 
2956	31 
2957	1 
2958	34 
2959	34 
2960	17 
2961	28 
2962	7 
2963	2 
2964	5 
2965	15 
2966	10 
2967	6 
2968	21 
2969	16 
2970	12 
2971	30 
2972	30 
2973	26 
2974	18 
2975	32 
2976	37 
2977	27 
2978	4 
2979	22 
2980	25 
2981	30 
2982	35 
2983	6 
2984	31 
2985	29 
2986	27 
2987	24 
2988	34 
2989	34 
2990	15 
2991	30 
2992	16 
2993	21 
2994	4 
2995	6 
2996	14 
2997	21 
2998	7 
2999	1 
3000	10 
3001	10 
3002	25 
3003	23 
3004	1 
3005	7 
3006	14 
3007	29 
3008	7 
3009	1 
3010	28 
3011	4 
3012	8 
3013	27 
3014	23 
3015	11 
3016	27 
3017	34 
3018	18 
3019	13 
3020	16 
3021	29 
3022	5 
3023	14 
3024	28 
3025	14 
3026	37 
3027	5 
3028	12 
3029	4 
3030	19 
3031	25 
3032	18 
3033	19 
3034	40 
3035	25 
3036	24 
3037	29 
3038	27 
3039	31 
3040	15 
3041	22 
3042	21 
3043	28 
3044	25 
3045	18 
3046	32 
3047	40 
3048	32 
3049	6 
3050	2 
3051	34 
3052	32 
3053	35 
3054	28 
3055	25 
3056	21 
3057	5 
3058	2 
3059	27 
3060	14 
3061	21 
3062	28 
3063	34 
3064	33 
3065	1 
3066	30 
3067	39 
3068	1 
3069	21 
3070	38 
3071	28 
3072	35 
3073	8 
3074	25 
3075	34 
3076	14 
3077	30 
3078	4 
3079	13 
3080	15 
3081	27 
3082	24 
3083	26 
3084	14 
3085	39 
3086	6 
3087	35 
3088	20 
3089	20 
3090	7 
3091	10 
3092	22 
3093	4 
3094	40 
3095	14 
3096	28 
3097	27 
3098	27 
3099	6 
3100	2 
3101	16 
3102	25 
3103	34 
3104	34 
3105	23 
3106	13 
3107	36 
3108	22 
3109	9 
3110	19 
3111	14 
3112	30 
3113	37 
3114	26 
3115	34 
3116	10 
3117	5 
3118	9 
3119	13 
3120	24 
3121	21 
3122	5 
3123	2 
3124	40 
3125	5 
3126	25 
3127	32 
3128	34 
3129	16 
3130	28 
3131	28 
3132	27 
3133	11 
3134	27 
3135	16 
3136	10 
3137	6 
3138	17 
3139	28 
3140	7 
3141	36 
3142	27 
3143	27 
3144	34 
3145	9 
3146	22 
3147	25 
3148	1 
3149	21 
3150	11 
3151	34 
3152	7 
3153	6 
3154	38 
3155	3 
3156	10 
3157	33 
3158	12 
3159	20 
3160	11 
3161	37 
3162	14 
3163	29 
3164	17 
3165	1 
3166	8 
3167	28 
3168	40 
3169	7 
3170	7 
3171	18 
3172	24 
3173	14 
3174	26 
3175	13 
3176	28 
3177	27 
3178	4 
3179	28 
3180	21 
3181	26 
3182	8 
3183	12 
3184	28 
3185	31 
3186	6 
3187	29 
3188	28 
3189	15 
3190	5 
3191	22 
3192	22 
3193	1 
3194	24 
3195	27 
3196	14 
3197	28 
3198	16 
3199	40 
3200	39 
3201	34 
3202	34 
3203	22 
3204	16 
3205	37 
3206	27 
3207	29 
3208	38 
3209	25 
3210	5 
3211	28 
3212	14 
3213	6 
3214	25 
3215	37 
3216	14 
3217	21 
3218	26 
3219	37 
3220	34 
3221	35 
3222	28 
3223	27 
3224	33 
3225	30 
3226	27 
3227	19 
3228	12 
3229	24 
3230	11 
3231	21 
3232	13 
3233	22 
3234	40 
3235	31 
3236	28 
3237	33 
3238	21 
3239	28 
3240	18 
3241	6 
3242	6 
3243	28 
3244	14 
3245	14 
3246	39 
3247	26 
3248	17 
3249	23 
3250	9 
3251	35 
3252	9 
3253	8 
3254	1 
3255	7 
3256	39 
3257	14 
3258	6 
3259	11 
3260	20 
3261	3 
3262	7 
3263	19 
3264	14 
3265	25 
3266	35 
3267	39 
3268	40 
3269	9 
3270	34 
3271	34 
3272	28 
3273	5 
3274	15 
3275	38 
3276	7 
3277	34 
3278	19 
3279	38 
3280	14 
3281	25 
3282	35 
3283	26 
3284	14 
3285	17 
3286	15 
3287	13 
3288	36 
3289	30 
3290	4 
3291	6 
3292	2 
3293	6 
3294	7 
3295	29 
3296	37 
3297	33 
3298	23 
3299	15 
3300	7 
3301	23 
3302	9 
3303	24 
3304	3 
3305	13 
3306	38 
3307	38 
3308	15 
3309	38 
3310	23 
3311	38 
3312	37 
3313	5 
3314	19 
3315	38 
3316	16 
3317	7 
3318	35 
3319	16 
3320	31 
3321	22 
3322	6 
3323	35 
3324	33 
3325	11 
3326	11 
3327	29 
3328	6 
3329	27 
3330	25 
3331	16 
3332	24 
3333	11 
3334	30 
3335	30 
3336	29 
3337	20 
3338	28 
3339	16 
3340	3 
3341	11 
3342	22 
3343	8 
3344	27 
3345	23 
3346	21 
3347	38 
3348	26 
3349	14 
3350	1 
3351	11 
3352	39 
3353	14 
3354	31 
3355	7 
3356	6 
3357	26 
3358	8 
3359	35 
3360	32 
3361	16 
3362	33 
3363	8 
3364	23 
3365	27 
3366	20 
3367	3 
3368	23 
3369	7 
3370	20 
3371	22 
3372	9 
3373	23 
3374	21 
3375	36 
3376	35 
3377	11 
3378	1 
3379	2 
3380	21 
3381	22 
3382	6 
3383	5 
3384	39 
3385	26 
3386	19 
3387	1 
3388	6 
3389	26 
3390	28 
3391	25 
3392	15 
3393	6 
3394	8 
3395	15 
3396	11 
3397	7 
3398	15 
3399	30 
3400	34 
3401	26 
3402	36 
3403	39 
3404	24 
3405	2 
3406	29 
3407	33 
3408	32 
3409	34 
3410	23 
3411	39 
3412	27 
3413	26 
3414	26 
3415	15 
3416	7 
3417	12 
3418	28 
3419	19 
3420	28 
3421	30 
3422	34 
3423	36 
3424	18 
3425	32 
3426	13 
3427	19 
3428	32 
3429	7 
3430	30 
3431	6 
3432	12 
3433	32 
3434	34 
3435	4 
3436	16 
3437	38 
3438	7 
3439	28 
3440	14 
3441	36 
3442	7 
3443	32 
3444	12 
3445	26 
3446	28 
3447	10 
3448	28 
3449	11 
3450	1 
3451	19 
3452	1 
3453	19 
3454	15 
3455	6 
3456	35 
3457	5 
3458	32 
3459	35 
3460	35 
3461	28 
3462	1 
3463	35 
3464	25 
3465	14 
3466	22 
3467	25 
3468	15 
3469	34 
3470	26 
3471	7 
3472	28 
3473	36 
3474	10 
3475	20 
3476	10 
3477	2 
3478	16 
3479	22 
3480	7 
3481	8 
3482	24 
3483	22 
3484	38 
3485	15 
3486	22 
3487	19 
3488	4 
3489	16 
3490	11 
3491	8 
3492	21 
3493	19 
3494	15 
3495	28 
3496	36 
3497	10 
3498	39 
3499	28 
3500	8 
3501	10 
3502	12 
3503	34 
3504	28 
3505	30 
3506	39 
3507	30 
3508	7 
3509	11 
3510	22 
3511	21 
3512	7 
3513	23 
3514	1 
3515	38 
3516	29 
3517	5 
3518	37 
3519	11 
3520	5 
3521	15 
3522	15 
3523	25 
3524	33 
3525	32 
3526	10 
3527	9 
3528	28 
3529	5 
3530	39 
3531	36 
3532	30 
3533	7 
3534	25 
3535	21 
3536	19 
3537	1 
3538	14 
3539	24 
3540	32 
3541	11 
3542	27 
3543	38 
3544	8 
3545	2 
3546	10 
3547	5 
3548	28 
3549	12 
3550	35 
3551	34 
3552	37 
3553	19 
3554	32 
3555	14 
3556	34 
3557	25 
3558	21 
3559	9 
3560	27 
3561	26 
3562	21 
3563	10 
3564	27 
3565	12 
3566	15 
3567	13 
3568	29 
3569	6 
3570	5 
3571	31 
3572	21 
3573	26 
3574	2 
3575	21 
3576	10 
3577	11 
3578	17 
3579	35 
3580	31 
3581	3 
3582	22 
3583	14 
3584	37 
3585	6 
3586	16 
3587	31 
3588	11 
3589	6 
3590	2 
3591	7 
3592	38 
3593	6 
3594	8 
3595	21 
3596	30 
3597	14 
3598	14 
3599	30 
3600	34 
3601	10 
3602	24 
3603	31 
3604	18 
3605	2 
3606	24 
3607	30 
3608	29 
3609	10 
3610	20 
3611	25 
3612	4 
3613	6 
3614	24 
3615	32 
3616	4 
3617	12 
3618	11 
3619	6 
3620	10 
3621	35 
3622	38 
3623	39 
3624	7 
3625	11 
3626	6 
3627	14 
3628	29 
3629	26 
3630	2 
3631	15 
3632	12 
3633	14 
3634	17 
3635	28 
3636	2 
3637	27 
3638	10 
3639	24 
3640	5 
3641	34 
3642	10 
3643	17 
3644	32 
3645	2 
3646	39 
3647	18 
3648	12 
3649	14 
3650	35 
3651	8 
3652	37 
3653	25 
3654	37 
3655	24 
3656	29 
3657	9 
3658	40 
3659	28 
3660	22 
3661	40 
3662	5 
3663	3 
3664	28 
3665	27 
3666	27 
3667	10 
3668	19 
3669	32 
3670	23 
3671	21 
3672	13 
3673	27 
3674	14 
3675	9 
3676	36 
3677	37 
3678	28 
3679	22 
3680	15 
3681	15 
3682	15 
3683	31 
3684	21 
3685	12 
3686	19 
3687	34 
3688	6 
3689	6 
3690	25 
3691	8 
3692	23 
3693	7 
3694	9 
3695	28 
3696	6 
3697	17 
3698	31 
3699	23 
3700	30 
3701	25 
3702	16 
3703	13 
3704	31 
3705	40 
3706	14 
3707	17 
3708	1 
3709	31 
3710	13 
3711	15 
3712	29 
3713	7 
3714	27 
3715	23 
3716	14 
3717	3 
3718	9 
3719	35 
3720	17 
3721	23 
3722	5 
3723	21 
3724	6 
3725	28 
3726	4 
3727	27 
3728	2 
3729	23 
3730	37 
3731	20 
3732	37 
3733	15 
3734	7 
3735	23 
3736	32 
3737	22 
3738	18 
3739	21 
3740	22 
3741	35 
3742	30 
3743	27 
3744	24 
3745	13 
3746	11 
3747	4 
3748	16 
3749	4 
3750	21 
3751	19 
3752	23 
3753	38 
3754	11 
3755	19 
3756	13 
3757	25 
3758	14 
3759	29 
3760	21 
3761	28 
3762	4 
3763	31 
3764	4 
3765	5 
3766	34 
3767	35 
3768	25 
3769	12 
3770	31 
3771	10 
3772	23 
3773	4 
3774	32 
3775	4 
3776	6 
3777	7 
3778	1 
3779	27 
3780	31 
3781	3 
3782	39 
3783	10 
3784	12 
3785	32 
3786	38 
3787	1 
3788	17 
3789	11 
3790	34 
3791	8 
3792	22 
3793	8 
3794	23 
3795	18 
3796	22 
3797	2 
3798	7 
3799	37 
3800	33 
3801	23 
3802	29 
3803	20 
3804	13 
3805	10 
3806	5 
3807	19 
3808	39 
3809	9 
3810	1 
3811	34 
3812	14 
3813	25 
3814	11 
3815	15 
3816	21 
3817	22 
3818	37 
3819	5 
3820	4 
3821	33 
3822	32 
3823	4 
3824	4 
3825	37 
3826	5 
3827	40 
3828	6 
3829	28 
3830	4 
3831	10 
3832	22 
3833	5 
3834	3 
3835	32 
3836	22 
3837	6 
3838	40 
3839	5 
3840	7 
3841	2 
3842	23 
3843	20 
3844	22 
3845	1 
3846	33 
3847	5 
3848	1 
3849	33 
3850	5 
3851	36 
3852	8 
3853	16 
3854	29 
3855	3 
3856	13 
3857	23 
3858	17 
3859	34 
3860	19 
3861	10 
3862	14 
3863	8 
3864	9 
3865	38 
3866	22 
3867	26 
3868	27 
3869	33 
3870	5 
3871	30 
3872	2 
3873	5 
3874	40 
3875	14 
3876	7 
3877	17 
3878	29 
3879	7 
3880	37 
3881	3 
3882	14 
3883	30 
3884	18 
3885	1 
3886	29 
3887	15 
3888	27 
3889	18 
3890	30 
3891	24 
3892	10 
3893	29 
3894	2 
3895	7 
3896	21 
3897	17 
3898	24 
3899	28 
3900	1 
3901	32 
3902	20 
3903	31 
3904	8 
3905	27 
3906	8 
3907	32 
3908	23 
3909	40 
3910	5 
3911	17 
3912	7 
3913	37 
3914	8 
3915	34 
3916	10 
3917	31 
3918	10 
3919	40 
3920	27 
3921	11 
3922	12 
3923	24 
3924	37 
3925	25 
3926	3 
3927	34 
3928	2 
3929	17 
3930	6 
3931	29 
3932	27 
3933	22 
3934	38 
3935	31 
3936	15 
3937	18 
3938	39 
3939	22 
3940	33 
3941	2 
3942	23 
3943	6 
3944	4 
3945	4 
3946	31 
3947	35 
3948	3 
3949	14 
3950	40 
3951	38 
3952	25 
3953	7 
3954	30 
3955	7 
3956	10 
3957	3 
3958	34 
3959	36 
3960	36 
3961	31 
3962	32 
3963	23 
3964	1 
3965	14 
3966	21 
3967	2 
3968	23 
3969	25 
3970	33 
3971	6 
3972	5 
3973	22 
3974	22 
3975	29 
3976	30 
3977	27 
3978	9 
3979	8 
3980	31 
3981	23 
3982	31 
3983	14 
3984	24 
3985	10 
3986	3 
3987	8 
3988	26 
3989	27 
3990	22 
3991	27 
3992	13 
3993	13 
3994	9 
3995	19 
3996	12 
3997	22 
3998	34 
3999	23 
4000	5 
4001	38 
4002	7 
4003	9 
4004	31 
4005	17 
4006	34 
4007	7 
4008	6 
4009	32 
4010	26 
4011	3 
4012	28 
4013	9 
4014	32 
4015	10 
4016	8 
4017	29 
4018	19 
4019	12 
4020	33 
4021	19 
4022	1 
4023	34 
4024	21 
4025	35 
4026	9 
4027	14 
4028	15 
4029	11 
4030	19 
4031	27 
4032	5 
4033	25 
4034	35 
4035	1 
4036	12 
4037	14 
4038	28 
4039	26 
4040	28 
4041	38 
4042	29 
4043	32 
4044	39 
4045	1 
4046	14 
4047	6 
4048	31 
4049	23 
4050	27 
4051	3 
4052	37 
4053	5 
4054	15 
4055	27 
4056	15 
4057	4 
4058	21 
4059	20 
4060	14 
4061	8 
4062	39 
4063	13 
4064	39 
4065	6 
4066	23 
4067	8 
4068	4 
4069	7 
4070	21 
4071	4 
4072	9 
4073	7 
4074	19 
4075	16 
4076	23 
4077	22 
4078	26 
4079	20 
4080	7 
4081	8 
4082	30 
4083	15 
4084	10 
4085	21 
4086	5 
4087	28 
4088	25 
4089	19 
4090	12 
4091	38 
4092	31 
4093	4 
4094	11 
4095	14 
4096	7 
4097	31 
4098	17 
4099	3 
4100	7 
4101	28 
4102	37 
4103	22 
4104	5 
4105	6 
4106	31 
4107	13 
4108	23 
4109	13 
4110	11 
4111	6 
4112	10 
4113	23 
4114	21 
4115	11 
4116	8 
4117	5 
4118	24 
4119	36 
4120	31 
4121	27 
4122	31 
4123	7 
4124	7 
4125	22 
4126	27 
4127	5 
4128	36 
4129	36 
4130	29 
4131	30 
4132	19 
4133	27 
4134	4 
4135	31 
4136	38 
4137	28 
4138	16 
4139	19 
4140	12 
4141	35 
4142	28 
4143	2 
4144	19 
4145	25 
4146	40 
4147	8 
4148	36 
4149	29 
4150	38 
4151	3 
4152	28 
4153	2 
4154	20 
4155	6 
4156	34 
4157	27 
4158	34 
4159	31 
4160	32 
4161	3 
4162	10 
4163	34 
4164	35 
4165	11 
4166	21 
4167	3 
4168	6 
4169	1 
4170	14 
4171	7 
4172	10 
4173	34 
4174	24 
4175	35 
4176	39 
4177	34 
4178	37 
4179	36 
4180	28 
4181	31 
4182	27 
4183	7 
4184	4 
4185	35 
4186	40 
4187	16 
4188	26 
4189	37 
4190	8 
4191	8 
4192	35 
4193	5 
4194	39 
4195	5 
4196	26 
4197	20 
4198	7 
4199	40 
4200	20 
4201	25 
4202	3 
4203	33 
4204	5 
4205	37 
4206	32 
4207	32 
4208	29 
4209	26 
4210	30 
4211	39 
4212	23 
4213	29 
4214	14 
4215	32 
4216	10 
4217	21 
4218	11 
4219	19 
4220	40 
4221	12 
4222	9 
4223	29 
4224	14 
4225	35 
4226	23 
4227	14 
4228	5 
4229	23 
4230	25 
4231	19 
4232	36 
4233	7 
4234	29 
4235	9 
4236	15 
4237	5 
4238	25 
4239	19 
4240	7 
4241	11 
4242	5 
4243	2 
4244	34 
4245	2 
4246	22 
4247	7 
4248	11 
4249	38 
4250	11 
4251	40 
4252	11 
4253	26 
4254	1 
4255	33 
4256	20 
4257	14 
4258	18 
4259	10 
4260	11 
4261	38 
4262	10 
4263	5 
4264	31 
4265	15 
4266	25 
4267	18 
4268	3 
4269	34 
4270	36 
4271	40 
4272	7 
4273	21 
4274	27 
4275	16 
4276	21 
4277	27 
4278	10 
4279	1 
4280	5 
4281	38 
4282	23 
4283	6 
4284	2 
4285	34 
4286	34 
4287	40 
4288	28 
4289	26 
4290	22 
4291	1 
4292	19 
4293	4 
4294	27 
4295	15 
4296	10 
4297	30 
4298	22 
4299	26 
4300	35 
4301	10 
4302	34 
4303	4 
4304	10 
4305	32 
4306	29 
4307	1 
4308	12 
4309	13 
4310	18 
4311	28 
4312	28 
4313	4 
4314	23 
4315	7 
4316	6 
4317	23 
4318	15 
4319	28 
4320	34 
4321	6 
4322	34 
4323	11 
4324	28 
4325	35 
4326	14 
4327	33 
4328	2 
4329	25 
4330	29 
4331	21 
4332	12 
4333	34 
4334	34 
4335	7 
4336	40 
4337	15 
4338	26 
4339	19 
4340	5 
4341	6 
4342	15 
4343	28 
4344	2 
4345	23 
4346	40 
4347	25 
4348	34 
4349	12 
4350	28 
4351	9 
4352	29 
4353	27 
4354	5 
4355	17 
4356	15 
4357	29 
4358	33 
4359	16 
4360	35 
4361	29 
4362	28 
4363	2 
4364	7 
4365	28 
4366	22 
4367	23 
4368	23 
4369	4 
4370	15 
4371	22 
4372	12 
4373	38 
4374	10 
4375	23 
4376	7 
4377	16 
4378	1 
4379	7 
4380	23 
4381	7 
4382	6 
4383	8 
4384	17 
4385	21 
4386	20 
4387	27 
4388	1 
4389	31 
4390	39 
4391	34 
4392	22 
4393	7 
4394	14 
4395	24 
4396	21 
4397	17 
4398	9 
4399	4 
4400	28 
4401	38 
4402	29 
4403	7 
4404	29 
4405	27 
4406	7 
4407	10 
4408	18 
4409	22 
4410	38 
4411	23 
4412	39 
4413	8 
4414	34 
4415	5 
4416	6 
4417	30 
4418	18 
4419	15 
4420	7 
4421	27 
4422	10 
4423	19 
4424	14 
4425	1 
4426	19 
4427	20 
4428	36 
4429	17 
4430	30 
4431	16 
4432	5 
4433	2 
4434	20 
4435	18 
4436	24 
4437	33 
4438	13 
4439	27 
4440	38 
4441	40 
4442	20 
4443	28 
4444	40 
4445	9 
4446	29 
4447	6 
4448	40 
4449	17 
4450	7 
4451	28 
4452	34 
4453	35 
4454	3 
4455	2 
4456	27 
4457	35 
4458	25 
4459	4 
4460	21 
4461	24 
4462	36 
4463	22 
4464	23 
4465	2 
4466	30 
4467	14 
4468	22 
4469	13 
4470	6 
4471	22 
4472	14 
4473	38 
4474	9 
4475	26 
4476	22 
4477	10 
4478	14 
4479	18 
4480	12 
4481	29 
4482	5 
4483	7 
4484	32 
4485	9 
4486	30 
4487	18 
4488	13 
4489	6 
4490	23 
4491	30 
4492	24 
4493	21 
4494	7 
4495	23 
4496	6 
4497	16 
4498	17 
4499	5 
4500	28 
4501	1 
4502	23 
4503	1 
4504	29 
4505	35 
4506	35 
4507	1 
4508	12 
4509	17 
4510	12 
4511	31 
4512	27 
4513	5 
4514	39 
4515	17 
4516	16 
4517	7 
4518	33 
4519	27 
4520	12 
4521	30 
4522	9 
4523	31 
4524	26 
4525	8 
4526	22 
4527	10 
4528	39 
4529	1 
4530	5 
4531	29 
4532	6 
4533	39 
4534	5 
4535	18 
4536	39 
4537	1 
4538	2 
4539	20 
4540	11 
4541	4 
4542	17 
4543	5 
4544	23 
4545	40 
4546	5 
4547	9 
4548	26 
4549	20 
4550	29 
4551	36 
4552	17 
4553	22 
4554	40 
4555	28 
4556	14 
4557	28 
4558	19 
4559	22 
4560	31 
4561	15 
4562	11 
4563	5 
4564	17 
4565	27 
4566	6 
4567	1 
4568	39 
4569	27 
4570	16 
4571	14 
4572	29 
4573	17 
4574	16 
4575	21 
4576	11 
4577	5 
4578	6 
4579	36 
4580	27 
4581	9 
4582	40 
4583	8 
4584	27 
4585	6 
4586	11 
4587	5 
4588	1 
4589	10 
4590	6 
4591	36 
4592	34 
4593	32 
4594	40 
4595	6 
4596	18 
4597	6 
4598	24 
4599	40 
4600	37 
4601	25 
4602	11 
4603	27 
4604	10 
4605	20 
4606	3 
4607	37 
4608	15 
4609	34 
4610	32 
4611	24 
4612	19 
4613	25 
4614	29 
4615	18 
4616	37 
4617	26 
4618	36 
4619	1 
4620	16 
4621	13 
4622	10 
4623	9 
4624	36 
4625	15 
4626	18 
4627	1 
4628	12 
4629	38 
4630	23 
4631	22 
4632	33 
4633	40 
4634	14 
4635	21 
4636	27 
4637	35 
4638	22 
4639	37 
4640	4 
4641	2 
4642	10 
4643	10 
4644	11 
4645	11 
4646	5 
4647	35 
4648	1 
4649	34 
4650	33 
4651	8 
4652	38 
4653	18 
4654	36 
4655	12 
4656	10 
4657	17 
4658	31 
4659	39 
4660	11 
4661	39 
4662	11 
4663	26 
4664	18 
4665	15 
4666	21 
4667	25 
4668	36 
4669	36 
4670	6 
4671	17 
4672	7 
4673	13 
4674	8 
4675	35 
4676	7 
4677	37 
4678	7 
4679	8 
4680	28 
4681	5 
4682	17 
4683	8 
4684	1 
4685	34 
4686	12 
4687	36 
4688	32 
4689	25 
4690	24 
4691	40 
4692	7 
4693	25 
4694	25 
4695	1 
4696	7 
4697	33 
4698	37 
4699	12 
4700	36 
4701	23 
4702	36 
4703	22 
4704	13 
4705	38 
4706	39 
4707	1 
4708	20 
4709	2 
4710	22 
4711	39 
4712	1 
4713	29 
4714	27 
4715	9 
4716	8 
4717	1 
4718	37 
4719	31 
4720	9 
4721	32 
4722	1 
4723	3 
4724	36 
4725	4 
4726	27 
4727	7 
4728	24 
4729	36 
4730	37 
4731	38 
4732	18 
4733	39 
4734	14 
4735	18 
4736	19 
4737	22 
4738	10 
4739	1 
4740	34 
4741	10 
4742	20 
4743	15 
4744	31 
4745	18 
4746	20 
4747	8 
4748	38 
4749	28 
4750	7 
4751	17 
4752	14 
4753	19 
4754	2 
4755	29 
4756	3 
4757	4 
4758	23 
4759	29 
4760	15 
4761	31 
4762	33 
4763	23 
4764	36 
4765	7 
4766	21 
4767	14 
4768	29 
4769	37 
4770	36 
4771	29 
4772	5 
4773	1 
4774	35 
4775	13 
4776	1 
4777	8 
4778	9 
4779	8 
4780	29 
4781	32 
4782	26 
4783	10 
4784	12 
4785	2 
4786	33 
4787	9 
4788	19 
4789	18 
4790	36 
4791	40 
4792	7 
4793	15 
4794	30 
4795	1 
4796	13 
4797	23 
4798	25 
4799	39 
4800	40 
4801	35 
4802	6 
4803	38 
4804	22 
4805	3 
4806	3 
4807	20 
4808	21 
4809	3 
4810	24 
4811	5 
4812	26 
4813	11 
4814	11 
4815	17 
4816	40 
4817	35 
4818	25 
4819	34 
4820	11 
4821	32 
4822	5 
4823	2 
4824	10 
4825	22 
4826	27 
4827	37 
4828	40 
4829	30 
4830	34 
4831	34 
4832	8 
4833	4 
4834	2 
4835	14 
4836	32 
4837	2 
4838	19 
4839	21 
4840	11 
4841	35 
4842	38 
4843	16 
4844	33 
4845	9 
4846	7 
4847	32 
4848	28 
4849	16 
4850	8 
4851	2 
4852	18 
4853	13 
4854	10 
4855	15 
4856	29 
4857	34 
4858	8 
4859	23 
4860	11 
4861	29 
4862	34 
4863	21 
4864	4 
4865	11 
4866	31 
4867	5 
4868	15 
4869	35 
4870	29 
4871	20 
4872	11 
4873	37 
4874	26 
4875	21 
4876	15 
4877	6 
4878	24 
4879	22 
4880	15 
4881	28 
4882	28 
4883	34 
4884	1 
4885	13 
4886	38 
4887	10 
4888	34 
4889	22 
4890	30 
4891	24 
4892	33 
4893	7 
4894	3 
4895	31 
4896	14 
4897	6 
4898	12 
4899	2 
4900	7 
4901	15 
4902	23 
4903	25 
4904	23 
4905	8 
4906	11 
4907	36 
4908	7 
4909	1 
4910	23 
4911	15 
4912	35 
4913	23 
4914	25 
4915	13 
4916	5 
4917	28 
4918	2 
4919	35 
4920	7 
4921	28 
4922	36 
4923	40 
4924	5 
4925	9 
4926	40 
4927	10 
4928	2 
4929	5 
4930	7 
4931	7 
4932	37 
4933	33 
4934	7 
4935	27 
4936	15 
4937	28 
4938	18 
4939	23 
4940	40 
4941	5 
4942	8 
4943	40 
4944	33 
4945	33 
4946	30 
4947	11 
4948	29 
4949	11 
4950	15 
4951	10 
4952	4 
4953	7 
4954	34 
4955	31 
4956	34 
4957	27 
4958	11 
4959	10 
4960	28 
4961	10 
4962	21 
4963	34 
4964	10 
4965	1 
4966	7 
4967	29 
4968	29 
4969	2 
4970	1 
4971	10 
4972	5 
4973	11 
4974	28 
4975	29 
4976	27 
4977	11 
4978	34 
4979	11 
4980	14 
4981	14 
4982	22 
4983	10 
4984	6 
4985	11 
4986	22 
4987	5 
4988	5 
4989	11 
4990	5 
4991	34 
4992	7 
4993	5 
4994	28 
4995	28 
4996	34 
4997	34 
4998	14 
4999	34 
5000	7 
