1	22 
2	22 
3	36 
4	16 
5	45 
6	24 
7	20 
8	17 
9	32 
10	22 
11	14 
12	9 
13	20 
14	1 
15	22 
16	31 
17	20 
18	31 
19	1 
20	6 
21	16 
22	17 
23	31 
24	42 
25	14 
26	20 
27	4 
28	22 
29	4 
30	16 
31	16 
32	36 
33	44 
34	42 
35	17 
36	31 
37	17 
38	6 
39	39 
40	39 
41	22 
42	31 
43	15 
44	31 
45	6 
46	18 
47	16 
48	14 
49	17 
50	17 
51	14 
52	6 
53	39 
54	35 
55	39 
56	35 
57	1 
58	14 
59	17 
60	16 
61	12 
62	22 
63	9 
64	15 
65	31 
66	17 
67	17 
68	20 
69	22 
70	33 
71	6 
72	6 
73	16 
74	6 
75	32 
76	12 
77	18 
78	6 
79	16 
80	32 
81	15 
82	15 
83	39 
84	19 
85	15 
86	42 
87	39 
88	39 
89	45 
90	17 
91	6 
92	45 
93	20 
94	39 
95	18 
96	35 
97	1 
98	39 
99	20 
100	1 
101	31 
102	14 
103	6 
104	39 
105	14 
106	22 
107	5 
108	34 
109	31 
110	14 
111	15 
112	32 
113	1 
114	15 
115	42 
116	35 
117	6 
118	22 
119	18 
120	15 
121	14 
122	18 
123	32 
124	22 
125	19 
126	16 
127	42 
128	15 
129	39 
130	6 
131	22 
132	17 
133	1 
134	17 
135	35 
136	16 
137	45 
138	44 
139	22 
140	1 
141	22 
142	20 
143	22 
144	22 
145	1 
146	18 
147	31 
148	16 
149	17 
150	32 
151	20 
152	1 
153	6 
154	1 
155	31 
156	44 
157	31 
158	18 
159	22 
160	31 
161	32 
162	39 
163	6 
164	39 
165	29 
166	16 
167	43 
168	32 
169	26 
170	14 
171	42 
172	31 
173	32 
174	9 
175	32 
176	42 
177	1 
178	18 
179	34 
180	16 
181	12 
182	35 
183	1 
184	31 
185	13 
186	18 
187	16 
188	39 
189	31 
190	22 
191	32 
192	15 
193	12 
194	11 
195	42 
196	39 
197	14 
198	16 
199	34 
200	35 
201	18 
202	35 
203	42 
204	39 
205	16 
206	16 
207	14 
208	39 
209	28 
210	29 
211	14 
212	10 
213	39 
214	22 
215	39 
216	42 
217	6 
218	22 
219	35 
220	34 
221	15 
222	1 
223	39 
224	16 
225	32 
226	7 
227	32 
228	12 
229	35 
230	35 
231	15 
232	16 
233	1 
234	1 
235	39 
236	22 
237	16 
238	20 
239	43 
240	39 
241	32 
242	9 
243	22 
244	16 
245	20 
246	17 
247	20 
248	16 
249	1 
250	20 
251	39 
252	7 
253	6 
254	35 
255	39 
256	6 
257	14 
258	39 
259	35 
260	22 
261	6 
262	31 
263	15 
264	16 
265	14 
266	14 
267	19 
268	24 
269	12 
270	22 
271	6 
272	32 
273	44 
274	18 
275	14 
276	12 
277	39 
278	29 
279	15 
280	14 
281	12 
282	22 
283	16 
284	20 
285	32 
286	45 
287	16 
288	19 
289	33 
290	32 
291	6 
292	32 
293	20 
294	22 
295	6 
296	42 
297	19 
298	35 
299	24 
300	39 
301	19 
302	35 
303	39 
304	44 
305	35 
306	8 
307	6 
308	22 
309	39 
310	20 
311	25 
312	45 
313	39 
314	15 
315	8 
316	39 
317	32 
318	42 
319	6 
320	1 
321	33 
322	31 
323	20 
324	26 
325	35 
326	31 
327	19 
328	31 
329	39 
330	14 
331	31 
332	42 
333	16 
334	14 
335	29 
336	20 
337	12 
338	6 
339	22 
340	16 
341	21 
342	22 
343	16 
344	39 
345	42 
346	45 
347	22 
348	1 
349	1 
350	1 
351	22 
352	35 
353	22 
354	33 
355	39 
356	20 
357	39 
358	36 
359	1 
360	6 
361	42 
362	20 
363	16 
364	30 
365	17 
366	31 
367	42 
368	31 
369	22 
370	35 
371	16 
372	20 
373	32 
374	22 
375	33 
376	32 
377	6 
378	20 
379	33 
380	44 
381	35 
382	1 
383	16 
384	34 
385	5 
386	14 
387	31 
388	14 
389	22 
390	32 
391	6 
392	16 
393	16 
394	39 
395	1 
396	39 
397	38 
398	31 
399	1 
400	36 
401	34 
402	15 
403	26 
404	15 
405	29 
406	39 
407	44 
408	20 
409	42 
410	44 
411	31 
412	1 
413	16 
414	12 
415	20 
416	33 
417	35 
418	1 
419	16 
420	35 
421	16 
422	35 
423	42 
424	25 
425	1 
426	17 
427	14 
428	39 
429	45 
430	22 
431	42 
432	39 
433	16 
434	6 
435	20 
436	22 
437	16 
438	8 
439	39 
440	22 
441	16 
442	8 
443	25 
444	13 
445	22 
446	32 
447	22 
448	1 
449	16 
450	31 
451	1 
452	33 
453	44 
454	6 
455	32 
456	6 
457	32 
458	14 
459	6 
460	21 
461	16 
462	39 
463	32 
464	44 
465	22 
466	10 
467	6 
468	40 
469	22 
470	1 
471	11 
472	24 
473	39 
474	39 
475	8 
476	16 
477	35 
478	13 
479	39 
480	41 
481	29 
482	6 
483	17 
484	17 
485	42 
486	32 
487	6 
488	1 
489	6 
490	6 
491	6 
492	22 
493	18 
494	27 
495	16 
496	32 
497	42 
498	35 
499	17 
500	40 
501	39 
502	35 
503	35 
504	42 
505	35 
506	22 
507	22 
508	28 
509	16 
510	39 
511	10 
512	35 
513	16 
514	32 
515	38 
516	6 
517	35 
518	1 
519	18 
520	39 
521	35 
522	39 
523	6 
524	1 
525	33 
526	31 
527	22 
528	32 
529	1 
530	15 
531	1 
532	44 
533	20 
534	45 
535	16 
536	6 
537	22 
538	16 
539	39 
540	40 
541	40 
542	31 
543	22 
544	43 
545	15 
546	1 
547	42 
548	38 
549	31 
550	1 
551	1 
552	18 
553	39 
554	39 
555	42 
556	1 
557	20 
558	42 
559	22 
560	1 
561	42 
562	14 
563	31 
564	22 
565	20 
566	39 
567	32 
568	20 
569	15 
570	24 
571	1 
572	22 
573	16 
574	16 
575	16 
576	14 
577	18 
578	16 
579	14 
580	1 
581	16 
582	36 
583	5 
584	11 
585	1 
586	39 
587	6 
588	18 
589	42 
590	42 
591	38 
592	31 
593	31 
594	32 
595	12 
596	38 
597	39 
598	39 
599	2 
600	22 
601	22 
602	34 
603	36 
604	20 
605	1 
606	17 
607	31 
608	22 
609	20 
610	6 
611	16 
612	31 
613	6 
614	8 
615	16 
616	31 
617	1 
618	32 
619	36 
620	39 
621	42 
622	16 
623	39 
624	20 
625	10 
626	39 
627	1 
628	14 
629	20 
630	39 
631	3 
632	12 
633	22 
634	16 
635	31 
636	32 
637	31 
638	37 
639	20 
640	18 
641	44 
642	39 
643	22 
644	16 
645	22 
646	7 
647	14 
648	18 
649	16 
650	33 
651	14 
652	16 
653	18 
654	18 
655	39 
656	31 
657	39 
658	34 
659	37 
660	16 
661	17 
662	16 
663	16 
664	2 
665	32 
666	39 
667	42 
668	19 
669	31 
670	39 
671	31 
672	32 
673	39 
674	19 
675	1 
676	16 
677	16 
678	20 
679	22 
680	31 
681	16 
682	42 
683	19 
684	6 
685	16 
686	39 
687	18 
688	20 
689	20 
690	16 
691	39 
692	16 
693	22 
694	31 
695	14 
696	6 
697	32 
698	18 
699	31 
700	20 
701	20 
702	6 
703	6 
704	31 
705	35 
706	16 
707	29 
708	22 
709	39 
710	39 
711	16 
712	3 
713	29 
714	22 
715	3 
716	6 
717	39 
718	29 
719	39 
720	39 
721	31 
722	44 
723	8 
724	31 
725	22 
726	45 
727	29 
728	44 
729	31 
730	22 
731	18 
732	20 
733	16 
734	35 
735	20 
736	31 
737	16 
738	16 
739	42 
740	16 
741	20 
742	31 
743	14 
744	23 
745	15 
746	25 
747	7 
748	32 
749	10 
750	22 
751	39 
752	1 
753	39 
754	18 
755	39 
756	15 
757	31 
758	16 
759	22 
760	22 
761	16 
762	36 
763	42 
764	31 
765	6 
766	1 
767	39 
768	1 
769	39 
770	22 
771	31 
772	22 
773	1 
774	13 
775	6 
776	31 
777	1 
778	22 
779	22 
780	45 
781	35 
782	17 
783	33 
784	45 
785	31 
786	39 
787	39 
788	45 
789	35 
790	22 
791	6 
792	31 
793	37 
794	16 
795	31 
796	7 
797	31 
798	42 
799	20 
800	35 
801	1 
802	20 
803	20 
804	36 
805	1 
806	1 
807	39 
808	6 
809	15 
810	37 
811	1 
812	6 
813	6 
814	27 
815	39 
816	31 
817	20 
818	9 
819	1 
820	31 
821	39 
822	16 
823	44 
824	45 
825	12 
826	20 
827	31 
828	23 
829	32 
830	15 
831	14 
832	22 
833	16 
834	14 
835	1 
836	35 
837	39 
838	32 
839	35 
840	34 
841	15 
842	13 
843	15 
844	20 
845	42 
846	6 
847	22 
848	39 
849	17 
850	12 
851	6 
852	16 
853	1 
854	20 
855	42 
856	20 
857	32 
858	6 
859	44 
860	33 
861	39 
862	20 
863	35 
864	23 
865	31 
866	15 
867	39 
868	1 
869	39 
870	17 
871	20 
872	31 
873	31 
874	1 
875	1 
876	31 
877	39 
878	8 
879	16 
880	22 
881	6 
882	22 
883	39 
884	6 
885	22 
886	20 
887	20 
888	9 
889	15 
890	31 
891	37 
892	6 
893	45 
894	14 
895	32 
896	6 
897	16 
898	18 
899	16 
900	35 
901	11 
902	16 
903	22 
904	44 
905	35 
906	29 
907	39 
908	22 
909	9 
910	3 
911	31 
912	14 
913	22 
914	1 
915	25 
916	44 
917	20 
918	22 
919	7 
920	22 
921	31 
922	45 
923	29 
924	22 
925	35 
926	20 
927	36 
928	44 
929	25 
930	11 
931	39 
932	34 
933	1 
934	22 
935	8 
936	8 
937	1 
938	16 
939	39 
940	18 
941	6 
942	18 
943	31 
944	31 
945	23 
946	42 
947	43 
948	16 
949	17 
950	35 
951	15 
952	22 
953	14 
954	16 
955	31 
956	12 
957	20 
958	30 
959	31 
960	17 
961	7 
962	1 
963	22 
964	6 
965	39 
966	34 
967	22 
968	39 
969	38 
970	39 
971	16 
972	3 
973	16 
974	1 
975	35 
976	16 
977	22 
978	35 
979	44 
980	22 
981	45 
982	42 
983	42 
984	15 
985	31 
986	35 
987	12 
988	36 
989	34 
990	2 
991	20 
992	42 
993	31 
994	24 
995	32 
996	32 
997	16 
998	22 
999	22 
1000	6 
1001	1 
1002	16 
1003	16 
1004	32 
1005	18 
1006	45 
1007	16 
1008	1 
1009	42 
1010	14 
1011	31 
1012	6 
1013	31 
1014	12 
1015	14 
1016	31 
1017	1 
1018	16 
1019	39 
1020	7 
1021	22 
1022	35 
1023	31 
1024	44 
1025	31 
1026	8 
1027	15 
1028	1 
1029	18 
1030	16 
1031	6 
1032	35 
1033	16 
1034	20 
1035	35 
1036	14 
1037	12 
1038	27 
1039	45 
1040	31 
1041	22 
1042	15 
1043	39 
1044	8 
1045	1 
1046	16 
1047	32 
1048	1 
1049	39 
1050	33 
1051	18 
1052	32 
1053	31 
1054	31 
1055	31 
1056	35 
1057	6 
1058	18 
1059	20 
1060	18 
1061	16 
1062	14 
1063	10 
1064	35 
1065	3 
1066	3 
1067	12 
1068	45 
1069	38 
1070	14 
1071	22 
1072	31 
1073	15 
1074	42 
1075	20 
1076	35 
1077	3 
1078	39 
1079	6 
1080	35 
1081	42 
1082	6 
1083	6 
1084	32 
1085	32 
1086	22 
1087	35 
1088	44 
1089	35 
1090	12 
1091	44 
1092	39 
1093	31 
1094	6 
1095	22 
1096	16 
1097	30 
1098	22 
1099	15 
1100	1 
1101	42 
1102	39 
1103	22 
1104	35 
1105	32 
1106	3 
1107	6 
1108	32 
1109	4 
1110	34 
1111	9 
1112	17 
1113	18 
1114	22 
1115	32 
1116	8 
1117	20 
1118	18 
1119	36 
1120	35 
1121	3 
1122	35 
1123	6 
1124	39 
1125	22 
1126	31 
1127	29 
1128	7 
1129	14 
1130	42 
1131	17 
1132	28 
1133	7 
1134	16 
1135	39 
1136	22 
1137	29 
1138	15 
1139	14 
1140	4 
1141	42 
1142	35 
1143	6 
1144	39 
1145	1 
1146	13 
1147	16 
1148	1 
1149	15 
1150	15 
1151	6 
1152	17 
1153	41 
1154	20 
1155	6 
1156	32 
1157	39 
1158	31 
1159	35 
1160	18 
1161	6 
1162	16 
1163	23 
1164	16 
1165	15 
1166	32 
1167	15 
1168	1 
1169	45 
1170	12 
1171	39 
1172	14 
1173	20 
1174	22 
1175	34 
1176	6 
1177	42 
1178	31 
1179	22 
1180	33 
1181	22 
1182	6 
1183	16 
1184	16 
1185	18 
1186	17 
1187	22 
1188	1 
1189	20 
1190	26 
1191	35 
1192	41 
1193	35 
1194	43 
1195	32 
1196	6 
1197	20 
1198	8 
1199	29 
1200	1 
1201	31 
1202	12 
1203	39 
1204	15 
1205	32 
1206	14 
1207	6 
1208	16 
1209	14 
1210	17 
1211	31 
1212	35 
1213	22 
1214	17 
1215	31 
1216	22 
1217	1 
1218	8 
1219	20 
1220	22 
1221	14 
1222	16 
1223	20 
1224	2 
1225	35 
1226	16 
1227	29 
1228	35 
1229	16 
1230	32 
1231	30 
1232	1 
1233	14 
1234	12 
1235	35 
1236	8 
1237	31 
1238	33 
1239	29 
1240	32 
1241	16 
1242	29 
1243	39 
1244	14 
1245	29 
1246	6 
1247	22 
1248	22 
1249	36 
1250	35 
1251	31 
1252	6 
1253	31 
1254	6 
1255	17 
1256	35 
1257	16 
1258	14 
1259	18 
1260	6 
1261	45 
1262	11 
1263	22 
1264	44 
1265	16 
1266	32 
1267	15 
1268	31 
1269	6 
1270	31 
1271	16 
1272	26 
1273	29 
1274	8 
1275	22 
1276	31 
1277	6 
1278	39 
1279	1 
1280	20 
1281	6 
1282	32 
1283	39 
1284	15 
1285	6 
1286	22 
1287	6 
1288	18 
1289	6 
1290	1 
1291	18 
1292	6 
1293	20 
1294	39 
1295	6 
1296	31 
1297	42 
1298	20 
1299	17 
1300	6 
1301	8 
1302	10 
1303	23 
1304	1 
1305	18 
1306	19 
1307	39 
1308	7 
1309	1 
1310	20 
1311	6 
1312	1 
1313	7 
1314	22 
1315	34 
1316	39 
1317	22 
1318	19 
1319	33 
1320	6 
1321	22 
1322	4 
1323	18 
1324	20 
1325	1 
1326	16 
1327	39 
1328	15 
1329	39 
1330	15 
1331	35 
1332	31 
1333	15 
1334	1 
1335	12 
1336	1 
1337	1 
1338	16 
1339	39 
1340	32 
1341	39 
1342	35 
1343	35 
1344	16 
1345	16 
1346	32 
1347	29 
1348	18 
1349	6 
1350	16 
1351	20 
1352	18 
1353	44 
1354	18 
1355	14 
1356	31 
1357	19 
1358	15 
1359	39 
1360	31 
1361	1 
1362	7 
1363	16 
1364	16 
1365	42 
1366	18 
1367	31 
1368	31 
1369	44 
1370	18 
1371	32 
1372	39 
1373	38 
1374	1 
1375	16 
1376	1 
1377	22 
1378	1 
1379	42 
1380	22 
1381	35 
1382	43 
1383	15 
1384	16 
1385	35 
1386	31 
1387	17 
1388	31 
1389	34 
1390	28 
1391	22 
1392	26 
1393	9 
1394	16 
1395	1 
1396	14 
1397	31 
1398	22 
1399	40 
1400	16 
1401	1 
1402	34 
1403	31 
1404	22 
1405	34 
1406	1 
1407	32 
1408	39 
1409	31 
1410	32 
1411	16 
1412	32 
1413	45 
1414	19 
1415	44 
1416	42 
1417	23 
1418	35 
1419	14 
1420	35 
1421	16 
1422	6 
1423	1 
1424	6 
1425	17 
1426	32 
1427	6 
1428	16 
1429	16 
1430	20 
1431	14 
1432	35 
1433	4 
1434	16 
1435	6 
1436	39 
1437	33 
1438	19 
1439	35 
1440	10 
1441	22 
1442	39 
1443	32 
1444	8 
1445	17 
1446	32 
1447	18 
1448	39 
1449	16 
1450	7 
1451	1 
1452	16 
1453	16 
1454	31 
1455	15 
1456	22 
1457	1 
1458	14 
1459	6 
1460	22 
1461	12 
1462	32 
1463	39 
1464	22 
1465	22 
1466	22 
1467	17 
1468	43 
1469	35 
1470	8 
1471	11 
1472	16 
1473	15 
1474	16 
1475	39 
1476	2 
1477	8 
1478	16 
1479	14 
1480	31 
1481	29 
1482	1 
1483	16 
1484	6 
1485	39 
1486	31 
1487	35 
1488	39 
1489	42 
1490	22 
1491	44 
1492	39 
1493	8 
1494	1 
1495	15 
1496	14 
1497	41 
1498	39 
1499	39 
1500	14 
1501	20 
1502	14 
1503	1 
1504	14 
1505	22 
1506	45 
1507	16 
1508	41 
1509	1 
1510	32 
1511	20 
1512	20 
1513	14 
1514	16 
1515	32 
1516	14 
1517	1 
1518	35 
1519	19 
1520	29 
1521	39 
1522	20 
1523	31 
1524	27 
1525	14 
1526	1 
1527	16 
1528	20 
1529	29 
1530	22 
1531	39 
1532	22 
1533	33 
1534	17 
1535	20 
1536	35 
1537	22 
1538	22 
1539	44 
1540	22 
1541	16 
1542	16 
1543	15 
1544	39 
1545	39 
1546	31 
1547	20 
1548	1 
1549	1 
1550	39 
1551	8 
1552	20 
1553	44 
1554	19 
1555	8 
1556	22 
1557	5 
1558	17 
1559	39 
1560	39 
1561	42 
1562	16 
1563	15 
1564	17 
1565	7 
1566	6 
1567	22 
1568	31 
1569	10 
1570	34 
1571	42 
1572	45 
1573	1 
1574	16 
1575	32 
1576	17 
1577	42 
1578	16 
1579	3 
1580	15 
1581	27 
1582	20 
1583	11 
1584	36 
1585	18 
1586	39 
1587	39 
1588	39 
1589	35 
1590	15 
1591	39 
1592	36 
1593	7 
1594	22 
1595	39 
1596	14 
1597	14 
1598	33 
1599	1 
1600	16 
1601	22 
1602	35 
1603	15 
1604	4 
1605	6 
1606	28 
1607	16 
1608	16 
1609	31 
1610	14 
1611	6 
1612	39 
1613	1 
1614	35 
1615	35 
1616	33 
1617	39 
1618	39 
1619	6 
1620	39 
1621	22 
1622	22 
1623	6 
1624	16 
1625	30 
1626	15 
1627	15 
1628	44 
1629	18 
1630	31 
1631	35 
1632	39 
1633	20 
1634	1 
1635	14 
1636	41 
1637	39 
1638	33 
1639	17 
1640	14 
1641	33 
1642	22 
1643	39 
1644	22 
1645	16 
1646	32 
1647	32 
1648	16 
1649	20 
1650	1 
1651	22 
1652	35 
1653	22 
1654	1 
1655	44 
1656	31 
1657	22 
1658	42 
1659	22 
1660	21 
1661	18 
1662	42 
1663	14 
1664	36 
1665	16 
1666	39 
1667	2 
1668	1 
1669	32 
1670	18 
1671	31 
1672	16 
1673	31 
1674	32 
1675	20 
1676	6 
1677	6 
1678	18 
1679	16 
1680	16 
1681	14 
1682	39 
1683	14 
1684	10 
1685	32 
1686	16 
1687	38 
1688	22 
1689	6 
1690	14 
1691	35 
1692	35 
1693	18 
1694	31 
1695	17 
1696	1 
1697	35 
1698	39 
1699	39 
1700	6 
1701	12 
1702	42 
1703	22 
1704	39 
1705	6 
1706	1 
1707	22 
1708	32 
1709	22 
1710	19 
1711	39 
1712	32 
1713	42 
1714	6 
1715	6 
1716	6 
1717	20 
1718	22 
1719	15 
1720	14 
1721	20 
1722	45 
1723	31 
1724	1 
1725	1 
1726	17 
1727	1 
1728	14 
1729	16 
1730	20 
1731	6 
1732	22 
1733	3 
1734	1 
1735	16 
1736	16 
1737	42 
1738	22 
1739	31 
1740	37 
1741	35 
1742	22 
1743	1 
1744	22 
1745	6 
1746	39 
1747	42 
1748	6 
1749	22 
1750	35 
1751	17 
1752	35 
1753	22 
1754	17 
1755	15 
1756	17 
1757	1 
1758	14 
1759	20 
1760	1 
1761	34 
1762	45 
1763	11 
1764	34 
1765	44 
1766	6 
1767	15 
1768	39 
1769	45 
1770	35 
1771	6 
1772	32 
1773	1 
1774	42 
1775	14 
1776	7 
1777	16 
1778	27 
1779	20 
1780	16 
1781	39 
1782	31 
1783	6 
1784	30 
1785	14 
1786	39 
1787	36 
1788	1 
1789	22 
1790	12 
1791	6 
1792	35 
1793	39 
1794	20 
1795	7 
1796	31 
1797	39 
1798	1 
1799	17 
1800	20 
1801	1 
1802	39 
1803	22 
1804	16 
1805	8 
1806	42 
1807	31 
1808	3 
1809	16 
1810	3 
1811	22 
1812	16 
1813	15 
1814	32 
1815	44 
1816	17 
1817	6 
1818	16 
1819	16 
1820	18 
1821	39 
1822	31 
1823	17 
1824	22 
1825	14 
1826	39 
1827	44 
1828	1 
1829	38 
1830	16 
1831	15 
1832	6 
1833	12 
1834	14 
1835	39 
1836	42 
1837	35 
1838	6 
1839	18 
1840	15 
1841	3 
1842	16 
1843	29 
1844	11 
1845	31 
1846	10 
1847	12 
1848	32 
1849	31 
1850	18 
1851	40 
1852	6 
1853	44 
1854	33 
1855	31 
1856	45 
1857	14 
1858	14 
1859	31 
1860	19 
1861	6 
1862	33 
1863	31 
1864	44 
1865	32 
1866	42 
1867	37 
1868	21 
1869	39 
1870	18 
1871	31 
1872	44 
1873	39 
1874	39 
1875	31 
1876	32 
1877	32 
1878	31 
1879	31 
1880	17 
1881	16 
1882	29 
1883	12 
1884	44 
1885	22 
1886	15 
1887	39 
1888	36 
1889	17 
1890	42 
1891	29 
1892	22 
1893	1 
1894	39 
1895	31 
1896	1 
1897	22 
1898	44 
1899	32 
1900	36 
1901	39 
1902	6 
1903	16 
1904	15 
1905	3 
1906	27 
1907	6 
1908	17 
1909	32 
1910	31 
1911	22 
1912	19 
1913	42 
1914	16 
1915	31 
1916	24 
1917	10 
1918	22 
1919	22 
1920	39 
1921	7 
1922	44 
1923	29 
1924	32 
1925	20 
1926	16 
1927	34 
1928	12 
1929	31 
1930	44 
1931	17 
1932	22 
1933	14 
1934	1 
1935	29 
1936	22 
1937	31 
1938	32 
1939	6 
1940	39 
1941	13 
1942	14 
1943	31 
1944	31 
1945	30 
1946	39 
1947	16 
1948	15 
1949	16 
1950	20 
1951	1 
1952	14 
1953	14 
1954	4 
1955	5 
1956	18 
1957	22 
1958	16 
1959	12 
1960	15 
1961	32 
1962	16 
1963	32 
1964	18 
1965	16 
1966	4 
1967	6 
1968	39 
1969	22 
1970	39 
1971	39 
1972	34 
1973	8 
1974	1 
1975	45 
1976	32 
1977	39 
1978	39 
1979	6 
1980	15 
1981	42 
1982	39 
1983	1 
1984	22 
1985	1 
1986	35 
1987	1 
1988	35 
1989	2 
1990	16 
1991	36 
1992	16 
1993	31 
1994	16 
1995	39 
1996	15 
1997	1 
1998	18 
1999	2 
2000	22 
2001	22 
2002	18 
2003	22 
2004	44 
2005	1 
2006	1 
2007	35 
2008	39 
2009	15 
2010	36 
2011	1 
2012	22 
2013	32 
2014	32 
2015	42 
2016	14 
2017	31 
2018	16 
2019	22 
2020	13 
2021	22 
2022	20 
2023	12 
2024	1 
2025	18 
2026	17 
2027	31 
2028	16 
2029	14 
2030	20 
2031	42 
2032	1 
2033	3 
2034	42 
2035	16 
2036	6 
2037	18 
2038	42 
2039	16 
2040	36 
2041	32 
2042	35 
2043	16 
2044	40 
2045	2 
2046	31 
2047	15 
2048	6 
2049	20 
2050	1 
2051	20 
2052	1 
2053	15 
2054	6 
2055	31 
2056	1 
2057	6 
2058	6 
2059	6 
2060	32 
2061	3 
2062	31 
2063	18 
2064	22 
2065	22 
2066	10 
2067	39 
2068	32 
2069	44 
2070	1 
2071	16 
2072	14 
2073	35 
2074	33 
2075	21 
2076	14 
2077	21 
2078	44 
2079	14 
2080	6 
2081	1 
2082	45 
2083	14 
2084	35 
2085	31 
2086	6 
2087	9 
2088	31 
2089	4 
2090	42 
2091	6 
2092	22 
2093	31 
2094	16 
2095	6 
2096	20 
2097	8 
2098	20 
2099	14 
2100	10 
2101	12 
2102	6 
2103	42 
2104	22 
2105	22 
2106	35 
2107	1 
2108	31 
2109	32 
2110	14 
2111	39 
2112	34 
2113	22 
2114	16 
2115	31 
2116	31 
2117	28 
2118	31 
2119	42 
2120	35 
2121	16 
2122	21 
2123	16 
2124	9 
2125	22 
2126	44 
2127	1 
2128	1 
2129	28 
2130	39 
2131	15 
2132	1 
2133	44 
2134	27 
2135	17 
2136	31 
2137	32 
2138	22 
2139	22 
2140	20 
2141	42 
2142	22 
2143	16 
2144	9 
2145	34 
2146	39 
2147	12 
2148	39 
2149	16 
2150	31 
2151	35 
2152	44 
2153	31 
2154	22 
2155	3 
2156	1 
2157	22 
2158	32 
2159	31 
2160	22 
2161	42 
2162	1 
2163	12 
2164	32 
2165	45 
2166	39 
2167	32 
2168	35 
2169	22 
2170	6 
2171	20 
2172	39 
2173	1 
2174	16 
2175	45 
2176	6 
2177	35 
2178	16 
2179	40 
2180	20 
2181	29 
2182	42 
2183	16 
2184	18 
2185	22 
2186	6 
2187	17 
2188	22 
2189	16 
2190	17 
2191	4 
2192	35 
2193	42 
2194	19 
2195	23 
2196	14 
2197	42 
2198	20 
2199	31 
2200	22 
2201	18 
2202	40 
2203	39 
2204	6 
2205	42 
2206	32 
2207	22 
2208	22 
2209	5 
2210	33 
2211	6 
2212	20 
2213	16 
2214	1 
2215	36 
2216	18 
2217	32 
2218	22 
2219	6 
2220	6 
2221	19 
2222	34 
2223	14 
2224	44 
2225	7 
2226	22 
2227	32 
2228	6 
2229	16 
2230	32 
2231	31 
2232	16 
2233	22 
2234	1 
2235	14 
2236	3 
2237	16 
2238	8 
2239	12 
2240	3 
2241	39 
2242	14 
2243	5 
2244	16 
2245	22 
2246	22 
2247	9 
2248	16 
2249	39 
2250	39 
2251	6 
2252	39 
2253	15 
2254	18 
2255	6 
2256	18 
2257	42 
2258	1 
2259	16 
2260	18 
2261	3 
2262	1 
2263	20 
2264	20 
2265	6 
2266	39 
2267	21 
2268	29 
2269	15 
2270	31 
2271	1 
2272	34 
2273	29 
2274	16 
2275	5 
2276	14 
2277	22 
2278	39 
2279	17 
2280	16 
2281	15 
2282	16 
2283	35 
2284	35 
2285	22 
2286	34 
2287	22 
2288	22 
2289	16 
2290	42 
2291	33 
2292	8 
2293	9 
2294	20 
2295	37 
2296	20 
2297	32 
2298	22 
2299	39 
2300	5 
2301	1 
2302	31 
2303	12 
2304	35 
2305	35 
2306	39 
2307	6 
2308	1 
2309	22 
2310	1 
2311	12 
2312	39 
2313	9 
2314	14 
2315	35 
2316	32 
2317	1 
2318	44 
2319	6 
2320	42 
2321	20 
2322	18 
2323	20 
2324	6 
2325	35 
2326	42 
2327	44 
2328	18 
2329	1 
2330	22 
2331	39 
2332	1 
2333	31 
2334	44 
2335	22 
2336	6 
2337	1 
2338	45 
2339	12 
2340	22 
2341	31 
2342	39 
2343	7 
2344	1 
2345	1 
2346	6 
2347	14 
2348	31 
2349	31 
2350	4 
2351	1 
2352	36 
2353	22 
2354	42 
2355	32 
2356	19 
2357	39 
2358	1 
2359	14 
2360	18 
2361	35 
2362	1 
2363	36 
2364	42 
2365	8 
2366	22 
2367	9 
2368	22 
2369	16 
2370	18 
2371	6 
2372	20 
2373	39 
2374	42 
2375	6 
2376	14 
2377	18 
2378	22 
2379	11 
2380	24 
2381	7 
2382	6 
2383	31 
2384	17 
2385	44 
2386	35 
2387	20 
2388	45 
2389	24 
2390	17 
2391	31 
2392	16 
2393	31 
2394	35 
2395	1 
2396	6 
2397	16 
2398	14 
2399	5 
2400	14 
2401	22 
2402	9 
2403	39 
2404	5 
2405	31 
2406	16 
2407	22 
2408	39 
2409	1 
2410	44 
2411	31 
2412	45 
2413	6 
2414	31 
2415	3 
2416	19 
2417	15 
2418	22 
2419	39 
2420	23 
2421	20 
2422	29 
2423	20 
2424	35 
2425	22 
2426	33 
2427	20 
2428	18 
2429	35 
2430	14 
2431	45 
2432	22 
2433	31 
2434	16 
2435	16 
2436	40 
2437	20 
2438	44 
2439	22 
2440	22 
2441	1 
2442	4 
2443	18 
2444	6 
2445	14 
2446	44 
2447	6 
2448	45 
2449	18 
2450	6 
2451	15 
2452	44 
2453	44 
2454	39 
2455	14 
2456	32 
2457	42 
2458	44 
2459	14 
2460	22 
2461	4 
2462	42 
2463	15 
2464	20 
2465	1 
2466	36 
2467	22 
2468	14 
2469	1 
2470	6 
2471	17 
2472	42 
2473	16 
2474	14 
2475	6 
2476	35 
2477	1 
2478	17 
2479	15 
2480	32 
2481	14 
2482	14 
2483	14 
2484	16 
2485	2 
2486	22 
2487	42 
2488	31 
2489	16 
2490	14 
2491	33 
2492	39 
2493	15 
2494	31 
2495	42 
2496	14 
2497	42 
2498	16 
2499	45 
2500	20 
2501	44 
2502	32 
2503	16 
2504	15 
2505	9 
2506	29 
2507	16 
2508	31 
2509	16 
2510	22 
2511	39 
2512	6 
2513	16 
2514	18 
2515	42 
2516	20 
2517	35 
2518	22 
2519	17 
2520	20 
2521	39 
2522	19 
2523	42 
2524	14 
2525	5 
2526	12 
2527	16 
2528	40 
2529	12 
2530	15 
2531	32 
2532	16 
2533	31 
2534	14 
2535	1 
2536	7 
2537	32 
2538	31 
2539	9 
2540	32 
2541	34 
2542	17 
2543	18 
2544	15 
2545	32 
2546	16 
2547	40 
2548	1 
2549	22 
2550	6 
2551	1 
2552	18 
2553	35 
2554	13 
2555	8 
2556	20 
2557	12 
2558	16 
2559	35 
2560	22 
2561	9 
2562	12 
2563	16 
2564	16 
2565	1 
2566	31 
2567	14 
2568	6 
2569	20 
2570	29 
2571	32 
2572	20 
2573	35 
2574	31 
2575	22 
2576	1 
2577	29 
2578	6 
2579	31 
2580	22 
2581	16 
2582	38 
2583	14 
2584	18 
2585	39 
2586	19 
2587	1 
2588	14 
2589	33 
2590	20 
2591	3 
2592	14 
2593	14 
2594	40 
2595	17 
2596	39 
2597	31 
2598	45 
2599	14 
2600	39 
2601	33 
2602	12 
2603	4 
2604	27 
2605	39 
2606	31 
2607	16 
2608	8 
2609	22 
2610	39 
2611	39 
2612	17 
2613	27 
2614	6 
2615	1 
2616	31 
2617	5 
2618	35 
2619	6 
2620	14 
2621	17 
2622	42 
2623	35 
2624	16 
2625	42 
2626	39 
2627	14 
2628	20 
2629	39 
2630	14 
2631	35 
2632	6 
2633	3 
2634	31 
2635	18 
2636	39 
2637	31 
2638	6 
2639	39 
2640	39 
2641	16 
2642	22 
2643	35 
2644	14 
2645	31 
2646	32 
2647	17 
2648	38 
2649	31 
2650	20 
2651	31 
2652	16 
2653	22 
2654	22 
2655	14 
2656	1 
2657	16 
2658	35 
2659	39 
2660	14 
2661	1 
2662	42 
2663	18 
2664	31 
2665	39 
2666	16 
2667	1 
2668	34 
2669	16 
2670	16 
2671	16 
2672	22 
2673	16 
2674	9 
2675	3 
2676	39 
2677	6 
2678	32 
2679	19 
2680	44 
2681	22 
2682	9 
2683	42 
2684	19 
2685	6 
2686	6 
2687	31 
2688	31 
2689	32 
2690	22 
2691	44 
2692	16 
2693	6 
2694	14 
2695	22 
2696	14 
2697	17 
2698	18 
2699	6 
2700	20 
2701	39 
2702	32 
2703	31 
2704	14 
2705	39 
2706	22 
2707	13 
2708	31 
2709	6 
2710	6 
2711	36 
2712	39 
2713	32 
2714	20 
2715	17 
2716	22 
2717	31 
2718	16 
2719	39 
2720	6 
2721	31 
2722	7 
2723	39 
2724	35 
2725	20 
2726	6 
2727	22 
2728	35 
2729	16 
2730	14 
2731	8 
2732	39 
2733	32 
2734	22 
2735	42 
2736	22 
2737	6 
2738	19 
2739	35 
2740	17 
2741	35 
2742	1 
2743	45 
2744	45 
2745	42 
2746	35 
2747	6 
2748	2 
2749	32 
2750	14 
2751	31 
2752	22 
2753	42 
2754	1 
2755	42 
2756	20 
2757	35 
2758	12 
2759	8 
2760	35 
2761	19 
2762	6 
2763	20 
2764	31 
2765	6 
2766	1 
2767	42 
2768	31 
2769	32 
2770	32 
2771	16 
2772	22 
2773	35 
2774	39 
2775	31 
2776	6 
2777	39 
2778	42 
2779	24 
2780	42 
2781	31 
2782	42 
2783	31 
2784	1 
2785	22 
2786	16 
2787	35 
2788	16 
2789	1 
2790	6 
2791	39 
2792	22 
2793	18 
2794	14 
2795	6 
2796	1 
2797	4 
2798	6 
2799	22 
2800	16 
2801	39 
2802	22 
2803	35 
2804	31 
2805	1 
2806	6 
2807	35 
2808	16 
2809	4 
2810	1 
2811	39 
2812	32 
2813	20 
2814	39 
2815	42 
2816	31 
2817	20 
2818	24 
2819	16 
2820	16 
2821	16 
2822	39 
2823	32 
2824	16 
2825	6 
2826	34 
2827	18 
2828	6 
2829	15 
2830	20 
2831	7 
2832	6 
2833	17 
2834	6 
2835	22 
2836	1 
2837	17 
2838	39 
2839	22 
2840	35 
2841	44 
2842	42 
2843	45 
2844	15 
2845	16 
2846	29 
2847	1 
2848	42 
2849	42 
2850	36 
2851	9 
2852	20 
2853	8 
2854	42 
2855	6 
2856	1 
2857	31 
2858	6 
2859	10 
2860	5 
2861	8 
2862	14 
2863	15 
2864	14 
2865	1 
2866	7 
2867	7 
2868	1 
2869	35 
2870	2 
2871	35 
2872	1 
2873	31 
2874	15 
2875	39 
2876	8 
2877	3 
2878	15 
2879	6 
2880	6 
2881	31 
2882	19 
2883	32 
2884	39 
2885	35 
2886	22 
2887	31 
2888	18 
2889	42 
2890	3 
2891	18 
2892	39 
2893	31 
2894	20 
2895	18 
2896	42 
2897	16 
2898	16 
2899	39 
2900	22 
2901	14 
2902	31 
2903	29 
2904	6 
2905	35 
2906	32 
2907	20 
2908	1 
2909	32 
2910	31 
2911	18 
2912	42 
2913	16 
2914	36 
2915	32 
2916	44 
2917	11 
2918	22 
2919	22 
2920	18 
2921	32 
2922	16 
2923	22 
2924	44 
2925	20 
2926	31 
2927	18 
2928	15 
2929	22 
2930	16 
2931	14 
2932	4 
2933	44 
2934	39 
2935	16 
2936	18 
2937	32 
2938	14 
2939	20 
2940	35 
2941	39 
2942	17 
2943	20 
2944	5 
2945	16 
2946	32 
2947	10 
2948	44 
2949	6 
2950	14 
2951	11 
2952	34 
2953	22 
2954	42 
2955	22 
2956	39 
2957	42 
2958	35 
2959	14 
2960	32 
2961	45 
2962	35 
2963	44 
2964	14 
2965	1 
2966	14 
2967	22 
2968	16 
2969	31 
2970	36 
2971	18 
2972	42 
2973	19 
2974	6 
2975	8 
2976	20 
2977	16 
2978	17 
2979	45 
2980	22 
2981	32 
2982	6 
2983	17 
2984	6 
2985	32 
2986	14 
2987	44 
2988	31 
2989	32 
2990	1 
2991	22 
2992	17 
2993	38 
2994	8 
2995	35 
2996	42 
2997	32 
2998	42 
2999	34 
3000	15 
3001	32 
3002	14 
3003	35 
3004	42 
3005	15 
3006	12 
3007	20 
3008	39 
3009	14 
3010	15 
3011	39 
3012	14 
3013	15 
3014	39 
3015	22 
3016	35 
3017	42 
3018	44 
3019	22 
3020	32 
3021	20 
3022	20 
3023	20 
3024	22 
3025	7 
3026	31 
3027	35 
3028	39 
3029	23 
3030	34 
3031	35 
3032	22 
3033	16 
3034	6 
3035	1 
3036	15 
3037	36 
3038	16 
3039	4 
3040	20 
3041	22 
3042	16 
3043	32 
3044	6 
3045	8 
3046	20 
3047	31 
3048	42 
3049	31 
3050	6 
3051	6 
3052	31 
3053	32 
3054	15 
3055	16 
3056	39 
3057	31 
3058	9 
3059	39 
3060	40 
3061	6 
3062	39 
3063	20 
3064	18 
3065	1 
3066	16 
3067	32 
3068	20 
3069	39 
3070	15 
3071	22 
3072	32 
3073	32 
3074	22 
3075	31 
3076	16 
3077	1 
3078	1 
3079	17 
3080	7 
3081	39 
3082	39 
3083	42 
3084	35 
3085	1 
3086	20 
3087	32 
3088	32 
3089	6 
3090	1 
3091	16 
3092	39 
3093	15 
3094	33 
3095	22 
3096	12 
3097	39 
3098	10 
3099	3 
3100	31 
3101	6 
3102	18 
3103	1 
3104	6 
3105	16 
3106	22 
3107	39 
3108	45 
3109	42 
3110	15 
3111	44 
3112	34 
3113	22 
3114	33 
3115	10 
3116	35 
3117	42 
3118	17 
3119	44 
3120	19 
3121	6 
3122	6 
3123	16 
3124	45 
3125	14 
3126	35 
3127	22 
3128	39 
3129	16 
3130	39 
3131	22 
3132	22 
3133	22 
3134	1 
3135	33 
3136	18 
3137	22 
3138	35 
3139	18 
3140	8 
3141	22 
3142	14 
3143	20 
3144	35 
3145	16 
3146	31 
3147	22 
3148	7 
3149	27 
3150	20 
3151	39 
3152	35 
3153	6 
3154	16 
3155	39 
3156	2 
3157	16 
3158	20 
3159	44 
3160	16 
3161	31 
3162	39 
3163	20 
3164	6 
3165	22 
3166	6 
3167	18 
3168	39 
3169	35 
3170	31 
3171	15 
3172	6 
3173	6 
3174	16 
3175	39 
3176	16 
3177	24 
3178	32 
3179	24 
3180	42 
3181	15 
3182	35 
3183	16 
3184	6 
3185	22 
3186	18 
3187	22 
3188	39 
3189	6 
3190	31 
3191	35 
3192	44 
3193	22 
3194	20 
3195	39 
3196	31 
3197	6 
3198	35 
3199	39 
3200	31 
3201	19 
3202	22 
3203	31 
3204	42 
3205	20 
3206	22 
3207	14 
3208	1 
3209	7 
3210	1 
3211	34 
3212	1 
3213	22 
3214	35 
3215	17 
3216	14 
3217	35 
3218	35 
3219	1 
3220	20 
3221	31 
3222	7 
3223	22 
3224	42 
3225	16 
3226	14 
3227	6 
3228	22 
3229	15 
3230	22 
3231	16 
3232	15 
3233	18 
3234	1 
3235	18 
3236	39 
3237	35 
3238	1 
3239	15 
3240	22 
3241	17 
3242	1 
3243	31 
3244	16 
3245	42 
3246	20 
3247	35 
3248	22 
3249	20 
3250	39 
3251	35 
3252	3 
3253	16 
3254	22 
3255	18 
3256	35 
3257	16 
3258	31 
3259	16 
3260	39 
3261	22 
3262	22 
3263	31 
3264	22 
3265	31 
3266	22 
3267	44 
3268	39 
3269	39 
3270	35 
3271	31 
3272	6 
3273	35 
3274	32 
3275	22 
3276	6 
3277	39 
3278	1 
3279	6 
3280	32 
3281	14 
3282	31 
3283	33 
3284	39 
3285	32 
3286	39 
3287	39 
3288	14 
3289	42 
3290	39 
3291	44 
3292	22 
3293	22 
3294	44 
3295	6 
3296	39 
3297	18 
3298	16 
3299	1 
3300	22 
3301	18 
3302	31 
3303	44 
3304	4 
3305	22 
3306	18 
3307	12 
3308	17 
3309	39 
3310	39 
3311	39 
3312	14 
3313	29 
3314	31 
3315	6 
3316	16 
3317	6 
3318	16 
3319	42 
3320	6 
3321	14 
3322	22 
3323	16 
3324	35 
3325	22 
3326	12 
3327	20 
3328	32 
3329	31 
3330	6 
3331	42 
3332	31 
3333	6 
3334	7 
3335	6 
3336	36 
3337	1 
3338	32 
3339	6 
3340	20 
3341	39 
3342	6 
3343	9 
3344	31 
3345	38 
3346	6 
3347	32 
3348	22 
3349	22 
3350	36 
3351	6 
3352	6 
3353	10 
3354	12 
3355	36 
3356	18 
3357	22 
3358	31 
3359	6 
3360	6 
3361	20 
3362	6 
3363	18 
3364	22 
3365	1 
3366	19 
3367	39 
3368	39 
3369	16 
3370	32 
3371	32 
3372	17 
3373	29 
3374	6 
3375	42 
3376	6 
3377	20 
3378	32 
3379	3 
3380	42 
3381	6 
3382	35 
3383	29 
3384	44 
3385	36 
3386	22 
3387	6 
3388	1 
3389	6 
3390	31 
3391	22 
3392	31 
3393	39 
3394	36 
3395	16 
3396	7 
3397	35 
3398	6 
3399	44 
3400	31 
3401	20 
3402	39 
3403	29 
3404	6 
3405	42 
3406	16 
3407	32 
3408	17 
3409	35 
3410	34 
3411	32 
3412	16 
3413	1 
3414	6 
3415	39 
3416	32 
3417	22 
3418	45 
3419	8 
3420	1 
3421	35 
3422	22 
3423	29 
3424	22 
3425	35 
3426	32 
3427	18 
3428	1 
3429	16 
3430	16 
3431	39 
3432	20 
3433	44 
3434	6 
3435	22 
3436	22 
3437	14 
3438	35 
3439	22 
3440	18 
3441	6 
3442	35 
3443	3 
3444	33 
3445	16 
3446	15 
3447	29 
3448	22 
3449	22 
3450	15 
3451	39 
3452	9 
3453	15 
3454	14 
3455	38 
3456	18 
3457	15 
3458	22 
3459	20 
3460	18 
3461	39 
3462	12 
3463	31 
3464	34 
3465	22 
3466	8 
3467	44 
3468	22 
3469	31 
3470	42 
3471	6 
3472	20 
3473	29 
3474	19 
3475	20 
3476	42 
3477	6 
3478	7 
3479	15 
3480	22 
3481	16 
3482	20 
3483	6 
3484	32 
3485	18 
3486	32 
3487	16 
3488	16 
3489	22 
3490	35 
3491	44 
3492	3 
3493	31 
3494	14 
3495	39 
3496	31 
3497	6 
3498	22 
3499	5 
3500	15 
3501	20 
3502	3 
3503	22 
3504	1 
3505	42 
3506	1 
3507	3 
3508	14 
3509	12 
3510	36 
3511	39 
3512	16 
3513	35 
3514	22 
3515	16 
3516	22 
3517	42 
3518	42 
3519	20 
3520	20 
3521	22 
3522	7 
3523	39 
3524	32 
3525	4 
3526	35 
3527	19 
3528	35 
3529	40 
3530	8 
3531	14 
3532	44 
3533	18 
3534	31 
3535	6 
3536	22 
3537	39 
3538	14 
3539	22 
3540	15 
3541	6 
3542	42 
3543	6 
3544	20 
3545	18 
3546	1 
3547	9 
3548	31 
3549	35 
3550	22 
3551	1 
3552	1 
3553	15 
3554	18 
3555	39 
3556	39 
3557	20 
3558	1 
3559	14 
3560	32 
3561	6 
3562	15 
3563	42 
3564	20 
3565	3 
3566	40 
3567	31 
3568	17 
3569	31 
3570	15 
3571	10 
3572	6 
3573	42 
3574	10 
3575	39 
3576	15 
3577	20 
3578	35 
3579	16 
3580	35 
3581	1 
3582	35 
3583	45 
3584	22 
3585	45 
3586	6 
3587	6 
3588	16 
3589	31 
3590	22 
3591	16 
3592	31 
3593	24 
3594	31 
3595	16 
3596	14 
3597	6 
3598	6 
3599	6 
3600	16 
3601	15 
3602	22 
3603	6 
3604	1 
3605	6 
3606	6 
3607	17 
3608	31 
3609	20 
3610	16 
3611	20 
3612	31 
3613	16 
3614	15 
3615	40 
3616	42 
3617	35 
3618	42 
3619	45 
3620	6 
3621	36 
3622	39 
3623	8 
3624	39 
3625	6 
3626	39 
3627	33 
3628	22 
3629	14 
3630	17 
3631	6 
3632	15 
3633	4 
3634	31 
3635	22 
3636	35 
3637	6 
3638	14 
3639	22 
3640	31 
3641	18 
3642	44 
3643	42 
3644	6 
3645	12 
3646	31 
3647	16 
3648	16 
3649	18 
3650	32 
3651	22 
3652	10 
3653	16 
3654	45 
3655	6 
3656	39 
3657	6 
3658	6 
3659	1 
3660	16 
3661	35 
3662	16 
3663	39 
3664	35 
3665	9 
3666	31 
3667	39 
3668	22 
3669	32 
3670	16 
3671	31 
3672	16 
3673	20 
3674	16 
3675	20 
3676	16 
3677	15 
3678	1 
3679	14 
3680	17 
3681	22 
3682	22 
3683	19 
3684	39 
3685	33 
3686	20 
3687	22 
3688	16 
3689	18 
3690	39 
3691	16 
3692	32 
3693	24 
3694	6 
3695	6 
3696	18 
3697	1 
3698	22 
3699	16 
3700	4 
3701	19 
3702	15 
3703	36 
3704	6 
3705	22 
3706	18 
3707	16 
3708	45 
3709	39 
3710	16 
3711	20 
3712	6 
3713	16 
3714	16 
3715	18 
3716	6 
3717	36 
3718	35 
3719	22 
3720	44 
3721	34 
3722	6 
3723	38 
3724	1 
3725	44 
3726	35 
3727	6 
3728	39 
3729	16 
3730	39 
3731	16 
3732	17 
3733	33 
3734	16 
3735	31 
3736	1 
3737	45 
3738	14 
3739	32 
3740	42 
3741	4 
3742	34 
3743	39 
3744	31 
3745	16 
3746	39 
3747	12 
3748	34 
3749	15 
3750	32 
3751	14 
3752	6 
3753	6 
3754	22 
3755	6 
3756	34 
3757	35 
3758	8 
3759	1 
3760	1 
3761	22 
3762	39 
3763	39 
3764	42 
3765	22 
3766	34 
3767	16 
3768	31 
3769	1 
3770	34 
3771	42 
3772	18 
3773	6 
3774	45 
3775	35 
3776	22 
3777	14 
3778	39 
3779	16 
3780	44 
3781	35 
3782	1 
3783	38 
3784	15 
3785	16 
3786	31 
3787	35 
3788	16 
3789	40 
3790	16 
3791	20 
3792	32 
3793	35 
3794	7 
3795	31 
3796	42 
3797	22 
3798	42 
3799	6 
3800	1 
3801	45 
3802	39 
3803	31 
3804	22 
3805	32 
3806	20 
3807	6 
3808	32 
3809	42 
3810	20 
3811	32 
3812	6 
3813	16 
3814	39 
3815	32 
3816	1 
3817	35 
3818	22 
3819	45 
3820	31 
3821	19 
3822	16 
3823	35 
3824	35 
3825	45 
3826	16 
3827	39 
3828	40 
3829	35 
3830	42 
3831	20 
3832	45 
3833	14 
3834	14 
3835	12 
3836	15 
3837	6 
3838	20 
3839	6 
3840	18 
3841	35 
3842	33 
3843	20 
3844	6 
3845	5 
3846	20 
3847	39 
3848	20 
3849	39 
3850	14 
3851	12 
3852	39 
3853	6 
3854	39 
3855	31 
3856	22 
3857	35 
3858	7 
3859	42 
3860	42 
3861	45 
3862	32 
3863	42 
3864	22 
3865	20 
3866	6 
3867	36 
3868	31 
3869	44 
3870	1 
3871	39 
3872	44 
3873	42 
3874	14 
3875	45 
3876	39 
3877	32 
3878	22 
3879	29 
3880	6 
3881	31 
3882	31 
3883	16 
3884	31 
3885	15 
3886	35 
3887	16 
3888	39 
3889	39 
3890	14 
3891	20 
3892	16 
3893	32 
3894	18 
3895	6 
3896	44 
3897	16 
3898	6 
3899	4 
3900	16 
3901	1 
3902	1 
3903	35 
3904	10 
3905	20 
3906	6 
3907	42 
3908	42 
3909	31 
3910	5 
3911	9 
3912	1 
3913	22 
3914	18 
3915	18 
3916	42 
3917	39 
3918	39 
3919	32 
3920	14 
3921	42 
3922	32 
3923	15 
3924	31 
3925	32 
3926	20 
3927	6 
3928	22 
3929	44 
3930	44 
3931	39 
3932	14 
3933	35 
3934	1 
3935	22 
3936	31 
3937	39 
3938	22 
3939	39 
3940	16 
3941	18 
3942	31 
3943	31 
3944	31 
3945	39 
3946	17 
3947	35 
3948	31 
3949	1 
3950	14 
3951	20 
3952	39 
3953	16 
3954	45 
3955	34 
3956	20 
3957	39 
3958	6 
3959	16 
3960	29 
3961	14 
3962	44 
3963	31 
3964	44 
3965	35 
3966	5 
3967	39 
3968	15 
3969	31 
3970	6 
3971	1 
3972	19 
3973	3 
3974	10 
3975	18 
3976	5 
3977	14 
3978	16 
3979	6 
3980	16 
3981	6 
3982	1 
3983	42 
3984	35 
3985	39 
3986	33 
3987	12 
3988	39 
3989	44 
3990	22 
3991	20 
3992	20 
3993	18 
3994	22 
3995	1 
3996	7 
3997	31 
3998	14 
3999	1 
4000	35 
4001	20 
4002	42 
4003	3 
4004	6 
4005	1 
4006	14 
4007	20 
4008	22 
4009	1 
4010	16 
4011	6 
4012	18 
4013	39 
4014	6 
4015	1 
4016	22 
4017	40 
4018	6 
4019	16 
4020	42 
4021	39 
4022	14 
4023	7 
4024	22 
4025	14 
4026	31 
4027	31 
4028	18 
4029	20 
4030	44 
4031	39 
4032	35 
4033	18 
4034	16 
4035	14 
4036	14 
4037	39 
4038	1 
4039	29 
4040	42 
4041	6 
4042	1 
4043	3 
4044	7 
4045	6 
4046	32 
4047	18 
4048	14 
4049	6 
4050	18 
4051	18 
4052	16 
4053	42 
4054	9 
4055	22 
4056	22 
4057	32 
4058	16 
4059	32 
4060	16 
4061	6 
4062	1 
4063	35 
4064	31 
4065	22 
4066	7 
4067	6 
4068	32 
4069	39 
4070	14 
4071	42 
4072	6 
4073	39 
4074	35 
4075	35 
4076	22 
4077	39 
4078	16 
4079	14 
4080	34 
4081	6 
4082	15 
4083	39 
4084	22 
4085	22 
4086	1 
4087	39 
4088	1 
4089	16 
4090	31 
4091	36 
4092	39 
4093	16 
4094	20 
4095	39 
4096	22 
4097	32 
4098	6 
4099	6 
4100	16 
4101	16 
4102	16 
4103	6 
4104	6 
4105	36 
4106	39 
4107	32 
4108	17 
4109	42 
4110	31 
4111	16 
4112	6 
4113	16 
4114	6 
4115	31 
4116	19 
4117	29 
4118	17 
4119	18 
4120	42 
4121	20 
4122	14 
4123	16 
4124	3 
4125	45 
4126	22 
4127	19 
4128	1 
4129	14 
4130	1 
4131	14 
4132	6 
4133	1 
4134	15 
4135	33 
4136	32 
4137	20 
4138	6 
4139	15 
4140	31 
4141	4 
4142	35 
4143	32 
4144	16 
4145	16 
4146	39 
4147	44 
4148	12 
4149	1 
4150	7 
4151	31 
4152	1 
4153	36 
4154	42 
4155	6 
4156	42 
4157	35 
4158	39 
4159	14 
4160	6 
4161	39 
4162	20 
4163	22 
4164	42 
4165	42 
4166	12 
4167	16 
4168	8 
4169	22 
4170	42 
4171	6 
4172	17 
4173	22 
4174	22 
4175	31 
4176	1 
4177	14 
4178	16 
4179	1 
4180	31 
4181	20 
4182	3 
4183	42 
4184	22 
4185	45 
4186	31 
4187	6 
4188	42 
4189	15 
4190	22 
4191	22 
4192	31 
4193	31 
4194	20 
4195	39 
4196	32 
4197	17 
4198	22 
4199	35 
4200	17 
4201	20 
4202	31 
4203	31 
4204	33 
4205	1 
4206	44 
4207	20 
4208	39 
4209	39 
4210	22 
4211	45 
4212	16 
4213	6 
4214	12 
4215	14 
4216	35 
4217	1 
4218	29 
4219	35 
4220	31 
4221	20 
4222	22 
4223	22 
4224	22 
4225	22 
4226	31 
4227	35 
4228	16 
4229	6 
4230	39 
4231	31 
4232	16 
4233	14 
4234	31 
4235	22 
4236	45 
4237	22 
4238	6 
4239	1 
4240	6 
4241	20 
4242	22 
4243	19 
4244	10 
4245	17 
4246	31 
4247	16 
4248	16 
4249	22 
4250	1 
4251	6 
4252	35 
4253	39 
4254	31 
4255	39 
4256	35 
4257	3 
4258	16 
4259	32 
4260	22 
4261	1 
4262	8 
4263	39 
4264	3 
4265	18 
4266	12 
4267	20 
4268	31 
4269	16 
4270	39 
4271	44 
4272	31 
4273	45 
4274	42 
4275	8 
4276	32 
4277	29 
4278	39 
4279	22 
4280	1 
4281	29 
4282	31 
4283	14 
4284	3 
4285	22 
4286	31 
4287	34 
4288	14 
4289	29 
4290	31 
4291	44 
4292	32 
4293	18 
4294	6 
4295	42 
4296	42 
4297	36 
4298	22 
4299	22 
4300	14 
4301	22 
4302	1 
4303	1 
4304	39 
4305	18 
4306	15 
4307	1 
4308	22 
4309	22 
4310	42 
4311	14 
4312	29 
4313	20 
4314	1 
4315	16 
4316	17 
4317	32 
4318	19 
4319	39 
4320	35 
4321	14 
4322	15 
4323	20 
4324	22 
4325	22 
4326	1 
4327	45 
4328	16 
4329	14 
4330	16 
4331	32 
4332	32 
4333	31 
4334	16 
4335	19 
4336	44 
4337	6 
4338	39 
4339	14 
4340	32 
4341	22 
4342	1 
4343	42 
4344	14 
4345	16 
4346	17 
4347	20 
4348	6 
4349	22 
4350	42 
4351	32 
4352	20 
4353	16 
4354	14 
4355	32 
4356	12 
4357	16 
4358	42 
4359	22 
4360	15 
4361	32 
4362	31 
4363	35 
4364	31 
4365	35 
4366	14 
4367	22 
4368	39 
4369	31 
4370	45 
4371	6 
4372	6 
4373	39 
4374	39 
4375	39 
4376	33 
4377	18 
4378	16 
4379	31 
4380	16 
4381	16 
4382	22 
4383	16 
4384	17 
4385	39 
4386	20 
4387	34 
4388	17 
4389	35 
4390	15 
4391	39 
4392	6 
4393	39 
4394	22 
4395	20 
4396	39 
4397	22 
4398	39 
4399	44 
4400	39 
4401	20 
4402	16 
4403	15 
4404	6 
4405	42 
4406	16 
4407	32 
4408	1 
4409	42 
4410	3 
4411	7 
4412	33 
4413	6 
4414	44 
4415	29 
4416	45 
4417	35 
4418	14 
4419	39 
4420	15 
4421	6 
4422	17 
4423	20 
4424	3 
4425	18 
4426	16 
4427	12 
4428	6 
4429	31 
4430	6 
4431	22 
4432	42 
4433	22 
4434	1 
4435	39 
4436	20 
4437	1 
4438	45 
4439	44 
4440	14 
4441	35 
4442	22 
4443	39 
4444	15 
4445	22 
4446	31 
4447	1 
4448	16 
4449	35 
4450	22 
4451	16 
4452	39 
4453	16 
4454	8 
4455	31 
4456	18 
4457	32 
4458	39 
4459	17 
4460	6 
4461	12 
4462	42 
4463	1 
4464	16 
4465	39 
4466	16 
4467	6 
4468	39 
4469	32 
4470	19 
4471	22 
4472	19 
4473	31 
4474	14 
4475	31 
4476	16 
4477	8 
4478	17 
4479	39 
4480	32 
4481	16 
4482	35 
4483	31 
4484	32 
4485	42 
4486	20 
4487	18 
4488	1 
4489	32 
4490	42 
4491	6 
4492	7 
4493	39 
4494	17 
4495	32 
4496	14 
4497	15 
4498	35 
4499	22 
4500	22 
4501	1 
4502	31 
4503	32 
4504	1 
4505	39 
4506	20 
4507	39 
4508	17 
4509	22 
4510	45 
4511	16 
4512	6 
4513	16 
4514	16 
4515	29 
4516	15 
4517	16 
4518	14 
4519	22 
4520	33 
4521	6 
4522	22 
4523	16 
4524	44 
4525	44 
4526	1 
4527	1 
4528	31 
4529	1 
4530	20 
4531	39 
4532	1 
4533	22 
4534	6 
4535	1 
4536	15 
4537	35 
4538	3 
4539	42 
4540	39 
4541	12 
4542	22 
4543	6 
4544	22 
4545	35 
4546	20 
4547	31 
4548	6 
4549	16 
4550	45 
4551	16 
4552	31 
4553	44 
4554	22 
4555	7 
4556	15 
4557	1 
4558	17 
4559	31 
4560	16 
4561	31 
4562	6 
4563	15 
4564	42 
4565	1 
4566	22 
4567	22 
4568	35 
4569	36 
4570	42 
4571	31 
4572	15 
4573	16 
4574	16 
4575	39 
4576	32 
4577	6 
4578	16 
4579	6 
4580	39 
4581	35 
4582	16 
4583	20 
4584	42 
4585	31 
4586	20 
4587	44 
4588	39 
4589	44 
4590	44 
4591	44 
4592	16 
4593	22 
4594	8 
4595	6 
4596	35 
4597	42 
4598	22 
4599	39 
4600	20 
4601	39 
4602	31 
4603	16 
4604	1 
4605	22 
4606	35 
4607	39 
4608	34 
4609	39 
4610	16 
4611	1 
4612	42 
4613	39 
4614	39 
4615	39 
4616	15 
4617	1 
4618	12 
4619	6 
4620	1 
4621	19 
4622	17 
4623	22 
4624	16 
4625	15 
4626	35 
4627	20 
4628	35 
4629	20 
4630	3 
4631	16 
4632	22 
4633	1 
4634	6 
4635	17 
4636	39 
4637	1 
4638	15 
4639	39 
4640	14 
4641	18 
4642	18 
4643	1 
4644	31 
4645	32 
4646	6 
4647	22 
4648	31 
4649	34 
4650	35 
4651	6 
4652	16 
4653	45 
4654	32 
4655	15 
4656	22 
4657	22 
4658	20 
4659	15 
4660	19 
4661	6 
4662	42 
4663	16 
4664	18 
4665	31 
4666	31 
4667	20 
4668	22 
4669	1 
4670	1 
4671	6 
4672	1 
4673	39 
4674	17 
4675	45 
4676	35 
4677	42 
4678	32 
4679	35 
4680	17 
4681	6 
4682	6 
4683	39 
4684	44 
4685	22 
4686	1 
4687	12 
4688	18 
4689	18 
4690	44 
4691	16 
4692	35 
4693	6 
4694	44 
4695	39 
4696	31 
4697	14 
4698	39 
4699	39 
4700	6 
4701	6 
4702	6 
4703	16 
4704	42 
4705	32 
4706	32 
4707	18 
4708	42 
4709	20 
4710	31 
4711	16 
4712	42 
4713	20 
4714	42 
4715	31 
4716	18 
4717	39 
4718	17 
4719	1 
4720	6 
4721	16 
4722	39 
4723	44 
4724	31 
4725	6 
4726	22 
4727	31 
4728	1 
4729	32 
4730	16 
4731	31 
4732	14 
4733	14 
4734	39 
4735	35 
4736	6 
4737	31 
4738	35 
4739	20 
4740	32 
4741	39 
4742	16 
4743	14 
4744	32 
4745	44 
4746	14 
4747	14 
4748	31 
4749	22 
4750	35 
4751	45 
4752	44 
4753	39 
4754	35 
4755	16 
4756	31 
4757	14 
4758	18 
4759	1 
4760	16 
4761	20 
4762	1 
4763	1 
4764	22 
4765	31 
4766	1 
4767	17 
4768	12 
4769	42 
4770	39 
4771	39 
4772	20 
4773	15 
4774	15 
4775	6 
4776	12 
4777	14 
4778	1 
4779	39 
4780	14 
4781	32 
4782	22 
4783	14 
4784	18 
4785	32 
4786	42 
4787	6 
4788	18 
4789	22 
4790	1 
4791	39 
4792	15 
4793	31 
4794	14 
4795	18 
4796	44 
4797	20 
4798	22 
4799	22 
4800	16 
4801	16 
4802	14 
4803	6 
4804	31 
4805	22 
4806	31 
4807	22 
4808	1 
4809	14 
4810	42 
4811	39 
4812	20 
4813	22 
4814	1 
4815	39 
4816	14 
4817	6 
4818	35 
4819	18 
4820	1 
4821	17 
4822	17 
4823	18 
4824	39 
4825	18 
4826	22 
4827	39 
4828	31 
4829	31 
4830	22 
4831	18 
4832	20 
4833	42 
4834	18 
4835	15 
4836	6 
4837	32 
4838	20 
4839	16 
4840	39 
4841	39 
4842	1 
4843	22 
4844	1 
4845	39 
4846	20 
4847	15 
4848	1 
4849	20 
4850	22 
4851	20 
4852	20 
4853	35 
4854	1 
4855	35 
4856	35 
4857	22 
4858	15 
4859	39 
4860	44 
4861	16 
4862	20 
4863	31 
4864	22 
4865	6 
4866	42 
4867	31 
4868	39 
4869	14 
4870	35 
4871	31 
4872	1 
4873	22 
4874	31 
4875	18 
4876	16 
4877	15 
4878	39 
4879	22 
4880	1 
4881	31 
4882	35 
4883	17 
4884	17 
4885	44 
4886	18 
4887	6 
4888	16 
4889	22 
4890	42 
4891	1 
4892	22 
4893	22 
4894	31 
4895	35 
4896	16 
4897	15 
4898	22 
4899	22 
4900	20 
4901	16 
4902	31 
4903	20 
4904	20 
4905	1 
4906	35 
4907	1 
4908	22 
4909	20 
4910	22 
4911	35 
4912	42 
4913	39 
4914	16 
4915	1 
4916	1 
4917	6 
4918	35 
4919	15 
4920	20 
4921	39 
4922	15 
4923	15 
4924	1 
4925	22 
4926	14 
4927	42 
4928	22 
4929	31 
4930	16 
4931	16 
4932	22 
4933	22 
4934	14 
4935	31 
4936	42 
4937	22 
4938	6 
4939	20 
4940	22 
4941	20 
4942	14 
4943	6 
4944	39 
4945	1 
4946	14 
4947	22 
4948	6 
4949	16 
4950	35 
4951	16 
4952	22 
4953	6 
4954	32 
4955	22 
4956	35 
4957	1 
4958	31 
4959	16 
4960	6 
4961	22 
4962	1 
4963	1 
4964	32 
4965	14 
4966	35 
4967	35 
4968	1 
4969	35 
4970	1 
4971	39 
4972	39 
4973	16 
4974	1 
4975	16 
4976	16 
4977	31 
4978	22 
4979	22 
4980	39 
4981	22 
4982	1 
4983	39 
4984	1 
4985	1 
4986	1 
4987	39 
4988	31 
4989	31 
4990	22 
4991	1 
4992	6 
4993	1 
4994	22 
4995	6 
4996	16 
4997	39 
4998	39 
4999	22 
5000	6 
