1	25 
2	4 
3	24 
4	11 
5	7 
6	24 
7	5 
8	7 
9	5 
10	8 
11	24 
12	26 
13	31 
14	16 
15	22 
16	18 
17	3 
18	19 
19	19 
20	8 
21	7 
22	2 
23	9 
24	2 
25	12 
26	14 
27	5 
28	10 
29	4 
30	26 
31	1 
32	31 
33	4 
34	9 
35	21 
36	2 
37	23 
38	17 
39	10 
40	31 
41	6 
42	16 
43	24 
44	29 
45	22 
46	3 
47	31 
48	9 
49	31 
50	9 
51	10 
52	11 
53	2 
54	20 
55	30 
56	13 
57	32 
58	18 
59	12 
60	1 
61	14 
62	31 
63	11 
64	16 
65	27 
66	7 
67	21 
68	27 
69	4 
70	18 
71	29 
72	2 
73	32 
74	30 
75	30 
76	2 
77	5 
78	15 
79	20 
80	15 
81	4 
82	31 
83	23 
84	32 
85	26 
86	5 
87	2 
88	29 
89	21 
90	23 
91	32 
92	10 
93	12 
94	23 
95	1 
96	8 
97	16 
98	5 
99	6 
100	22 
101	10 
102	27 
103	11 
104	14 
105	15 
106	21 
107	5 
108	9 
109	25 
110	20 
111	22 
112	10 
113	26 
114	5 
115	19 
116	21 
117	21 
118	10 
119	24 
120	30 
121	30 
122	25 
123	8 
124	27 
125	17 
126	1 
127	31 
128	4 
129	14 
130	22 
131	30 
132	32 
133	23 
134	16 
135	6 
136	22 
137	4 
138	12 
139	18 
140	15 
141	24 
142	21 
143	14 
144	26 
145	12 
146	11 
147	13 
148	27 
149	29 
150	7 
151	7 
152	20 
153	32 
154	21 
155	17 
156	31 
157	8 
158	14 
159	22 
160	9 
161	17 
162	5 
163	7 
164	8 
165	14 
166	17 
167	29 
168	9 
169	10 
170	21 
171	8 
172	17 
173	23 
174	31 
175	20 
176	8 
177	25 
178	31 
179	2 
180	2 
181	32 
182	30 
183	20 
184	31 
185	29 
186	28 
187	8 
188	29 
189	3 
190	8 
191	20 
192	18 
193	20 
194	2 
195	12 
196	12 
197	23 
198	18 
199	26 
200	25 
201	29 
202	9 
203	21 
204	12 
205	17 
206	27 
207	18 
208	14 
209	12 
210	24 
211	8 
212	26 
213	13 
214	20 
215	1 
216	29 
217	18 
218	4 
219	32 
220	21 
221	23 
222	2 
223	6 
224	12 
225	5 
226	15 
227	3 
228	22 
229	24 
230	17 
231	23 
232	12 
233	3 
234	16 
235	28 
236	3 
237	30 
238	27 
239	14 
240	28 
241	26 
242	4 
243	16 
244	12 
245	17 
246	11 
247	20 
248	3 
249	21 
250	29 
251	19 
252	14 
253	22 
254	15 
255	27 
256	30 
257	28 
258	12 
259	1 
260	9 
261	7 
262	16 
263	22 
264	16 
265	28 
266	5 
267	13 
268	25 
269	3 
270	22 
271	22 
272	20 
273	19 
274	2 
275	14 
276	21 
277	12 
278	20 
279	15 
280	4 
281	17 
282	21 
283	19 
284	21 
285	3 
286	25 
287	22 
288	12 
289	29 
290	8 
291	20 
292	23 
293	30 
294	29 
295	3 
296	5 
297	26 
298	16 
299	6 
300	12 
301	15 
302	27 
303	22 
304	6 
305	27 
306	2 
307	8 
308	6 
309	1 
310	3 
311	27 
312	5 
313	28 
314	20 
315	30 
316	6 
317	7 
318	2 
319	9 
320	10 
321	14 
322	2 
323	8 
324	18 
325	1 
326	19 
327	11 
328	28 
329	22 
330	12 
331	25 
332	10 
333	23 
334	22 
335	22 
336	16 
337	5 
338	4 
339	2 
340	4 
341	10 
342	30 
343	1 
344	6 
345	18 
346	19 
347	26 
348	27 
349	1 
350	4 
351	19 
352	1 
353	12 
354	5 
355	8 
356	6 
357	14 
358	24 
359	30 
360	28 
361	16 
362	18 
363	17 
364	27 
365	17 
366	29 
367	7 
368	17 
369	30 
370	13 
371	7 
372	19 
373	32 
374	26 
375	12 
376	29 
377	8 
378	11 
379	27 
380	3 
381	15 
382	31 
383	3 
384	30 
385	2 
386	27 
387	16 
388	3 
389	13 
390	9 
391	20 
392	22 
393	17 
394	19 
395	12 
396	1 
397	6 
398	4 
399	11 
400	11 
401	25 
402	7 
403	14 
404	15 
405	24 
406	24 
407	11 
408	19 
409	12 
410	14 
411	8 
412	1 
413	31 
414	2 
415	3 
416	29 
417	26 
418	18 
419	8 
420	1 
421	20 
422	23 
423	29 
424	28 
425	4 
426	2 
427	26 
428	10 
429	9 
430	16 
431	6 
432	12 
433	5 
434	11 
435	3 
436	1 
437	24 
438	18 
439	3 
440	27 
441	32 
442	5 
443	17 
444	15 
445	19 
446	11 
447	11 
448	4 
449	26 
450	2 
451	22 
452	25 
453	6 
454	20 
455	30 
456	10 
457	16 
458	2 
459	21 
460	27 
461	23 
462	26 
463	22 
464	28 
465	9 
466	24 
467	12 
468	32 
469	28 
470	1 
471	14 
472	30 
473	14 
474	17 
475	4 
476	4 
477	31 
478	10 
479	23 
480	11 
481	25 
482	8 
483	22 
484	17 
485	23 
486	17 
487	13 
488	23 
489	27 
490	28 
491	30 
492	9 
493	2 
494	23 
495	2 
496	17 
497	17 
498	1 
499	4 
500	29 
501	19 
502	22 
503	23 
504	27 
505	24 
506	27 
507	21 
508	3 
509	5 
510	9 
511	28 
512	15 
513	21 
514	4 
515	7 
516	30 
517	18 
518	13 
519	3 
520	12 
521	32 
522	4 
523	32 
524	30 
525	25 
526	5 
527	28 
528	29 
529	27 
530	3 
531	31 
532	22 
533	28 
534	26 
535	30 
536	3 
537	13 
538	9 
539	24 
540	1 
541	10 
542	24 
543	1 
544	8 
545	17 
546	16 
547	15 
548	30 
549	15 
550	22 
551	30 
552	23 
553	18 
554	1 
555	27 
556	29 
557	2 
558	7 
559	6 
560	15 
561	3 
562	8 
563	24 
564	15 
565	27 
566	28 
567	12 
568	17 
569	31 
570	5 
571	20 
572	18 
573	2 
574	26 
575	19 
576	26 
577	24 
578	28 
579	3 
580	22 
581	3 
582	5 
583	22 
584	31 
585	10 
586	8 
587	28 
588	16 
589	9 
590	15 
591	22 
592	8 
593	3 
594	29 
595	2 
596	26 
597	25 
598	7 
599	10 
600	20 
601	25 
602	16 
603	1 
604	14 
605	28 
606	13 
607	15 
608	18 
609	13 
610	12 
611	1 
612	17 
613	25 
614	18 
615	22 
616	27 
617	8 
618	13 
619	23 
620	26 
621	24 
622	17 
623	14 
624	5 
625	25 
626	18 
627	29 
628	8 
629	4 
630	23 
631	29 
632	23 
633	1 
634	19 
635	27 
636	20 
637	16 
638	6 
639	32 
640	22 
641	20 
642	1 
643	13 
644	14 
645	13 
646	29 
647	16 
648	24 
649	1 
650	27 
651	7 
652	5 
653	30 
654	22 
655	19 
656	1 
657	23 
658	30 
659	14 
660	12 
661	16 
662	29 
663	22 
664	17 
665	14 
666	17 
667	12 
668	31 
669	22 
670	27 
671	22 
672	32 
673	6 
674	10 
675	6 
676	22 
677	27 
678	14 
679	2 
680	18 
681	19 
682	4 
683	22 
684	13 
685	10 
686	10 
687	21 
688	28 
689	14 
690	14 
691	26 
692	7 
693	28 
694	9 
695	11 
696	2 
697	29 
698	8 
699	32 
700	5 
701	28 
702	6 
703	14 
704	23 
705	21 
706	14 
707	4 
708	23 
709	24 
710	8 
711	31 
712	31 
713	17 
714	30 
715	1 
716	27 
717	1 
718	7 
719	22 
720	11 
721	10 
722	21 
723	19 
724	4 
725	5 
726	30 
727	15 
728	14 
729	22 
730	5 
731	22 
732	17 
733	21 
734	27 
735	32 
736	28 
737	31 
738	16 
739	32 
740	11 
741	12 
742	23 
743	13 
744	23 
745	4 
746	5 
747	32 
748	22 
749	10 
750	28 
751	5 
752	30 
753	14 
754	20 
755	12 
756	9 
757	6 
758	29 
759	6 
760	4 
761	3 
762	21 
763	1 
764	26 
765	3 
766	5 
767	18 
768	25 
769	5 
770	12 
771	5 
772	24 
773	25 
774	27 
775	23 
776	29 
777	30 
778	2 
779	17 
780	26 
781	17 
782	29 
783	4 
784	5 
785	4 
786	18 
787	22 
788	15 
789	12 
790	7 
791	29 
792	26 
793	6 
794	28 
795	15 
796	26 
797	31 
798	1 
799	32 
800	16 
801	12 
802	29 
803	12 
804	30 
805	20 
806	9 
807	28 
808	12 
809	22 
810	17 
811	10 
812	29 
813	23 
814	32 
815	28 
816	23 
817	3 
818	19 
819	18 
820	4 
821	2 
822	29 
823	4 
824	6 
825	27 
826	32 
827	32 
828	2 
829	19 
830	12 
831	22 
832	20 
833	5 
834	9 
835	2 
836	29 
837	27 
838	21 
839	30 
840	6 
841	32 
842	27 
843	11 
844	32 
845	21 
846	31 
847	28 
848	30 
849	31 
850	21 
851	3 
852	4 
853	5 
854	3 
855	1 
856	2 
857	16 
858	9 
859	26 
860	4 
861	10 
862	24 
863	1 
864	30 
865	19 
866	17 
867	15 
868	20 
869	31 
870	18 
871	15 
872	30 
873	31 
874	32 
875	22 
876	18 
877	12 
878	12 
879	1 
880	27 
881	32 
882	1 
883	1 
884	24 
885	28 
886	23 
887	9 
888	26 
889	11 
890	4 
891	28 
892	3 
893	7 
894	31 
895	28 
896	29 
897	2 
898	18 
899	6 
900	10 
901	19 
902	6 
903	4 
904	3 
905	10 
906	23 
907	24 
908	2 
909	21 
910	13 
911	27 
912	25 
913	31 
914	12 
915	32 
916	27 
917	25 
918	4 
919	14 
920	26 
921	28 
922	29 
923	14 
924	14 
925	13 
926	29 
927	21 
928	30 
929	7 
930	12 
931	14 
932	16 
933	6 
934	22 
935	32 
936	13 
937	20 
938	9 
939	3 
940	30 
941	9 
942	24 
943	30 
944	24 
945	31 
946	14 
947	2 
948	16 
949	5 
950	11 
951	18 
952	17 
953	8 
954	12 
955	27 
956	28 
957	12 
958	7 
959	12 
960	31 
961	18 
962	3 
963	31 
964	13 
965	6 
966	27 
967	9 
968	5 
969	26 
970	5 
971	25 
972	6 
973	23 
974	18 
975	6 
976	30 
977	18 
978	1 
979	27 
980	4 
981	20 
982	4 
983	10 
984	5 
985	28 
986	28 
987	14 
988	14 
989	21 
990	22 
991	31 
992	9 
993	10 
994	6 
995	2 
996	29 
997	18 
998	15 
999	24 
1000	5 
1001	26 
1002	32 
1003	9 
1004	19 
1005	11 
1006	14 
1007	28 
1008	24 
1009	1 
1010	22 
1011	27 
1012	20 
1013	12 
1014	31 
1015	17 
1016	29 
1017	5 
1018	9 
1019	28 
1020	28 
1021	30 
1022	5 
1023	16 
1024	28 
1025	14 
1026	17 
1027	20 
1028	7 
1029	21 
1030	12 
1031	20 
1032	29 
1033	23 
1034	9 
1035	1 
1036	30 
1037	23 
1038	30 
1039	24 
1040	29 
1041	15 
1042	11 
1043	7 
1044	16 
1045	6 
1046	30 
1047	5 
1048	12 
1049	5 
1050	4 
1051	5 
1052	2 
1053	15 
1054	30 
1055	11 
1056	20 
1057	22 
1058	28 
1059	29 
1060	21 
1061	17 
1062	5 
1063	7 
1064	19 
1065	18 
1066	22 
1067	24 
1068	27 
1069	25 
1070	32 
1071	31 
1072	24 
1073	14 
1074	28 
1075	13 
1076	12 
1077	23 
1078	26 
1079	32 
1080	21 
1081	25 
1082	25 
1083	14 
1084	20 
1085	2 
1086	27 
1087	23 
1088	10 
1089	19 
1090	7 
1091	20 
1092	10 
1093	4 
1094	2 
1095	14 
1096	15 
1097	22 
1098	25 
1099	14 
1100	26 
1101	31 
1102	22 
1103	30 
1104	4 
1105	12 
1106	11 
1107	3 
1108	1 
1109	1 
1110	29 
1111	9 
1112	31 
1113	30 
1114	27 
1115	3 
1116	11 
1117	30 
1118	11 
1119	16 
1120	28 
1121	26 
1122	22 
1123	32 
1124	15 
1125	6 
1126	4 
1127	31 
1128	25 
1129	13 
1130	31 
1131	30 
1132	11 
1133	19 
1134	22 
1135	8 
1136	10 
1137	28 
1138	22 
1139	31 
1140	31 
1141	8 
1142	30 
1143	29 
1144	1 
1145	3 
1146	13 
1147	31 
1148	23 
1149	29 
1150	27 
1151	17 
1152	5 
1153	4 
1154	2 
1155	22 
1156	17 
1157	31 
1158	21 
1159	4 
1160	19 
1161	22 
1162	19 
1163	31 
1164	28 
1165	2 
1166	6 
1167	29 
1168	19 
1169	31 
1170	31 
1171	21 
1172	27 
1173	19 
1174	31 
1175	2 
1176	20 
1177	1 
1178	8 
1179	32 
1180	19 
1181	24 
1182	28 
1183	23 
1184	16 
1185	1 
1186	24 
1187	16 
1188	26 
1189	10 
1190	15 
1191	22 
1192	20 
1193	32 
1194	14 
1195	30 
1196	23 
1197	30 
1198	22 
1199	32 
1200	4 
1201	17 
1202	15 
1203	6 
1204	27 
1205	18 
1206	13 
1207	14 
1208	5 
1209	23 
1210	12 
1211	22 
1212	3 
1213	5 
1214	4 
1215	19 
1216	13 
1217	7 
1218	22 
1219	15 
1220	26 
1221	11 
1222	31 
1223	13 
1224	31 
1225	31 
1226	16 
1227	31 
1228	31 
1229	24 
1230	29 
1231	12 
1232	12 
1233	12 
1234	6 
1235	28 
1236	4 
1237	31 
1238	23 
1239	14 
1240	24 
1241	23 
1242	16 
1243	26 
1244	32 
1245	3 
1246	32 
1247	21 
1248	2 
1249	28 
1250	12 
1251	15 
1252	9 
1253	10 
1254	24 
1255	22 
1256	9 
1257	15 
1258	25 
1259	12 
1260	5 
1261	23 
1262	20 
1263	11 
1264	7 
1265	31 
1266	22 
1267	20 
1268	19 
1269	12 
1270	24 
1271	27 
1272	17 
1273	22 
1274	9 
1275	9 
1276	1 
1277	10 
1278	23 
1279	11 
1280	12 
1281	19 
1282	14 
1283	30 
1284	16 
1285	29 
1286	22 
1287	11 
1288	2 
1289	30 
1290	10 
1291	31 
1292	18 
1293	5 
1294	20 
1295	31 
1296	29 
1297	22 
1298	16 
1299	12 
1300	10 
1301	20 
1302	29 
1303	23 
1304	2 
1305	2 
1306	27 
1307	30 
1308	29 
1309	1 
1310	21 
1311	32 
1312	20 
1313	24 
1314	2 
1315	5 
1316	30 
1317	27 
1318	24 
1319	29 
1320	19 
1321	3 
1322	2 
1323	31 
1324	19 
1325	15 
1326	24 
1327	28 
1328	23 
1329	17 
1330	22 
1331	8 
1332	18 
1333	1 
1334	22 
1335	4 
1336	16 
1337	18 
1338	31 
1339	13 
1340	17 
1341	19 
1342	2 
1343	9 
1344	22 
1345	10 
1346	18 
1347	29 
1348	31 
1349	25 
1350	10 
1351	18 
1352	22 
1353	24 
1354	25 
1355	24 
1356	11 
1357	16 
1358	24 
1359	30 
1360	12 
1361	28 
1362	10 
1363	16 
1364	11 
1365	10 
1366	7 
1367	5 
1368	3 
1369	23 
1370	27 
1371	8 
1372	22 
1373	12 
1374	12 
1375	28 
1376	17 
1377	15 
1378	4 
1379	4 
1380	19 
1381	29 
1382	20 
1383	29 
1384	25 
1385	31 
1386	18 
1387	5 
1388	27 
1389	26 
1390	15 
1391	32 
1392	1 
1393	26 
1394	8 
1395	22 
1396	19 
1397	10 
1398	21 
1399	11 
1400	32 
1401	11 
1402	16 
1403	16 
1404	28 
1405	27 
1406	17 
1407	21 
1408	20 
1409	32 
1410	7 
1411	9 
1412	22 
1413	15 
1414	29 
1415	23 
1416	1 
1417	30 
1418	9 
1419	25 
1420	26 
1421	25 
1422	22 
1423	21 
1424	24 
1425	2 
1426	5 
1427	13 
1428	2 
1429	20 
1430	31 
1431	24 
1432	2 
1433	1 
1434	10 
1435	18 
1436	19 
1437	11 
1438	1 
1439	20 
1440	20 
1441	26 
1442	18 
1443	4 
1444	22 
1445	2 
1446	4 
1447	30 
1448	7 
1449	30 
1450	11 
1451	28 
1452	24 
1453	21 
1454	6 
1455	11 
1456	8 
1457	6 
1458	21 
1459	19 
1460	30 
1461	15 
1462	2 
1463	31 
1464	18 
1465	10 
1466	27 
1467	5 
1468	13 
1469	13 
1470	17 
1471	9 
1472	30 
1473	26 
1474	10 
1475	22 
1476	11 
1477	17 
1478	11 
1479	25 
1480	18 
1481	3 
1482	3 
1483	32 
1484	8 
1485	30 
1486	29 
1487	15 
1488	29 
1489	5 
1490	19 
1491	29 
1492	18 
1493	8 
1494	14 
1495	31 
1496	32 
1497	28 
1498	6 
1499	4 
1500	19 
1501	5 
1502	7 
1503	22 
1504	3 
1505	26 
1506	20 
1507	24 
1508	4 
1509	9 
1510	5 
1511	20 
1512	22 
1513	2 
1514	3 
1515	17 
1516	7 
1517	14 
1518	16 
1519	12 
1520	8 
1521	25 
1522	5 
1523	31 
1524	27 
1525	29 
1526	29 
1527	21 
1528	21 
1529	27 
1530	9 
1531	2 
1532	5 
1533	2 
1534	21 
1535	20 
1536	32 
1537	30 
1538	30 
1539	32 
1540	1 
1541	15 
1542	27 
1543	20 
1544	12 
1545	11 
1546	1 
1547	24 
1548	29 
1549	12 
1550	2 
1551	30 
1552	13 
1553	25 
1554	13 
1555	5 
1556	32 
1557	18 
1558	6 
1559	4 
1560	5 
1561	29 
1562	18 
1563	24 
1564	30 
1565	18 
1566	21 
1567	4 
1568	20 
1569	1 
1570	27 
1571	24 
1572	17 
1573	17 
1574	17 
1575	24 
1576	30 
1577	32 
1578	32 
1579	28 
1580	29 
1581	6 
1582	32 
1583	24 
1584	24 
1585	1 
1586	29 
1587	13 
1588	2 
1589	20 
1590	29 
1591	1 
1592	20 
1593	11 
1594	32 
1595	19 
1596	22 
1597	25 
1598	28 
1599	5 
1600	30 
1601	24 
1602	8 
1603	30 
1604	21 
1605	29 
1606	10 
1607	6 
1608	18 
1609	32 
1610	20 
1611	14 
1612	15 
1613	19 
1614	18 
1615	2 
1616	6 
1617	12 
1618	25 
1619	5 
1620	5 
1621	20 
1622	4 
1623	6 
1624	24 
1625	13 
1626	2 
1627	1 
1628	1 
1629	8 
1630	21 
1631	22 
1632	20 
1633	15 
1634	31 
1635	16 
1636	14 
1637	29 
1638	10 
1639	14 
1640	25 
1641	15 
1642	31 
1643	17 
1644	1 
1645	28 
1646	6 
1647	26 
1648	15 
1649	19 
1650	22 
1651	20 
1652	31 
1653	1 
1654	30 
1655	30 
1656	12 
1657	31 
1658	2 
1659	23 
1660	23 
1661	2 
1662	29 
1663	6 
1664	22 
1665	25 
1666	16 
1667	27 
1668	30 
1669	4 
1670	6 
1671	31 
1672	26 
1673	9 
1674	12 
1675	7 
1676	22 
1677	30 
1678	29 
1679	29 
1680	25 
1681	32 
1682	3 
1683	26 
1684	8 
1685	17 
1686	23 
1687	30 
1688	8 
1689	20 
1690	1 
1691	6 
1692	29 
1693	12 
1694	30 
1695	9 
1696	6 
1697	4 
1698	10 
1699	3 
1700	28 
1701	22 
1702	15 
1703	1 
1704	32 
1705	32 
1706	3 
1707	31 
1708	9 
1709	18 
1710	2 
1711	27 
1712	6 
1713	29 
1714	20 
1715	32 
1716	10 
1717	3 
1718	29 
1719	16 
1720	31 
1721	27 
1722	8 
1723	20 
1724	31 
1725	32 
1726	12 
1727	5 
1728	20 
1729	9 
1730	22 
1731	11 
1732	26 
1733	22 
1734	13 
1735	24 
1736	7 
1737	32 
1738	28 
1739	24 
1740	15 
1741	32 
1742	3 
1743	32 
1744	26 
1745	27 
1746	6 
1747	1 
1748	2 
1749	3 
1750	28 
1751	32 
1752	5 
1753	24 
1754	10 
1755	11 
1756	18 
1757	11 
1758	18 
1759	28 
1760	25 
1761	14 
1762	19 
1763	22 
1764	23 
1765	29 
1766	4 
1767	7 
1768	8 
1769	23 
1770	19 
1771	28 
1772	7 
1773	28 
1774	19 
1775	29 
1776	11 
1777	12 
1778	19 
1779	27 
1780	25 
1781	6 
1782	12 
1783	30 
1784	16 
1785	1 
1786	8 
1787	27 
1788	10 
1789	3 
1790	27 
1791	3 
1792	13 
1793	12 
1794	20 
1795	4 
1796	2 
1797	26 
1798	32 
1799	4 
1800	31 
1801	28 
1802	3 
1803	1 
1804	5 
1805	31 
1806	3 
1807	3 
1808	12 
1809	30 
1810	14 
1811	5 
1812	3 
1813	8 
1814	12 
1815	18 
1816	27 
1817	4 
1818	1 
1819	30 
1820	20 
1821	11 
1822	30 
1823	12 
1824	9 
1825	26 
1826	25 
1827	32 
1828	8 
1829	11 
1830	2 
1831	26 
1832	6 
1833	16 
1834	23 
1835	8 
1836	8 
1837	17 
1838	23 
1839	19 
1840	1 
1841	20 
1842	20 
1843	27 
1844	31 
1845	31 
1846	23 
1847	23 
1848	28 
1849	11 
1850	8 
1851	11 
1852	16 
1853	18 
1854	27 
1855	8 
1856	26 
1857	23 
1858	23 
1859	15 
1860	20 
1861	29 
1862	3 
1863	24 
1864	26 
1865	6 
1866	11 
1867	18 
1868	20 
1869	25 
1870	9 
1871	14 
1872	12 
1873	18 
1874	4 
1875	15 
1876	25 
1877	2 
1878	17 
1879	16 
1880	28 
1881	25 
1882	27 
1883	23 
1884	1 
1885	30 
1886	8 
1887	6 
1888	12 
1889	32 
1890	25 
1891	8 
1892	14 
1893	2 
1894	16 
1895	8 
1896	13 
1897	19 
1898	28 
1899	22 
1900	23 
1901	19 
1902	20 
1903	31 
1904	7 
1905	19 
1906	10 
1907	25 
1908	10 
1909	3 
1910	13 
1911	32 
1912	11 
1913	20 
1914	11 
1915	13 
1916	31 
1917	3 
1918	29 
1919	30 
1920	6 
1921	4 
1922	5 
1923	1 
1924	19 
1925	12 
1926	4 
1927	18 
1928	13 
1929	14 
1930	26 
1931	30 
1932	2 
1933	7 
1934	14 
1935	22 
1936	21 
1937	22 
1938	12 
1939	22 
1940	31 
1941	13 
1942	30 
1943	22 
1944	29 
1945	22 
1946	32 
1947	14 
1948	4 
1949	20 
1950	29 
1951	12 
1952	1 
1953	25 
1954	22 
1955	15 
1956	2 
1957	22 
1958	23 
1959	10 
1960	3 
1961	18 
1962	6 
1963	28 
1964	9 
1965	15 
1966	2 
1967	23 
1968	17 
1969	22 
1970	30 
1971	22 
1972	8 
1973	32 
1974	1 
1975	22 
1976	26 
1977	15 
1978	17 
1979	13 
1980	27 
1981	20 
1982	15 
1983	6 
1984	6 
1985	10 
1986	32 
1987	16 
1988	27 
1989	19 
1990	4 
1991	12 
1992	16 
1993	25 
1994	24 
1995	17 
1996	6 
1997	12 
1998	15 
1999	12 
2000	25 
2001	10 
2002	9 
2003	19 
2004	16 
2005	5 
2006	5 
2007	8 
2008	11 
2009	16 
2010	22 
2011	17 
2012	17 
2013	12 
2014	23 
2015	32 
2016	27 
2017	19 
2018	31 
2019	22 
2020	27 
2021	17 
2022	22 
2023	15 
2024	12 
2025	29 
2026	16 
2027	30 
2028	12 
2029	22 
2030	13 
2031	25 
2032	14 
2033	3 
2034	7 
2035	22 
2036	23 
2037	14 
2038	24 
2039	22 
2040	3 
2041	2 
2042	22 
2043	19 
2044	31 
2045	11 
2046	14 
2047	28 
2048	22 
2049	4 
2050	29 
2051	3 
2052	3 
2053	4 
2054	4 
2055	13 
2056	25 
2057	16 
2058	11 
2059	3 
2060	27 
2061	13 
2062	4 
2063	6 
2064	21 
2065	13 
2066	24 
2067	27 
2068	4 
2069	32 
2070	11 
2071	25 
2072	3 
2073	11 
2074	29 
2075	11 
2076	3 
2077	21 
2078	8 
2079	6 
2080	28 
2081	16 
2082	28 
2083	22 
2084	11 
2085	25 
2086	22 
2087	28 
2088	15 
2089	6 
2090	28 
2091	5 
2092	28 
2093	31 
2094	11 
2095	3 
2096	19 
2097	8 
2098	1 
2099	32 
2100	6 
2101	6 
2102	28 
2103	22 
2104	18 
2105	22 
2106	30 
2107	30 
2108	24 
2109	16 
2110	16 
2111	29 
2112	14 
2113	9 
2114	6 
2115	11 
2116	8 
2117	1 
2118	31 
2119	28 
2120	8 
2121	4 
2122	24 
2123	2 
2124	14 
2125	1 
2126	23 
2127	22 
2128	9 
2129	9 
2130	24 
2131	32 
2132	14 
2133	11 
2134	31 
2135	29 
2136	8 
2137	8 
2138	22 
2139	19 
2140	4 
2141	6 
2142	1 
2143	8 
2144	32 
2145	21 
2146	24 
2147	28 
2148	23 
2149	23 
2150	15 
2151	17 
2152	12 
2153	8 
2154	8 
2155	17 
2156	24 
2157	30 
2158	8 
2159	30 
2160	26 
2161	1 
2162	2 
2163	20 
2164	13 
2165	15 
2166	12 
2167	5 
2168	31 
2169	29 
2170	11 
2171	30 
2172	11 
2173	27 
2174	20 
2175	18 
2176	4 
2177	23 
2178	6 
2179	31 
2180	28 
2181	5 
2182	20 
2183	28 
2184	4 
2185	19 
2186	12 
2187	23 
2188	20 
2189	13 
2190	25 
2191	8 
2192	24 
2193	5 
2194	16 
2195	25 
2196	18 
2197	25 
2198	13 
2199	21 
2200	4 
2201	29 
2202	1 
2203	29 
2204	6 
2205	26 
2206	19 
2207	31 
2208	27 
2209	14 
2210	21 
2211	12 
2212	19 
2213	5 
2214	9 
2215	1 
2216	3 
2217	26 
2218	24 
2219	4 
2220	23 
2221	30 
2222	22 
2223	3 
2224	4 
2225	17 
2226	9 
2227	26 
2228	26 
2229	6 
2230	28 
2231	4 
2232	25 
2233	31 
2234	32 
2235	19 
2236	6 
2237	15 
2238	21 
2239	22 
2240	20 
2241	24 
2242	6 
2243	2 
2244	11 
2245	9 
2246	2 
2247	6 
2248	20 
2249	8 
2250	30 
2251	18 
2252	2 
2253	28 
2254	20 
2255	11 
2256	24 
2257	7 
2258	10 
2259	11 
2260	28 
2261	12 
2262	21 
2263	14 
2264	22 
2265	8 
2266	14 
2267	31 
2268	1 
2269	28 
2270	23 
2271	17 
2272	31 
2273	14 
2274	10 
2275	14 
2276	18 
2277	29 
2278	29 
2279	21 
2280	17 
2281	29 
2282	3 
2283	28 
2284	17 
2285	6 
2286	18 
2287	15 
2288	4 
2289	26 
2290	30 
2291	15 
2292	29 
2293	11 
2294	10 
2295	8 
2296	30 
2297	17 
2298	4 
2299	17 
2300	5 
2301	1 
2302	14 
2303	4 
2304	19 
2305	5 
2306	17 
2307	11 
2308	12 
2309	20 
2310	32 
2311	31 
2312	24 
2313	6 
2314	30 
2315	27 
2316	30 
2317	17 
2318	31 
2319	10 
2320	3 
2321	11 
2322	2 
2323	24 
2324	3 
2325	14 
2326	9 
2327	8 
2328	8 
2329	22 
2330	5 
2331	24 
2332	1 
2333	8 
2334	32 
2335	29 
2336	9 
2337	3 
2338	15 
2339	25 
2340	19 
2341	29 
2342	28 
2343	8 
2344	19 
2345	25 
2346	27 
2347	8 
2348	15 
2349	7 
2350	25 
2351	22 
2352	2 
2353	14 
2354	2 
2355	1 
2356	21 
2357	28 
2358	21 
2359	6 
2360	12 
2361	22 
2362	17 
2363	4 
2364	12 
2365	21 
2366	12 
2367	2 
2368	3 
2369	28 
2370	22 
2371	21 
2372	19 
2373	15 
2374	17 
2375	4 
2376	5 
2377	7 
2378	24 
2379	22 
2380	4 
2381	31 
2382	1 
2383	14 
2384	1 
2385	30 
2386	4 
2387	11 
2388	27 
2389	24 
2390	19 
2391	23 
2392	17 
2393	21 
2394	1 
2395	8 
2396	29 
2397	29 
2398	3 
2399	11 
2400	12 
2401	2 
2402	14 
2403	9 
2404	29 
2405	23 
2406	5 
2407	4 
2408	15 
2409	31 
2410	1 
2411	29 
2412	17 
2413	9 
2414	23 
2415	16 
2416	14 
2417	4 
2418	16 
2419	21 
2420	18 
2421	12 
2422	27 
2423	24 
2424	4 
2425	21 
2426	29 
2427	31 
2428	22 
2429	25 
2430	30 
2431	32 
2432	23 
2433	14 
2434	13 
2435	29 
2436	20 
2437	6 
2438	29 
2439	19 
2440	27 
2441	18 
2442	6 
2443	11 
2444	9 
2445	31 
2446	29 
2447	26 
2448	30 
2449	14 
2450	23 
2451	15 
2452	3 
2453	5 
2454	32 
2455	20 
2456	8 
2457	10 
2458	26 
2459	14 
2460	32 
2461	8 
2462	15 
2463	1 
2464	22 
2465	21 
2466	5 
2467	28 
2468	28 
2469	19 
2470	11 
2471	13 
2472	21 
2473	8 
2474	20 
2475	20 
2476	6 
2477	19 
2478	22 
2479	26 
2480	18 
2481	32 
2482	28 
2483	14 
2484	10 
2485	5 
2486	23 
2487	16 
2488	32 
2489	26 
2490	6 
2491	2 
2492	31 
2493	21 
2494	2 
2495	11 
2496	27 
2497	12 
2498	10 
2499	3 
2500	31 
2501	30 
2502	32 
2503	29 
2504	20 
2505	24 
2506	6 
2507	27 
2508	10 
2509	8 
2510	18 
2511	27 
2512	27 
2513	13 
2514	12 
2515	6 
2516	14 
2517	29 
2518	16 
2519	29 
2520	2 
2521	30 
2522	2 
2523	19 
2524	16 
2525	18 
2526	1 
2527	7 
2528	19 
2529	11 
2530	6 
2531	5 
2532	31 
2533	8 
2534	4 
2535	8 
2536	28 
2537	3 
2538	16 
2539	29 
2540	2 
2541	16 
2542	15 
2543	15 
2544	22 
2545	27 
2546	21 
2547	3 
2548	11 
2549	23 
2550	16 
2551	8 
2552	32 
2553	10 
2554	31 
2555	4 
2556	11 
2557	13 
2558	29 
2559	27 
2560	3 
2561	5 
2562	11 
2563	9 
2564	3 
2565	1 
2566	7 
2567	18 
2568	2 
2569	30 
2570	19 
2571	28 
2572	30 
2573	1 
2574	4 
2575	19 
2576	25 
2577	9 
2578	20 
2579	27 
2580	31 
2581	12 
2582	4 
2583	26 
2584	10 
2585	3 
2586	32 
2587	27 
2588	30 
2589	20 
2590	1 
2591	5 
2592	28 
2593	12 
2594	16 
2595	3 
2596	23 
2597	24 
2598	32 
2599	11 
2600	21 
2601	30 
2602	20 
2603	18 
2604	6 
2605	30 
2606	2 
2607	22 
2608	3 
2609	16 
2610	4 
2611	1 
2612	5 
2613	10 
2614	27 
2615	27 
2616	13 
2617	13 
2618	8 
2619	4 
2620	24 
2621	30 
2622	4 
2623	11 
2624	11 
2625	13 
2626	17 
2627	10 
2628	18 
2629	25 
2630	9 
2631	29 
2632	4 
2633	2 
2634	8 
2635	3 
2636	31 
2637	1 
2638	12 
2639	23 
2640	23 
2641	25 
2642	8 
2643	5 
2644	31 
2645	3 
2646	12 
2647	3 
2648	2 
2649	28 
2650	6 
2651	31 
2652	12 
2653	1 
2654	24 
2655	10 
2656	9 
2657	29 
2658	15 
2659	26 
2660	11 
2661	15 
2662	16 
2663	12 
2664	7 
2665	31 
2666	9 
2667	18 
2668	25 
2669	3 
2670	6 
2671	17 
2672	20 
2673	32 
2674	17 
2675	11 
2676	30 
2677	29 
2678	13 
2679	31 
2680	9 
2681	10 
2682	25 
2683	31 
2684	25 
2685	32 
2686	31 
2687	5 
2688	27 
2689	21 
2690	11 
2691	15 
2692	9 
2693	3 
2694	7 
2695	13 
2696	10 
2697	11 
2698	3 
2699	17 
2700	17 
2701	8 
2702	31 
2703	2 
2704	20 
2705	6 
2706	11 
2707	15 
2708	11 
2709	22 
2710	12 
2711	5 
2712	30 
2713	27 
2714	1 
2715	20 
2716	7 
2717	6 
2718	4 
2719	22 
2720	3 
2721	13 
2722	4 
2723	26 
2724	24 
2725	14 
2726	31 
2727	29 
2728	13 
2729	32 
2730	30 
2731	15 
2732	32 
2733	1 
2734	15 
2735	20 
2736	1 
2737	16 
2738	4 
2739	16 
2740	11 
2741	13 
2742	23 
2743	5 
2744	10 
2745	3 
2746	2 
2747	8 
2748	21 
2749	15 
2750	18 
2751	26 
2752	17 
2753	25 
2754	7 
2755	6 
2756	6 
2757	22 
2758	26 
2759	6 
2760	1 
2761	4 
2762	15 
2763	25 
2764	9 
2765	14 
2766	16 
2767	27 
2768	18 
2769	11 
2770	20 
2771	19 
2772	11 
2773	14 
2774	2 
2775	16 
2776	25 
2777	4 
2778	21 
2779	22 
2780	1 
2781	10 
2782	18 
2783	24 
2784	19 
2785	1 
2786	20 
2787	7 
2788	29 
2789	31 
2790	3 
2791	11 
2792	28 
2793	23 
2794	12 
2795	3 
2796	32 
2797	26 
2798	2 
2799	22 
2800	1 
2801	19 
2802	12 
2803	15 
2804	27 
2805	4 
2806	13 
2807	22 
2808	19 
2809	27 
2810	10 
2811	4 
2812	31 
2813	15 
2814	9 
2815	31 
2816	31 
2817	16 
2818	4 
2819	5 
2820	9 
2821	25 
2822	4 
2823	4 
2824	4 
2825	17 
2826	24 
2827	21 
2828	7 
2829	14 
2830	8 
2831	25 
2832	14 
2833	8 
2834	25 
2835	27 
2836	30 
2837	5 
2838	28 
2839	30 
2840	29 
2841	21 
2842	32 
2843	19 
2844	14 
2845	27 
2846	31 
2847	18 
2848	4 
2849	29 
2850	30 
2851	5 
2852	9 
2853	4 
2854	24 
2855	2 
2856	22 
2857	1 
2858	28 
2859	4 
2860	4 
2861	15 
2862	5 
2863	14 
2864	3 
2865	30 
2866	1 
2867	14 
2868	25 
2869	6 
2870	20 
2871	24 
2872	4 
2873	13 
2874	13 
2875	7 
2876	8 
2877	25 
2878	24 
2879	9 
2880	29 
2881	8 
2882	23 
2883	3 
2884	27 
2885	8 
2886	27 
2887	31 
2888	22 
2889	32 
2890	28 
2891	11 
2892	6 
2893	1 
2894	8 
2895	21 
2896	29 
2897	6 
2898	13 
2899	17 
2900	18 
2901	11 
2902	18 
2903	11 
2904	17 
2905	13 
2906	3 
2907	11 
2908	18 
2909	32 
2910	27 
2911	23 
2912	14 
2913	6 
2914	8 
2915	16 
2916	1 
2917	4 
2918	11 
2919	19 
2920	14 
2921	27 
2922	8 
2923	12 
2924	25 
2925	3 
2926	28 
2927	21 
2928	13 
2929	24 
2930	23 
2931	13 
2932	4 
2933	32 
2934	13 
2935	1 
2936	15 
2937	1 
2938	22 
2939	24 
2940	11 
2941	21 
2942	31 
2943	22 
2944	10 
2945	2 
2946	27 
2947	31 
2948	18 
2949	22 
2950	13 
2951	9 
2952	8 
2953	23 
2954	11 
2955	5 
2956	15 
2957	27 
2958	8 
2959	4 
2960	3 
2961	8 
2962	14 
2963	3 
2964	18 
2965	22 
2966	4 
2967	22 
2968	8 
2969	32 
2970	30 
2971	8 
2972	17 
2973	8 
2974	15 
2975	7 
2976	18 
2977	7 
2978	27 
2979	28 
2980	3 
2981	28 
2982	30 
2983	7 
2984	21 
2985	31 
2986	21 
2987	28 
2988	25 
2989	30 
2990	2 
2991	17 
2992	18 
2993	28 
2994	27 
2995	8 
2996	21 
2997	14 
2998	14 
2999	12 
3000	24 
3001	30 
3002	32 
3003	11 
3004	5 
3005	17 
3006	8 
3007	19 
3008	32 
3009	5 
3010	14 
3011	9 
3012	8 
3013	11 
3014	18 
3015	20 
3016	29 
3017	1 
3018	17 
3019	26 
3020	30 
3021	19 
3022	31 
3023	12 
3024	30 
3025	12 
3026	9 
3027	30 
3028	29 
3029	4 
3030	16 
3031	28 
3032	23 
3033	19 
3034	10 
3035	3 
3036	4 
3037	29 
3038	3 
3039	32 
3040	5 
3041	14 
3042	13 
3043	22 
3044	6 
3045	32 
3046	16 
3047	11 
3048	3 
3049	15 
3050	2 
3051	8 
3052	24 
3053	17 
3054	24 
3055	7 
3056	8 
3057	24 
3058	28 
3059	3 
3060	11 
3061	28 
3062	15 
3063	16 
3064	29 
3065	27 
3066	6 
3067	19 
3068	2 
3069	19 
3070	32 
3071	19 
3072	5 
3073	3 
3074	28 
3075	25 
3076	23 
3077	9 
3078	32 
3079	19 
3080	3 
3081	1 
3082	19 
3083	12 
3084	21 
3085	20 
3086	26 
3087	20 
3088	21 
3089	4 
3090	8 
3091	10 
3092	5 
3093	29 
3094	21 
3095	24 
3096	31 
3097	30 
3098	29 
3099	18 
3100	10 
3101	18 
3102	17 
3103	30 
3104	29 
3105	31 
3106	27 
3107	1 
3108	24 
3109	12 
3110	1 
3111	15 
3112	9 
3113	27 
3114	20 
3115	2 
3116	20 
3117	2 
3118	6 
3119	3 
3120	2 
3121	28 
3122	16 
3123	24 
3124	15 
3125	28 
3126	32 
3127	13 
3128	7 
3129	11 
3130	6 
3131	31 
3132	3 
3133	1 
3134	28 
3135	13 
3136	3 
3137	20 
3138	15 
3139	11 
3140	22 
3141	7 
3142	31 
3143	2 
3144	8 
3145	30 
3146	2 
3147	11 
3148	13 
3149	6 
3150	20 
3151	26 
3152	22 
3153	5 
3154	27 
3155	5 
3156	27 
3157	26 
3158	23 
3159	25 
3160	1 
3161	30 
3162	4 
3163	31 
3164	18 
3165	22 
3166	30 
3167	7 
3168	3 
3169	16 
3170	10 
3171	27 
3172	13 
3173	4 
3174	24 
3175	22 
3176	12 
3177	20 
3178	16 
3179	3 
3180	32 
3181	31 
3182	21 
3183	8 
3184	28 
3185	8 
3186	31 
3187	4 
3188	23 
3189	13 
3190	15 
3191	31 
3192	26 
3193	23 
3194	29 
3195	24 
3196	22 
3197	14 
3198	20 
3199	19 
3200	27 
3201	21 
3202	3 
3203	27 
3204	29 
3205	29 
3206	9 
3207	6 
3208	12 
3209	30 
3210	20 
3211	31 
3212	19 
3213	4 
3214	4 
3215	5 
3216	8 
3217	25 
3218	18 
3219	7 
3220	26 
3221	3 
3222	24 
3223	14 
3224	12 
3225	32 
3226	6 
3227	14 
3228	23 
3229	7 
3230	4 
3231	17 
3232	12 
3233	3 
3234	14 
3235	1 
3236	1 
3237	22 
3238	29 
3239	30 
3240	26 
3241	5 
3242	18 
3243	15 
3244	11 
3245	12 
3246	12 
3247	12 
3248	13 
3249	25 
3250	4 
3251	32 
3252	20 
3253	3 
3254	26 
3255	16 
3256	27 
3257	22 
3258	18 
3259	17 
3260	4 
3261	20 
3262	17 
3263	30 
3264	19 
3265	20 
3266	8 
3267	1 
3268	14 
3269	31 
3270	8 
3271	11 
3272	18 
3273	26 
3274	30 
3275	4 
3276	2 
3277	10 
3278	3 
3279	29 
3280	27 
3281	23 
3282	4 
3283	29 
3284	2 
3285	22 
3286	22 
3287	24 
3288	2 
3289	22 
3290	22 
3291	5 
3292	27 
3293	30 
3294	14 
3295	3 
3296	7 
3297	22 
3298	8 
3299	27 
3300	14 
3301	6 
3302	9 
3303	5 
3304	3 
3305	2 
3306	20 
3307	31 
3308	15 
3309	22 
3310	10 
3311	3 
3312	5 
3313	20 
3314	20 
3315	11 
3316	7 
3317	20 
3318	2 
3319	9 
3320	6 
3321	31 
3322	32 
3323	20 
3324	2 
3325	25 
3326	27 
3327	21 
3328	14 
3329	10 
3330	7 
3331	18 
3332	21 
3333	14 
3334	21 
3335	8 
3336	1 
3337	29 
3338	27 
3339	20 
3340	25 
3341	31 
3342	11 
3343	11 
3344	32 
3345	26 
3346	7 
3347	29 
3348	1 
3349	23 
3350	23 
3351	22 
3352	6 
3353	28 
3354	14 
3355	26 
3356	8 
3357	16 
3358	23 
3359	23 
3360	32 
3361	27 
3362	19 
3363	18 
3364	23 
3365	6 
3366	28 
3367	19 
3368	17 
3369	12 
3370	29 
3371	32 
3372	15 
3373	1 
3374	12 
3375	7 
3376	31 
3377	22 
3378	2 
3379	27 
3380	3 
3381	5 
3382	5 
3383	31 
3384	11 
3385	12 
3386	8 
3387	20 
3388	8 
3389	8 
3390	5 
3391	3 
3392	5 
3393	22 
3394	23 
3395	21 
3396	1 
3397	32 
3398	27 
3399	10 
3400	22 
3401	13 
3402	18 
3403	9 
3404	13 
3405	11 
3406	9 
3407	7 
3408	25 
3409	15 
3410	4 
3411	16 
3412	32 
3413	4 
3414	29 
3415	28 
3416	12 
3417	17 
3418	2 
3419	11 
3420	22 
3421	6 
3422	25 
3423	19 
3424	2 
3425	31 
3426	20 
3427	32 
3428	31 
3429	8 
3430	32 
3431	8 
3432	1 
3433	20 
3434	10 
3435	28 
3436	9 
3437	8 
3438	7 
3439	26 
3440	20 
3441	15 
3442	3 
3443	30 
3444	26 
3445	15 
3446	29 
3447	9 
3448	13 
3449	2 
3450	17 
3451	2 
3452	16 
3453	13 
3454	11 
3455	31 
3456	17 
3457	8 
3458	25 
3459	14 
3460	16 
3461	13 
3462	19 
3463	32 
3464	29 
3465	11 
3466	31 
3467	18 
3468	17 
3469	11 
3470	1 
3471	25 
3472	8 
3473	5 
3474	30 
3475	2 
3476	18 
3477	30 
3478	22 
3479	23 
3480	29 
3481	6 
3482	30 
3483	28 
3484	11 
3485	8 
3486	31 
3487	29 
3488	8 
3489	3 
3490	32 
3491	23 
3492	22 
3493	29 
3494	10 
3495	30 
3496	29 
3497	11 
3498	30 
3499	20 
3500	18 
3501	31 
3502	24 
3503	24 
3504	13 
3505	7 
3506	26 
3507	8 
3508	32 
3509	2 
3510	8 
3511	4 
3512	5 
3513	22 
3514	31 
3515	9 
3516	6 
3517	28 
3518	12 
3519	32 
3520	10 
3521	19 
3522	26 
3523	25 
3524	26 
3525	1 
3526	5 
3527	20 
3528	30 
3529	30 
3530	6 
3531	1 
3532	22 
3533	1 
3534	5 
3535	32 
3536	8 
3537	31 
3538	24 
3539	11 
3540	2 
3541	27 
3542	5 
3543	15 
3544	2 
3545	22 
3546	10 
3547	7 
3548	1 
3549	20 
3550	8 
3551	10 
3552	21 
3553	30 
3554	26 
3555	32 
3556	32 
3557	11 
3558	18 
3559	11 
3560	5 
3561	3 
3562	5 
3563	31 
3564	9 
3565	14 
3566	32 
3567	2 
3568	5 
3569	4 
3570	13 
3571	9 
3572	14 
3573	13 
3574	6 
3575	29 
3576	23 
3577	28 
3578	16 
3579	12 
3580	27 
3581	28 
3582	10 
3583	2 
3584	9 
3585	16 
3586	9 
3587	11 
3588	4 
3589	12 
3590	12 
3591	10 
3592	11 
3593	29 
3594	1 
3595	28 
3596	27 
3597	29 
3598	31 
3599	7 
3600	6 
3601	26 
3602	17 
3603	1 
3604	23 
3605	2 
3606	14 
3607	9 
3608	31 
3609	8 
3610	20 
3611	17 
3612	31 
3613	17 
3614	31 
3615	21 
3616	12 
3617	13 
3618	31 
3619	21 
3620	30 
3621	23 
3622	5 
3623	6 
3624	29 
3625	9 
3626	11 
3627	13 
3628	25 
3629	7 
3630	14 
3631	16 
3632	30 
3633	20 
3634	4 
3635	8 
3636	5 
3637	31 
3638	11 
3639	30 
3640	20 
3641	15 
3642	29 
3643	26 
3644	30 
3645	20 
3646	16 
3647	15 
3648	27 
3649	30 
3650	20 
3651	10 
3652	22 
3653	1 
3654	18 
3655	7 
3656	29 
3657	14 
3658	14 
3659	15 
3660	2 
3661	4 
3662	2 
3663	23 
3664	28 
3665	28 
3666	17 
3667	16 
3668	29 
3669	19 
3670	23 
3671	5 
3672	12 
3673	23 
3674	8 
3675	13 
3676	4 
3677	13 
3678	30 
3679	17 
3680	13 
3681	22 
3682	22 
3683	2 
3684	31 
3685	2 
3686	8 
3687	19 
3688	22 
3689	7 
3690	14 
3691	4 
3692	21 
3693	13 
3694	30 
3695	12 
3696	29 
3697	1 
3698	16 
3699	11 
3700	14 
3701	4 
3702	17 
3703	25 
3704	18 
3705	29 
3706	4 
3707	24 
3708	27 
3709	13 
3710	28 
3711	5 
3712	25 
3713	8 
3714	8 
3715	10 
3716	32 
3717	11 
3718	29 
3719	5 
3720	1 
3721	16 
3722	25 
3723	28 
3724	22 
3725	11 
3726	32 
3727	29 
3728	21 
3729	19 
3730	1 
3731	22 
3732	29 
3733	29 
3734	20 
3735	22 
3736	4 
3737	10 
3738	27 
3739	9 
3740	24 
3741	30 
3742	5 
3743	29 
3744	14 
3745	3 
3746	3 
3747	31 
3748	23 
3749	20 
3750	11 
3751	24 
3752	28 
3753	31 
3754	10 
3755	22 
3756	31 
3757	24 
3758	20 
3759	11 
3760	9 
3761	1 
3762	19 
3763	1 
3764	12 
3765	31 
3766	32 
3767	9 
3768	12 
3769	16 
3770	6 
3771	32 
3772	21 
3773	29 
3774	2 
3775	26 
3776	15 
3777	2 
3778	13 
3779	10 
3780	4 
3781	17 
3782	5 
3783	26 
3784	20 
3785	31 
3786	25 
3787	4 
3788	12 
3789	22 
3790	14 
3791	27 
3792	17 
3793	5 
3794	5 
3795	19 
3796	9 
3797	17 
3798	3 
3799	27 
3800	8 
3801	30 
3802	17 
3803	31 
3804	7 
3805	31 
3806	28 
3807	4 
3808	18 
3809	25 
3810	4 
3811	12 
3812	2 
3813	24 
3814	32 
3815	28 
3816	4 
3817	22 
3818	24 
3819	6 
3820	20 
3821	19 
3822	11 
3823	26 
3824	29 
3825	15 
3826	10 
3827	6 
3828	17 
3829	4 
3830	13 
3831	28 
3832	28 
3833	20 
3834	7 
3835	25 
3836	16 
3837	22 
3838	4 
3839	12 
3840	14 
3841	19 
3842	11 
3843	20 
3844	17 
3845	8 
3846	5 
3847	14 
3848	3 
3849	9 
3850	8 
3851	20 
3852	15 
3853	25 
3854	1 
3855	31 
3856	28 
3857	31 
3858	20 
3859	10 
3860	6 
3861	3 
3862	4 
3863	9 
3864	4 
3865	5 
3866	8 
3867	20 
3868	1 
3869	21 
3870	7 
3871	23 
3872	15 
3873	18 
3874	6 
3875	13 
3876	5 
3877	26 
3878	10 
3879	13 
3880	12 
3881	24 
3882	23 
3883	18 
3884	29 
3885	29 
3886	10 
3887	10 
3888	19 
3889	6 
3890	17 
3891	23 
3892	19 
3893	31 
3894	31 
3895	10 
3896	22 
3897	23 
3898	24 
3899	10 
3900	31 
3901	1 
3902	17 
3903	15 
3904	20 
3905	23 
3906	11 
3907	12 
3908	6 
3909	4 
3910	30 
3911	9 
3912	10 
3913	30 
3914	13 
3915	26 
3916	19 
3917	9 
3918	14 
3919	20 
3920	29 
3921	21 
3922	15 
3923	2 
3924	26 
3925	27 
3926	26 
3927	15 
3928	30 
3929	1 
3930	27 
3931	21 
3932	14 
3933	3 
3934	30 
3935	1 
3936	31 
3937	2 
3938	26 
3939	12 
3940	1 
3941	12 
3942	28 
3943	7 
3944	32 
3945	11 
3946	19 
3947	30 
3948	10 
3949	32 
3950	11 
3951	22 
3952	2 
3953	4 
3954	19 
3955	1 
3956	30 
3957	5 
3958	12 
3959	22 
3960	4 
3961	2 
3962	19 
3963	30 
3964	31 
3965	5 
3966	30 
3967	29 
3968	26 
3969	19 
3970	30 
3971	3 
3972	26 
3973	16 
3974	11 
3975	23 
3976	4 
3977	27 
3978	14 
3979	16 
3980	16 
3981	23 
3982	6 
3983	17 
3984	27 
3985	13 
3986	30 
3987	25 
3988	2 
3989	11 
3990	2 
3991	1 
3992	3 
3993	18 
3994	6 
3995	30 
3996	2 
3997	2 
3998	15 
3999	22 
4000	4 
4001	1 
4002	23 
4003	13 
4004	23 
4005	32 
4006	11 
4007	31 
4008	30 
4009	1 
4010	30 
4011	26 
4012	14 
4013	21 
4014	5 
4015	12 
4016	27 
4017	27 
4018	18 
4019	16 
4020	31 
4021	29 
4022	11 
4023	32 
4024	16 
4025	11 
4026	15 
4027	29 
4028	9 
4029	25 
4030	3 
4031	2 
4032	11 
4033	27 
4034	11 
4035	17 
4036	19 
4037	16 
4038	2 
4039	13 
4040	6 
4041	3 
4042	19 
4043	31 
4044	10 
4045	26 
4046	7 
4047	14 
4048	9 
4049	4 
4050	20 
4051	11 
4052	26 
4053	12 
4054	29 
4055	23 
4056	22 
4057	16 
4058	4 
4059	6 
4060	11 
4061	27 
4062	25 
4063	27 
4064	26 
4065	32 
4066	22 
4067	24 
4068	10 
4069	26 
4070	22 
4071	22 
4072	9 
4073	26 
4074	30 
4075	27 
4076	32 
4077	26 
4078	27 
4079	1 
4080	31 
4081	12 
4082	27 
4083	31 
4084	27 
4085	3 
4086	15 
4087	10 
4088	8 
4089	31 
4090	31 
4091	17 
4092	27 
4093	16 
4094	13 
4095	22 
4096	25 
4097	30 
4098	24 
4099	7 
4100	25 
4101	20 
4102	12 
4103	7 
4104	27 
4105	12 
4106	23 
4107	22 
4108	7 
4109	26 
4110	29 
4111	26 
4112	4 
4113	29 
4114	26 
4115	8 
4116	16 
4117	17 
4118	18 
4119	12 
4120	7 
4121	30 
4122	1 
4123	5 
4124	30 
4125	18 
4126	23 
4127	14 
4128	1 
4129	26 
4130	8 
4131	3 
4132	11 
4133	22 
4134	18 
4135	16 
4136	3 
4137	5 
4138	12 
4139	31 
4140	27 
4141	23 
4142	9 
4143	30 
4144	4 
4145	10 
4146	29 
4147	15 
4148	2 
4149	19 
4150	5 
4151	10 
4152	32 
4153	11 
4154	4 
4155	8 
4156	12 
4157	12 
4158	19 
4159	26 
4160	7 
4161	23 
4162	29 
4163	4 
4164	30 
4165	25 
4166	24 
4167	9 
4168	22 
4169	12 
4170	31 
4171	26 
4172	22 
4173	22 
4174	31 
4175	6 
4176	20 
4177	7 
4178	3 
4179	25 
4180	27 
4181	8 
4182	31 
4183	1 
4184	32 
4185	17 
4186	10 
4187	5 
4188	30 
4189	14 
4190	31 
4191	27 
4192	27 
4193	17 
4194	11 
4195	14 
4196	3 
4197	16 
4198	5 
4199	32 
4200	28 
4201	17 
4202	20 
4203	11 
4204	25 
4205	5 
4206	11 
4207	27 
4208	8 
4209	30 
4210	23 
4211	8 
4212	13 
4213	21 
4214	28 
4215	6 
4216	21 
4217	9 
4218	27 
4219	14 
4220	6 
4221	15 
4222	26 
4223	25 
4224	32 
4225	17 
4226	30 
4227	22 
4228	29 
4229	26 
4230	3 
4231	28 
4232	17 
4233	23 
4234	4 
4235	21 
4236	4 
4237	27 
4238	10 
4239	5 
4240	5 
4241	10 
4242	1 
4243	25 
4244	20 
4245	12 
4246	20 
4247	13 
4248	11 
4249	27 
4250	6 
4251	22 
4252	3 
4253	13 
4254	10 
4255	27 
4256	6 
4257	1 
4258	18 
4259	9 
4260	29 
4261	30 
4262	27 
4263	18 
4264	7 
4265	22 
4266	2 
4267	26 
4268	4 
4269	20 
4270	17 
4271	10 
4272	31 
4273	1 
4274	15 
4275	2 
4276	11 
4277	30 
4278	18 
4279	5 
4280	19 
4281	5 
4282	7 
4283	28 
4284	30 
4285	20 
4286	4 
4287	7 
4288	17 
4289	28 
4290	6 
4291	3 
4292	1 
4293	11 
4294	13 
4295	1 
4296	7 
4297	12 
4298	25 
4299	18 
4300	17 
4301	22 
4302	21 
4303	6 
4304	10 
4305	15 
4306	12 
4307	3 
4308	6 
4309	28 
4310	22 
4311	29 
4312	18 
4313	28 
4314	13 
4315	20 
4316	13 
4317	26 
4318	17 
4319	2 
4320	11 
4321	10 
4322	27 
4323	3 
4324	20 
4325	32 
4326	21 
4327	7 
4328	3 
4329	30 
4330	17 
4331	7 
4332	31 
4333	19 
4334	11 
4335	4 
4336	23 
4337	2 
4338	28 
4339	11 
4340	23 
4341	19 
4342	7 
4343	18 
4344	11 
4345	19 
4346	17 
4347	28 
4348	14 
4349	6 
4350	31 
4351	20 
4352	12 
4353	19 
4354	32 
4355	13 
4356	6 
4357	4 
4358	25 
4359	13 
4360	25 
4361	6 
4362	2 
4363	14 
4364	27 
4365	3 
4366	1 
4367	2 
4368	1 
4369	2 
4370	29 
4371	21 
4372	16 
4373	13 
4374	21 
4375	8 
4376	8 
4377	27 
4378	4 
4379	23 
4380	14 
4381	16 
4382	11 
4383	31 
4384	11 
4385	17 
4386	27 
4387	3 
4388	20 
4389	2 
4390	3 
4391	5 
4392	15 
4393	17 
4394	19 
4395	23 
4396	30 
4397	30 
4398	4 
4399	1 
4400	26 
4401	29 
4402	32 
4403	3 
4404	4 
4405	27 
4406	21 
4407	1 
4408	30 
4409	2 
4410	10 
4411	19 
4412	5 
4413	30 
4414	21 
4415	31 
4416	3 
4417	3 
4418	1 
4419	1 
4420	13 
4421	17 
4422	11 
4423	1 
4424	13 
4425	9 
4426	1 
4427	7 
4428	23 
4429	24 
4430	21 
4431	11 
4432	21 
4433	16 
4434	31 
4435	7 
4436	10 
4437	8 
4438	23 
4439	28 
4440	6 
4441	31 
4442	32 
4443	32 
4444	22 
4445	32 
4446	22 
4447	16 
4448	3 
4449	1 
4450	2 
4451	26 
4452	3 
4453	19 
4454	22 
4455	23 
4456	10 
4457	31 
4458	24 
4459	26 
4460	16 
4461	25 
4462	21 
4463	30 
4464	28 
4465	23 
4466	23 
4467	3 
4468	11 
4469	9 
4470	8 
4471	2 
4472	3 
4473	5 
4474	19 
4475	20 
4476	23 
4477	9 
4478	12 
4479	15 
4480	12 
4481	29 
4482	14 
4483	4 
4484	18 
4485	2 
4486	31 
4487	18 
4488	12 
4489	11 
4490	32 
4491	20 
4492	32 
4493	20 
4494	32 
4495	1 
4496	6 
4497	17 
4498	1 
4499	22 
4500	12 
4501	9 
4502	6 
4503	14 
4504	22 
4505	27 
4506	30 
4507	29 
4508	19 
4509	14 
4510	11 
4511	11 
4512	9 
4513	26 
4514	3 
4515	11 
4516	2 
4517	5 
4518	6 
4519	13 
4520	26 
4521	22 
4522	12 
4523	21 
4524	7 
4525	26 
4526	26 
4527	19 
4528	31 
4529	26 
4530	28 
4531	31 
4532	4 
4533	19 
4534	18 
4535	27 
4536	31 
4537	19 
4538	21 
4539	24 
4540	26 
4541	1 
4542	13 
4543	27 
4544	28 
4545	15 
4546	27 
4547	1 
4548	21 
4549	27 
4550	26 
4551	2 
4552	17 
4553	25 
4554	29 
4555	19 
4556	28 
4557	26 
4558	8 
4559	21 
4560	8 
4561	25 
4562	31 
4563	28 
4564	16 
4565	15 
4566	10 
4567	28 
4568	1 
4569	2 
4570	25 
4571	5 
4572	32 
4573	5 
4574	27 
4575	28 
4576	26 
4577	2 
4578	23 
4579	19 
4580	30 
4581	13 
4582	3 
4583	27 
4584	9 
4585	32 
4586	4 
4587	11 
4588	24 
4589	28 
4590	2 
4591	29 
4592	28 
4593	2 
4594	16 
4595	5 
4596	14 
4597	17 
4598	25 
4599	3 
4600	29 
4601	27 
4602	24 
4603	11 
4604	18 
4605	21 
4606	13 
4607	26 
4608	8 
4609	17 
4610	17 
4611	15 
4612	18 
4613	1 
4614	19 
4615	3 
4616	10 
4617	8 
4618	18 
4619	30 
4620	11 
4621	15 
4622	28 
4623	23 
4624	22 
4625	3 
4626	14 
4627	4 
4628	12 
4629	29 
4630	15 
4631	24 
4632	11 
4633	5 
4634	19 
4635	32 
4636	29 
4637	22 
4638	9 
4639	2 
4640	6 
4641	11 
4642	31 
4643	28 
4644	6 
4645	12 
4646	1 
4647	16 
4648	1 
4649	14 
4650	20 
4651	2 
4652	11 
4653	31 
4654	3 
4655	13 
4656	27 
4657	22 
4658	4 
4659	4 
4660	4 
4661	10 
4662	23 
4663	29 
4664	2 
4665	23 
4666	29 
4667	29 
4668	11 
4669	29 
4670	12 
4671	10 
4672	4 
4673	31 
4674	29 
4675	5 
4676	6 
4677	29 
4678	22 
4679	32 
4680	14 
4681	15 
4682	25 
4683	11 
4684	18 
4685	30 
4686	1 
4687	9 
4688	17 
4689	12 
4690	30 
4691	11 
4692	24 
4693	14 
4694	3 
4695	22 
4696	29 
4697	30 
4698	13 
4699	23 
4700	17 
4701	18 
4702	30 
4703	20 
4704	15 
4705	6 
4706	3 
4707	1 
4708	23 
4709	4 
4710	20 
4711	24 
4712	26 
4713	18 
4714	12 
4715	7 
4716	20 
4717	5 
4718	30 
4719	19 
4720	11 
4721	18 
4722	4 
4723	13 
4724	12 
4725	13 
4726	7 
4727	23 
4728	19 
4729	1 
4730	21 
4731	20 
4732	25 
4733	28 
4734	24 
4735	11 
4736	6 
4737	5 
4738	30 
4739	29 
4740	30 
4741	2 
4742	7 
4743	31 
4744	23 
4745	30 
4746	2 
4747	9 
4748	20 
4749	14 
4750	14 
4751	23 
4752	13 
4753	30 
4754	16 
4755	29 
4756	21 
4757	7 
4758	21 
4759	18 
4760	8 
4761	21 
4762	30 
4763	28 
4764	24 
4765	5 
4766	15 
4767	26 
4768	30 
4769	2 
4770	15 
4771	30 
4772	9 
4773	24 
4774	2 
4775	19 
4776	6 
4777	13 
4778	27 
4779	10 
4780	11 
4781	32 
4782	20 
4783	1 
4784	9 
4785	20 
4786	10 
4787	23 
4788	18 
4789	29 
4790	26 
4791	1 
4792	4 
4793	11 
4794	13 
4795	3 
4796	2 
4797	19 
4798	3 
4799	12 
4800	28 
4801	16 
4802	1 
4803	12 
4804	1 
4805	3 
4806	12 
4807	28 
4808	1 
4809	11 
4810	4 
4811	15 
4812	2 
4813	19 
4814	4 
4815	21 
4816	22 
4817	30 
4818	1 
4819	12 
4820	9 
4821	19 
4822	19 
4823	18 
4824	23 
4825	28 
4826	11 
4827	12 
4828	14 
4829	18 
4830	32 
4831	17 
4832	22 
4833	3 
4834	32 
4835	22 
4836	14 
4837	1 
4838	5 
4839	21 
4840	26 
4841	1 
4842	17 
4843	13 
4844	11 
4845	8 
4846	9 
4847	24 
4848	23 
4849	7 
4850	5 
4851	30 
4852	32 
4853	13 
4854	24 
4855	3 
4856	24 
4857	14 
4858	11 
4859	32 
4860	2 
4861	23 
4862	14 
4863	31 
4864	30 
4865	1 
4866	1 
4867	32 
4868	32 
4869	4 
4870	8 
4871	9 
4872	18 
4873	31 
4874	25 
4875	31 
4876	4 
4877	29 
4878	9 
4879	5 
4880	6 
4881	5 
4882	10 
4883	24 
4884	14 
4885	21 
4886	11 
4887	30 
4888	26 
4889	5 
4890	5 
4891	4 
4892	5 
4893	22 
4894	23 
4895	3 
4896	20 
4897	18 
4898	16 
4899	31 
4900	27 
4901	8 
4902	13 
4903	10 
4904	17 
4905	17 
4906	22 
4907	23 
4908	29 
4909	14 
4910	14 
4911	20 
4912	27 
4913	3 
4914	20 
4915	30 
4916	30 
4917	11 
4918	29 
4919	10 
4920	32 
4921	29 
4922	5 
4923	30 
4924	26 
4925	23 
4926	26 
4927	24 
4928	24 
4929	15 
4930	16 
4931	31 
4932	8 
4933	11 
4934	29 
4935	3 
4936	24 
4937	28 
4938	27 
4939	26 
4940	29 
4941	31 
4942	28 
4943	28 
4944	3 
4945	29 
4946	13 
4947	20 
4948	28 
4949	10 
4950	12 
4951	15 
4952	11 
4953	17 
4954	30 
4955	20 
4956	31 
4957	4 
4958	19 
4959	31 
4960	27 
4961	6 
4962	27 
4963	28 
4964	30 
4965	8 
4966	1 
4967	27 
4968	4 
4969	31 
4970	3 
4971	12 
4972	22 
4973	20 
4974	3 
4975	29 
4976	8 
4977	5 
4978	30 
4979	4 
4980	22 
4981	29 
4982	11 
4983	22 
4984	11 
4985	31 
4986	27 
4987	31 
4988	3 
4989	27 
4990	30 
4991	22 
4992	29 
4993	22 
4994	30 
4995	22 
4996	30 
4997	22 
4998	30 
4999	22 
5000	22 
