1	56 
2	41 
3	48 
4	4 
5	45 
6	43 
7	2 
8	82 
9	19 
10	57 
11	14 
12	35 
13	62 
14	77 
15	65 
16	27 
17	59 
18	35 
19	82 
20	28 
21	50 
22	57 
23	75 
24	13 
25	59 
26	26 
27	84 
28	63 
29	72 
30	60 
31	40 
32	72 
33	100 
34	49 
35	4 
36	6 
37	7 
38	34 
39	53 
40	84 
41	32 
42	29 
43	34 
44	98 
45	84 
46	71 
47	70 
48	32 
49	46 
50	78 
51	19 
52	25 
53	72 
54	7 
55	88 
56	37 
57	50 
58	72 
59	71 
60	25 
61	51 
62	72 
63	31 
64	48 
65	93 
66	46 
67	72 
68	84 
69	46 
70	82 
71	30 
72	102 
73	84 
74	87 
75	34 
76	60 
77	55 
78	46 
79	33 
80	27 
81	61 
82	43 
83	47 
84	54 
85	85 
86	34 
87	12 
88	55 
89	48 
90	94 
91	41 
92	30 
93	49 
94	56 
95	31 
96	32 
97	41 
98	91 
99	99 
100	56 
101	67 
102	79 
103	59 
104	67 
105	79 
106	56 
107	13 
108	17 
109	93 
110	43 
111	5 
112	58 
113	88 
114	84 
115	40 
116	79 
117	20 
118	45 
119	25 
120	56 
121	19 
122	30 
123	42 
124	60 
125	46 
126	30 
127	64 
128	14 
129	13 
130	94 
131	15 
132	74 
133	27 
134	30 
135	103 
136	29 
137	53 
138	28 
139	68 
140	5 
141	30 
142	14 
143	16 
144	42 
145	90 
146	49 
147	92 
148	93 
149	39 
150	13 
151	60 
152	38 
153	58 
154	56 
155	50 
156	39 
157	63 
158	8 
159	46 
160	55 
161	76 
162	71 
163	15 
164	6 
165	41 
166	16 
167	11 
168	7 
169	101 
170	35 
171	45 
172	18 
173	60 
174	23 
175	44 
176	72 
177	17 
178	89 
179	104 
180	86 
181	9 
182	12 
183	70 
184	69 
185	12 
186	68 
187	31 
188	43 
189	36 
190	32 
191	6 
192	98 
193	61 
194	56 
195	1 
196	103 
197	71 
198	64 
199	75 
200	29 
201	59 
202	30 
203	38 
204	13 
205	90 
206	32 
207	95 
208	32 
209	6 
210	19 
211	81 
212	14 
213	50 
214	65 
215	69 
216	88 
217	68 
218	60 
219	96 
220	83 
221	13 
222	21 
223	7 
224	27 
225	29 
226	43 
227	95 
228	19 
229	42 
230	83 
231	46 
232	53 
233	100 
234	76 
235	38 
236	5 
237	32 
238	49 
239	94 
240	6 
241	7 
242	75 
243	64 
244	32 
245	4 
246	4 
247	97 
248	35 
249	1 
250	16 
251	69 
252	85 
253	84 
254	67 
255	69 
256	91 
257	55 
258	99 
259	1 
260	33 
261	61 
262	34 
263	43 
264	77 
265	69 
266	61 
267	23 
268	88 
269	35 
270	33 
271	53 
272	75 
273	102 
274	103 
275	39 
276	22 
277	67 
278	81 
279	44 
280	37 
281	46 
282	24 
283	34 
284	8 
285	84 
286	43 
287	15 
288	53 
289	15 
290	79 
291	7 
292	15 
293	101 
294	30 
295	98 
296	44 
297	88 
298	44 
299	23 
300	66 
301	46 
302	57 
303	42 
304	38 
305	46 
306	96 
307	1 
308	43 
309	21 
310	48 
311	32 
312	13 
313	53 
314	69 
315	16 
316	21 
317	38 
318	79 
319	97 
320	9 
321	43 
322	38 
323	43 
324	66 
325	33 
326	47 
327	47 
328	29 
329	85 
330	84 
331	87 
332	45 
333	31 
334	55 
335	41 
336	4 
337	7 
338	103 
339	40 
340	28 
341	60 
342	34 
343	63 
344	26 
345	21 
346	16 
347	10 
348	47 
349	93 
350	8 
351	82 
352	10 
353	85 
354	101 
355	17 
356	58 
357	31 
358	7 
359	53 
360	56 
361	9 
362	85 
363	31 
364	34 
365	41 
366	79 
367	51 
368	25 
369	73 
370	90 
371	102 
372	9 
373	55 
374	62 
375	103 
376	40 
377	15 
378	53 
379	90 
380	36 
381	51 
382	50 
383	80 
384	102 
385	97 
386	67 
387	39 
388	72 
389	59 
390	56 
391	36 
392	10 
393	103 
394	84 
395	104 
396	52 
397	49 
398	73 
399	81 
400	58 
401	89 
402	76 
403	52 
404	9 
405	84 
406	43 
407	90 
408	14 
409	7 
410	21 
411	94 
412	102 
413	47 
414	53 
415	26 
416	29 
417	27 
418	89 
419	59 
420	37 
421	3 
422	84 
423	69 
424	89 
425	88 
426	67 
427	50 
428	89 
429	56 
430	43 
431	54 
432	14 
433	2 
434	69 
435	6 
436	71 
437	61 
438	61 
439	31 
440	33 
441	98 
442	35 
443	45 
444	39 
445	56 
446	39 
447	68 
448	21 
449	9 
450	90 
451	85 
452	69 
453	97 
454	81 
455	88 
456	8 
457	51 
458	80 
459	69 
460	21 
461	66 
462	93 
463	88 
464	53 
465	75 
466	38 
467	30 
468	93 
469	67 
470	49 
471	52 
472	76 
473	50 
474	85 
475	78 
476	78 
477	100 
478	41 
479	51 
480	102 
481	23 
482	58 
483	49 
484	26 
485	25 
486	82 
487	29 
488	58 
489	32 
490	83 
491	70 
492	11 
493	16 
494	35 
495	94 
496	73 
497	72 
498	14 
499	78 
500	55 
501	31 
502	68 
503	30 
504	6 
505	64 
506	91 
507	44 
508	17 
509	33 
510	34 
511	62 
512	19 
513	28 
514	99 
515	53 
516	63 
517	14 
518	34 
519	26 
520	71 
521	39 
522	53 
523	12 
524	19 
525	48 
526	56 
527	39 
528	8 
529	69 
530	72 
531	102 
532	18 
533	31 
534	32 
535	78 
536	15 
537	36 
538	43 
539	12 
540	15 
541	19 
542	64 
543	1 
544	14 
545	90 
546	31 
547	57 
548	82 
549	86 
550	52 
551	52 
552	85 
553	19 
554	19 
555	39 
556	18 
557	54 
558	32 
559	17 
560	37 
561	38 
562	38 
563	55 
564	84 
565	44 
566	21 
567	71 
568	17 
569	63 
570	84 
571	72 
572	51 
573	35 
574	50 
575	70 
576	21 
577	76 
578	62 
579	56 
580	90 
581	13 
582	60 
583	24 
584	7 
585	72 
586	11 
587	80 
588	14 
589	92 
590	64 
591	103 
592	56 
593	59 
594	102 
595	66 
596	64 
597	6 
598	71 
599	57 
600	56 
601	37 
602	2 
603	82 
604	45 
605	44 
606	18 
607	33 
608	68 
609	35 
610	28 
611	55 
612	53 
613	44 
614	63 
615	36 
616	89 
617	5 
618	82 
619	16 
620	28 
621	49 
622	92 
623	11 
624	19 
625	41 
626	27 
627	21 
628	11 
629	76 
630	33 
631	95 
632	22 
633	34 
634	15 
635	13 
636	14 
637	97 
638	8 
639	49 
640	41 
641	5 
642	58 
643	103 
644	41 
645	25 
646	16 
647	56 
648	50 
649	28 
650	17 
651	15 
652	86 
653	49 
654	65 
655	45 
656	64 
657	50 
658	8 
659	28 
660	20 
661	86 
662	33 
663	6 
664	28 
665	13 
666	65 
667	67 
668	63 
669	30 
670	54 
671	77 
672	88 
673	21 
674	20 
675	85 
676	49 
677	80 
678	97 
679	68 
680	61 
681	34 
682	55 
683	85 
684	87 
685	49 
686	82 
687	42 
688	46 
689	19 
690	102 
691	66 
692	9 
693	70 
694	102 
695	88 
696	85 
697	64 
698	13 
699	31 
700	25 
701	66 
702	81 
703	61 
704	37 
705	41 
706	82 
707	28 
708	93 
709	4 
710	78 
711	69 
712	1 
713	53 
714	13 
715	75 
716	23 
717	73 
718	17 
719	61 
720	45 
721	59 
722	30 
723	103 
724	31 
725	103 
726	57 
727	43 
728	15 
729	34 
730	71 
731	80 
732	12 
733	83 
734	82 
735	103 
736	92 
737	46 
738	61 
739	2 
740	96 
741	31 
742	22 
743	19 
744	19 
745	85 
746	11 
747	84 
748	79 
749	55 
750	53 
751	92 
752	80 
753	51 
754	22 
755	96 
756	11 
757	98 
758	59 
759	16 
760	34 
761	61 
762	90 
763	104 
764	85 
765	58 
766	1 
767	78 
768	31 
769	14 
770	28 
771	101 
772	15 
773	77 
774	46 
775	89 
776	53 
777	83 
778	61 
779	103 
780	1 
781	103 
782	61 
783	33 
784	76 
785	83 
786	80 
787	52 
788	38 
789	53 
790	49 
791	6 
792	99 
793	93 
794	26 
795	48 
796	96 
797	70 
798	47 
799	81 
800	97 
801	48 
802	63 
803	94 
804	70 
805	62 
806	21 
807	88 
808	95 
809	33 
810	84 
811	91 
812	42 
813	46 
814	83 
815	84 
816	41 
817	8 
818	84 
819	103 
820	104 
821	24 
822	67 
823	38 
824	15 
825	95 
826	63 
827	66 
828	37 
829	71 
830	83 
831	44 
832	13 
833	16 
834	66 
835	11 
836	42 
837	71 
838	55 
839	52 
840	54 
841	69 
842	56 
843	80 
844	32 
845	56 
846	30 
847	66 
848	14 
849	21 
850	71 
851	6 
852	42 
853	69 
854	85 
855	38 
856	55 
857	85 
858	41 
859	85 
860	89 
861	63 
862	10 
863	53 
864	74 
865	45 
866	84 
867	90 
868	57 
869	84 
870	9 
871	68 
872	101 
873	71 
874	17 
875	41 
876	35 
877	13 
878	91 
879	14 
880	11 
881	56 
882	52 
883	66 
884	45 
885	71 
886	31 
887	90 
888	12 
889	38 
890	92 
891	89 
892	16 
893	58 
894	45 
895	89 
896	42 
897	2 
898	104 
899	34 
900	16 
901	89 
902	11 
903	83 
904	23 
905	66 
906	97 
907	80 
908	50 
909	20 
910	52 
911	49 
912	70 
913	30 
914	55 
915	46 
916	14 
917	5 
918	43 
919	4 
920	74 
921	72 
922	46 
923	32 
924	41 
925	13 
926	18 
927	30 
928	16 
929	31 
930	92 
931	88 
932	52 
933	89 
934	2 
935	64 
936	14 
937	91 
938	93 
939	43 
940	23 
941	45 
942	25 
943	38 
944	92 
945	33 
946	9 
947	55 
948	69 
949	21 
950	17 
951	43 
952	30 
953	49 
954	72 
955	61 
956	4 
957	51 
958	44 
959	34 
960	56 
961	64 
962	95 
963	85 
964	58 
965	11 
966	58 
967	104 
968	90 
969	36 
970	29 
971	103 
972	64 
973	70 
974	74 
975	81 
976	80 
977	31 
978	62 
979	43 
980	44 
981	79 
982	46 
983	13 
984	43 
985	18 
986	50 
987	85 
988	98 
989	19 
990	47 
991	62 
992	24 
993	66 
994	75 
995	46 
996	11 
997	97 
998	62 
999	73 
1000	83 
1001	88 
1002	22 
1003	45 
1004	37 
1005	23 
1006	16 
1007	96 
1008	83 
1009	48 
1010	56 
1011	51 
1012	100 
1013	31 
1014	47 
1015	8 
1016	70 
1017	67 
1018	25 
1019	42 
1020	5 
1021	23 
1022	58 
1023	57 
1024	61 
1025	41 
1026	86 
1027	39 
1028	67 
1029	55 
1030	13 
1031	62 
1032	85 
1033	43 
1034	21 
1035	42 
1036	33 
1037	82 
1038	76 
1039	34 
1040	14 
1041	59 
1042	97 
1043	101 
1044	55 
1045	59 
1046	74 
1047	75 
1048	77 
1049	71 
1050	38 
1051	59 
1052	71 
1053	52 
1054	58 
1055	53 
1056	16 
1057	46 
1058	2 
1059	21 
1060	21 
1061	59 
1062	45 
1063	47 
1064	9 
1065	82 
1066	73 
1067	43 
1068	35 
1069	5 
1070	47 
1071	35 
1072	53 
1073	11 
1074	15 
1075	81 
1076	73 
1077	88 
1078	102 
1079	17 
1080	40 
1081	17 
1082	21 
1083	12 
1084	31 
1085	97 
1086	84 
1087	92 
1088	97 
1089	79 
1090	75 
1091	84 
1092	84 
1093	7 
1094	45 
1095	22 
1096	90 
1097	36 
1098	80 
1099	103 
1100	30 
1101	71 
1102	96 
1103	70 
1104	55 
1105	31 
1106	58 
1107	22 
1108	43 
1109	51 
1110	45 
1111	63 
1112	38 
1113	99 
1114	8 
1115	29 
1116	34 
1117	45 
1118	58 
1119	59 
1120	16 
1121	103 
1122	19 
1123	39 
1124	52 
1125	23 
1126	14 
1127	87 
1128	21 
1129	3 
1130	23 
1131	5 
1132	55 
1133	6 
1134	7 
1135	20 
1136	18 
1137	23 
1138	75 
1139	96 
1140	69 
1141	28 
1142	30 
1143	48 
1144	41 
1145	26 
1146	98 
1147	37 
1148	38 
1149	74 
1150	71 
1151	85 
1152	59 
1153	43 
1154	53 
1155	7 
1156	56 
1157	15 
1158	19 
1159	91 
1160	91 
1161	60 
1162	60 
1163	41 
1164	36 
1165	10 
1166	64 
1167	75 
1168	57 
1169	15 
1170	47 
1171	85 
1172	89 
1173	5 
1174	102 
1175	27 
1176	37 
1177	56 
1178	82 
1179	15 
1180	64 
1181	71 
1182	81 
1183	36 
1184	80 
1185	34 
1186	82 
1187	21 
1188	3 
1189	29 
1190	17 
1191	11 
1192	13 
1193	88 
1194	59 
1195	53 
1196	83 
1197	101 
1198	35 
1199	42 
1200	102 
1201	89 
1202	61 
1203	75 
1204	14 
1205	3 
1206	46 
1207	35 
1208	85 
1209	87 
1210	42 
1211	56 
1212	76 
1213	58 
1214	81 
1215	103 
1216	49 
1217	47 
1218	65 
1219	82 
1220	15 
1221	41 
1222	45 
1223	30 
1224	32 
1225	38 
1226	12 
1227	104 
1228	34 
1229	57 
1230	18 
1231	53 
1232	33 
1233	13 
1234	15 
1235	83 
1236	72 
1237	83 
1238	83 
1239	102 
1240	6 
1241	26 
1242	11 
1243	44 
1244	30 
1245	8 
1246	40 
1247	47 
1248	50 
1249	11 
1250	9 
1251	61 
1252	13 
1253	15 
1254	72 
1255	99 
1256	102 
1257	41 
1258	21 
1259	39 
1260	80 
1261	53 
1262	14 
1263	66 
1264	14 
1265	43 
1266	10 
1267	31 
1268	15 
1269	61 
1270	76 
1271	17 
1272	42 
1273	24 
1274	65 
1275	100 
1276	17 
1277	60 
1278	94 
1279	61 
1280	19 
1281	3 
1282	15 
1283	47 
1284	53 
1285	80 
1286	53 
1287	58 
1288	85 
1289	11 
1290	75 
1291	21 
1292	2 
1293	28 
1294	102 
1295	70 
1296	75 
1297	11 
1298	71 
1299	96 
1300	14 
1301	22 
1302	8 
1303	17 
1304	92 
1305	66 
1306	55 
1307	104 
1308	13 
1309	55 
1310	66 
1311	3 
1312	8 
1313	69 
1314	49 
1315	14 
1316	46 
1317	55 
1318	94 
1319	2 
1320	13 
1321	104 
1322	30 
1323	52 
1324	99 
1325	95 
1326	8 
1327	69 
1328	49 
1329	49 
1330	21 
1331	33 
1332	43 
1333	30 
1334	5 
1335	81 
1336	82 
1337	80 
1338	36 
1339	34 
1340	26 
1341	83 
1342	96 
1343	67 
1344	78 
1345	55 
1346	15 
1347	57 
1348	61 
1349	31 
1350	11 
1351	83 
1352	54 
1353	80 
1354	101 
1355	53 
1356	13 
1357	13 
1358	58 
1359	48 
1360	84 
1361	66 
1362	93 
1363	91 
1364	79 
1365	55 
1366	53 
1367	30 
1368	56 
1369	4 
1370	34 
1371	30 
1372	45 
1373	87 
1374	58 
1375	88 
1376	61 
1377	61 
1378	32 
1379	19 
1380	80 
1381	60 
1382	15 
1383	76 
1384	22 
1385	10 
1386	1 
1387	96 
1388	10 
1389	1 
1390	89 
1391	31 
1392	102 
1393	91 
1394	29 
1395	46 
1396	17 
1397	76 
1398	104 
1399	79 
1400	28 
1401	97 
1402	102 
1403	46 
1404	97 
1405	30 
1406	80 
1407	11 
1408	53 
1409	85 
1410	17 
1411	60 
1412	9 
1413	86 
1414	33 
1415	5 
1416	84 
1417	38 
1418	87 
1419	64 
1420	72 
1421	16 
1422	81 
1423	56 
1424	43 
1425	76 
1426	21 
1427	85 
1428	56 
1429	78 
1430	57 
1431	84 
1432	69 
1433	71 
1434	26 
1435	68 
1436	63 
1437	97 
1438	76 
1439	52 
1440	53 
1441	24 
1442	22 
1443	74 
1444	96 
1445	85 
1446	31 
1447	53 
1448	6 
1449	40 
1450	50 
1451	56 
1452	28 
1453	95 
1454	15 
1455	61 
1456	8 
1457	88 
1458	41 
1459	24 
1460	31 
1461	32 
1462	49 
1463	91 
1464	45 
1465	58 
1466	92 
1467	57 
1468	45 
1469	36 
1470	34 
1471	99 
1472	89 
1473	72 
1474	87 
1475	7 
1476	38 
1477	60 
1478	83 
1479	4 
1480	41 
1481	104 
1482	64 
1483	100 
1484	77 
1485	59 
1486	77 
1487	4 
1488	58 
1489	41 
1490	45 
1491	47 
1492	79 
1493	94 
1494	35 
1495	39 
1496	49 
1497	14 
1498	15 
1499	18 
1500	75 
1501	64 
1502	68 
1503	92 
1504	7 
1505	49 
1506	22 
1507	2 
1508	87 
1509	102 
1510	88 
1511	98 
1512	71 
1513	58 
1514	36 
1515	36 
1516	43 
1517	47 
1518	90 
1519	52 
1520	57 
1521	13 
1522	58 
1523	21 
1524	41 
1525	50 
1526	5 
1527	36 
1528	69 
1529	38 
1530	36 
1531	39 
1532	80 
1533	87 
1534	35 
1535	103 
1536	59 
1537	45 
1538	45 
1539	70 
1540	6 
1541	27 
1542	8 
1543	75 
1544	61 
1545	81 
1546	17 
1547	9 
1548	74 
1549	97 
1550	47 
1551	63 
1552	88 
1553	50 
1554	11 
1555	81 
1556	46 
1557	15 
1558	65 
1559	13 
1560	46 
1561	67 
1562	39 
1563	41 
1564	66 
1565	17 
1566	23 
1567	24 
1568	79 
1569	85 
1570	30 
1571	56 
1572	90 
1573	18 
1574	47 
1575	32 
1576	63 
1577	21 
1578	8 
1579	84 
1580	38 
1581	23 
1582	103 
1583	84 
1584	102 
1585	65 
1586	72 
1587	66 
1588	90 
1589	78 
1590	35 
1591	65 
1592	83 
1593	26 
1594	25 
1595	45 
1596	38 
1597	79 
1598	85 
1599	57 
1600	56 
1601	89 
1602	77 
1603	11 
1604	25 
1605	72 
1606	13 
1607	13 
1608	59 
1609	12 
1610	83 
1611	38 
1612	42 
1613	35 
1614	102 
1615	62 
1616	91 
1617	55 
1618	94 
1619	74 
1620	80 
1621	41 
1622	50 
1623	49 
1624	90 
1625	59 
1626	61 
1627	81 
1628	3 
1629	45 
1630	49 
1631	59 
1632	45 
1633	89 
1634	53 
1635	85 
1636	61 
1637	2 
1638	31 
1639	73 
1640	18 
1641	45 
1642	18 
1643	50 
1644	6 
1645	28 
1646	5 
1647	80 
1648	92 
1649	3 
1650	64 
1651	13 
1652	44 
1653	99 
1654	51 
1655	18 
1656	30 
1657	75 
1658	14 
1659	84 
1660	58 
1661	87 
1662	79 
1663	80 
1664	95 
1665	76 
1666	75 
1667	38 
1668	15 
1669	33 
1670	53 
1671	56 
1672	55 
1673	31 
1674	83 
1675	48 
1676	44 
1677	60 
1678	60 
1679	17 
1680	3 
1681	103 
1682	44 
1683	89 
1684	83 
1685	5 
1686	38 
1687	13 
1688	88 
1689	30 
1690	78 
1691	65 
1692	88 
1693	94 
1694	98 
1695	78 
1696	15 
1697	51 
1698	15 
1699	82 
1700	73 
1701	51 
1702	75 
1703	66 
1704	48 
1705	80 
1706	95 
1707	90 
1708	1 
1709	28 
1710	50 
1711	94 
1712	73 
1713	19 
1714	67 
1715	89 
1716	16 
1717	30 
1718	40 
1719	59 
1720	21 
1721	102 
1722	19 
1723	91 
1724	32 
1725	46 
1726	37 
1727	88 
1728	93 
1729	80 
1730	9 
1731	84 
1732	46 
1733	98 
1734	88 
1735	71 
1736	68 
1737	102 
1738	9 
1739	4 
1740	32 
1741	88 
1742	44 
1743	82 
1744	4 
1745	56 
1746	76 
1747	54 
1748	31 
1749	37 
1750	69 
1751	30 
1752	67 
1753	92 
1754	18 
1755	101 
1756	61 
1757	13 
1758	54 
1759	29 
1760	102 
1761	10 
1762	11 
1763	66 
1764	71 
1765	60 
1766	18 
1767	75 
1768	57 
1769	66 
1770	80 
1771	30 
1772	65 
1773	20 
1774	85 
1775	8 
1776	46 
1777	32 
1778	2 
1779	90 
1780	79 
1781	70 
1782	97 
1783	79 
1784	68 
1785	104 
1786	21 
1787	15 
1788	25 
1789	55 
1790	39 
1791	17 
1792	83 
1793	41 
1794	75 
1795	69 
1796	39 
1797	85 
1798	89 
1799	64 
1800	89 
1801	51 
1802	4 
1803	98 
1804	13 
1805	69 
1806	36 
1807	33 
1808	49 
1809	10 
1810	71 
1811	13 
1812	38 
1813	88 
1814	84 
1815	97 
1816	45 
1817	92 
1818	84 
1819	92 
1820	83 
1821	5 
1822	91 
1823	58 
1824	90 
1825	45 
1826	30 
1827	34 
1828	28 
1829	24 
1830	30 
1831	18 
1832	53 
1833	50 
1834	81 
1835	16 
1836	76 
1837	75 
1838	62 
1839	31 
1840	63 
1841	98 
1842	101 
1843	90 
1844	24 
1845	97 
1846	28 
1847	21 
1848	31 
1849	41 
1850	38 
1851	7 
1852	52 
1853	93 
1854	18 
1855	13 
1856	41 
1857	35 
1858	91 
1859	38 
1860	29 
1861	69 
1862	21 
1863	19 
1864	98 
1865	45 
1866	74 
1867	86 
1868	21 
1869	80 
1870	85 
1871	21 
1872	12 
1873	50 
1874	30 
1875	41 
1876	70 
1877	21 
1878	82 
1879	74 
1880	15 
1881	70 
1882	79 
1883	15 
1884	58 
1885	45 
1886	19 
1887	21 
1888	21 
1889	75 
1890	75 
1891	8 
1892	64 
1893	64 
1894	66 
1895	92 
1896	91 
1897	40 
1898	82 
1899	63 
1900	59 
1901	49 
1902	87 
1903	2 
1904	78 
1905	69 
1906	61 
1907	32 
1908	50 
1909	61 
1910	14 
1911	32 
1912	45 
1913	5 
1914	85 
1915	47 
1916	7 
1917	17 
1918	44 
1919	33 
1920	83 
1921	3 
1922	7 
1923	31 
1924	42 
1925	102 
1926	2 
1927	48 
1928	9 
1929	50 
1930	2 
1931	56 
1932	67 
1933	33 
1934	37 
1935	77 
1936	11 
1937	19 
1938	92 
1939	47 
1940	32 
1941	55 
1942	56 
1943	78 
1944	98 
1945	18 
1946	29 
1947	103 
1948	46 
1949	22 
1950	76 
1951	11 
1952	99 
1953	34 
1954	83 
1955	45 
1956	70 
1957	54 
1958	82 
1959	26 
1960	81 
1961	67 
1962	45 
1963	95 
1964	80 
1965	45 
1966	62 
1967	61 
1968	78 
1969	57 
1970	27 
1971	38 
1972	23 
1973	93 
1974	43 
1975	14 
1976	64 
1977	60 
1978	21 
1979	56 
1980	96 
1981	3 
1982	53 
1983	15 
1984	5 
1985	28 
1986	24 
1987	81 
1988	9 
1989	94 
1990	76 
1991	61 
1992	100 
1993	66 
1994	82 
1995	56 
1996	6 
1997	84 
1998	85 
1999	31 
2000	15 
2001	11 
2002	99 
2003	85 
2004	46 
2005	82 
2006	61 
2007	7 
2008	98 
2009	104 
2010	30 
2011	14 
2012	27 
2013	98 
2014	69 
2015	89 
2016	38 
2017	50 
2018	61 
2019	53 
2020	30 
2021	69 
2022	39 
2023	29 
2024	78 
2025	102 
2026	33 
2027	98 
2028	95 
2029	38 
2030	46 
2031	82 
2032	82 
2033	16 
2034	90 
2035	60 
2036	56 
2037	67 
2038	65 
2039	31 
2040	84 
2041	38 
2042	99 
2043	26 
2044	71 
2045	53 
2046	11 
2047	16 
2048	11 
2049	21 
2050	46 
2051	49 
2052	19 
2053	44 
2054	51 
2055	38 
2056	1 
2057	84 
2058	102 
2059	38 
2060	4 
2061	58 
2062	10 
2063	45 
2064	35 
2065	38 
2066	9 
2067	17 
2068	88 
2069	13 
2070	80 
2071	53 
2072	39 
2073	80 
2074	10 
2075	76 
2076	17 
2077	36 
2078	49 
2079	91 
2080	77 
2081	19 
2082	16 
2083	19 
2084	63 
2085	3 
2086	84 
2087	103 
2088	16 
2089	59 
2090	50 
2091	34 
2092	84 
2093	97 
2094	75 
2095	81 
2096	24 
2097	60 
2098	25 
2099	19 
2100	93 
2101	41 
2102	46 
2103	14 
2104	45 
2105	75 
2106	90 
2107	4 
2108	101 
2109	90 
2110	6 
2111	45 
2112	60 
2113	83 
2114	100 
2115	11 
2116	47 
2117	46 
2118	92 
2119	64 
2120	88 
2121	61 
2122	48 
2123	31 
2124	78 
2125	55 
2126	56 
2127	43 
2128	69 
2129	53 
2130	82 
2131	38 
2132	74 
2133	17 
2134	22 
2135	55 
2136	28 
2137	49 
2138	56 
2139	63 
2140	37 
2141	63 
2142	88 
2143	44 
2144	21 
2145	64 
2146	13 
2147	81 
2148	71 
2149	38 
2150	51 
2151	15 
2152	46 
2153	21 
2154	80 
2155	59 
2156	57 
2157	54 
2158	7 
2159	89 
2160	13 
2161	11 
2162	53 
2163	72 
2164	15 
2165	35 
2166	92 
2167	5 
2168	41 
2169	95 
2170	15 
2171	2 
2172	38 
2173	63 
2174	83 
2175	61 
2176	76 
2177	79 
2178	86 
2179	61 
2180	31 
2181	76 
2182	85 
2183	20 
2184	12 
2185	13 
2186	86 
2187	4 
2188	44 
2189	87 
2190	85 
2191	14 
2192	46 
2193	24 
2194	11 
2195	94 
2196	103 
2197	27 
2198	6 
2199	21 
2200	11 
2201	18 
2202	17 
2203	73 
2204	30 
2205	13 
2206	64 
2207	16 
2208	2 
2209	51 
2210	38 
2211	46 
2212	18 
2213	58 
2214	90 
2215	19 
2216	69 
2217	33 
2218	17 
2219	41 
2220	90 
2221	95 
2222	84 
2223	32 
2224	104 
2225	89 
2226	1 
2227	66 
2228	15 
2229	38 
2230	18 
2231	45 
2232	66 
2233	31 
2234	101 
2235	96 
2236	11 
2237	32 
2238	101 
2239	91 
2240	73 
2241	19 
2242	10 
2243	93 
2244	98 
2245	93 
2246	7 
2247	60 
2248	31 
2249	80 
2250	17 
2251	39 
2252	28 
2253	71 
2254	63 
2255	15 
2256	46 
2257	72 
2258	77 
2259	75 
2260	44 
2261	2 
2262	104 
2263	57 
2264	61 
2265	52 
2266	71 
2267	60 
2268	100 
2269	33 
2270	70 
2271	38 
2272	50 
2273	16 
2274	65 
2275	48 
2276	53 
2277	74 
2278	76 
2279	80 
2280	68 
2281	51 
2282	98 
2283	65 
2284	59 
2285	41 
2286	41 
2287	80 
2288	75 
2289	41 
2290	21 
2291	16 
2292	34 
2293	38 
2294	62 
2295	41 
2296	80 
2297	45 
2298	52 
2299	51 
2300	93 
2301	19 
2302	104 
2303	88 
2304	53 
2305	18 
2306	75 
2307	95 
2308	20 
2309	85 
2310	21 
2311	65 
2312	63 
2313	41 
2314	15 
2315	28 
2316	43 
2317	54 
2318	98 
2319	74 
2320	57 
2321	55 
2322	49 
2323	39 
2324	45 
2325	48 
2326	84 
2327	80 
2328	35 
2329	13 
2330	75 
2331	69 
2332	11 
2333	71 
2334	28 
2335	31 
2336	59 
2337	13 
2338	44 
2339	101 
2340	56 
2341	3 
2342	30 
2343	43 
2344	74 
2345	61 
2346	1 
2347	6 
2348	38 
2349	54 
2350	22 
2351	44 
2352	36 
2353	103 
2354	17 
2355	24 
2356	20 
2357	44 
2358	18 
2359	80 
2360	82 
2361	38 
2362	49 
2363	32 
2364	68 
2365	18 
2366	104 
2367	30 
2368	16 
2369	43 
2370	95 
2371	79 
2372	5 
2373	31 
2374	40 
2375	71 
2376	17 
2377	46 
2378	4 
2379	44 
2380	29 
2381	66 
2382	64 
2383	102 
2384	3 
2385	103 
2386	84 
2387	76 
2388	96 
2389	84 
2390	85 
2391	54 
2392	16 
2393	44 
2394	59 
2395	101 
2396	52 
2397	55 
2398	17 
2399	50 
2400	34 
2401	30 
2402	66 
2403	35 
2404	4 
2405	16 
2406	36 
2407	14 
2408	72 
2409	43 
2410	45 
2411	40 
2412	21 
2413	57 
2414	98 
2415	72 
2416	8 
2417	31 
2418	50 
2419	3 
2420	61 
2421	15 
2422	83 
2423	5 
2424	102 
2425	6 
2426	33 
2427	4 
2428	34 
2429	80 
2430	56 
2431	62 
2432	80 
2433	28 
2434	80 
2435	102 
2436	55 
2437	56 
2438	76 
2439	69 
2440	33 
2441	71 
2442	32 
2443	38 
2444	61 
2445	20 
2446	2 
2447	7 
2448	99 
2449	58 
2450	90 
2451	4 
2452	86 
2453	82 
2454	9 
2455	15 
2456	16 
2457	92 
2458	91 
2459	93 
2460	58 
2461	16 
2462	19 
2463	31 
2464	52 
2465	14 
2466	50 
2467	6 
2468	70 
2469	43 
2470	32 
2471	88 
2472	79 
2473	45 
2474	19 
2475	50 
2476	10 
2477	53 
2478	57 
2479	6 
2480	60 
2481	85 
2482	36 
2483	72 
2484	61 
2485	6 
2486	14 
2487	32 
2488	17 
2489	21 
2490	31 
2491	29 
2492	34 
2493	69 
2494	36 
2495	63 
2496	45 
2497	37 
2498	35 
2499	22 
2500	17 
2501	12 
2502	24 
2503	53 
2504	16 
2505	59 
2506	13 
2507	56 
2508	54 
2509	67 
2510	59 
2511	35 
2512	97 
2513	10 
2514	17 
2515	38 
2516	68 
2517	62 
2518	85 
2519	103 
2520	13 
2521	1 
2522	3 
2523	86 
2524	60 
2525	101 
2526	62 
2527	88 
2528	2 
2529	88 
2530	44 
2531	4 
2532	51 
2533	72 
2534	83 
2535	43 
2536	8 
2537	61 
2538	102 
2539	102 
2540	101 
2541	44 
2542	79 
2543	43 
2544	49 
2545	66 
2546	81 
2547	95 
2548	86 
2549	7 
2550	42 
2551	43 
2552	53 
2553	104 
2554	47 
2555	71 
2556	38 
2557	72 
2558	30 
2559	5 
2560	77 
2561	14 
2562	36 
2563	5 
2564	13 
2565	60 
2566	88 
2567	18 
2568	28 
2569	84 
2570	64 
2571	51 
2572	67 
2573	50 
2574	58 
2575	9 
2576	85 
2577	62 
2578	101 
2579	1 
2580	54 
2581	33 
2582	80 
2583	15 
2584	34 
2585	56 
2586	19 
2587	44 
2588	67 
2589	45 
2590	54 
2591	88 
2592	53 
2593	31 
2594	16 
2595	78 
2596	94 
2597	83 
2598	72 
2599	16 
2600	13 
2601	72 
2602	56 
2603	31 
2604	2 
2605	30 
2606	55 
2607	18 
2608	58 
2609	78 
2610	27 
2611	6 
2612	5 
2613	103 
2614	52 
2615	60 
2616	66 
2617	68 
2618	104 
2619	73 
2620	85 
2621	50 
2622	63 
2623	45 
2624	89 
2625	89 
2626	83 
2627	65 
2628	85 
2629	91 
2630	31 
2631	89 
2632	72 
2633	20 
2634	7 
2635	24 
2636	19 
2637	37 
2638	83 
2639	74 
2640	75 
2641	35 
2642	34 
2643	75 
2644	81 
2645	56 
2646	39 
2647	58 
2648	43 
2649	89 
2650	95 
2651	52 
2652	102 
2653	82 
2654	75 
2655	85 
2656	28 
2657	90 
2658	53 
2659	41 
2660	41 
2661	53 
2662	76 
2663	95 
2664	39 
2665	26 
2666	44 
2667	13 
2668	54 
2669	100 
2670	61 
2671	1 
2672	72 
2673	34 
2674	60 
2675	17 
2676	94 
2677	75 
2678	34 
2679	40 
2680	19 
2681	71 
2682	53 
2683	80 
2684	8 
2685	49 
2686	25 
2687	87 
2688	93 
2689	46 
2690	7 
2691	72 
2692	50 
2693	31 
2694	26 
2695	86 
2696	34 
2697	50 
2698	100 
2699	5 
2700	84 
2701	62 
2702	15 
2703	100 
2704	104 
2705	45 
2706	48 
2707	53 
2708	49 
2709	19 
2710	88 
2711	74 
2712	95 
2713	68 
2714	77 
2715	14 
2716	29 
2717	83 
2718	19 
2719	77 
2720	104 
2721	46 
2722	98 
2723	71 
2724	89 
2725	86 
2726	60 
2727	17 
2728	32 
2729	19 
2730	21 
2731	95 
2732	85 
2733	61 
2734	34 
2735	19 
2736	104 
2737	53 
2738	88 
2739	32 
2740	102 
2741	101 
2742	34 
2743	84 
2744	47 
2745	76 
2746	68 
2747	61 
2748	7 
2749	32 
2750	48 
2751	49 
2752	37 
2753	71 
2754	52 
2755	25 
2756	51 
2757	84 
2758	87 
2759	30 
2760	102 
2761	84 
2762	82 
2763	38 
2764	76 
2765	80 
2766	44 
2767	44 
2768	71 
2769	6 
2770	48 
2771	46 
2772	51 
2773	25 
2774	29 
2775	56 
2776	53 
2777	58 
2778	56 
2779	74 
2780	64 
2781	33 
2782	16 
2783	43 
2784	81 
2785	30 
2786	2 
2787	45 
2788	97 
2789	41 
2790	59 
2791	32 
2792	32 
2793	5 
2794	19 
2795	55 
2796	84 
2797	66 
2798	55 
2799	53 
2800	66 
2801	104 
2802	6 
2803	100 
2804	11 
2805	41 
2806	49 
2807	88 
2808	90 
2809	66 
2810	45 
2811	66 
2812	88 
2813	35 
2814	63 
2815	58 
2816	19 
2817	55 
2818	65 
2819	71 
2820	49 
2821	5 
2822	85 
2823	48 
2824	30 
2825	46 
2826	101 
2827	90 
2828	17 
2829	85 
2830	13 
2831	56 
2832	60 
2833	58 
2834	73 
2835	66 
2836	41 
2837	55 
2838	34 
2839	59 
2840	41 
2841	99 
2842	15 
2843	80 
2844	48 
2845	9 
2846	31 
2847	9 
2848	3 
2849	83 
2850	71 
2851	44 
2852	38 
2853	46 
2854	79 
2855	58 
2856	76 
2857	82 
2858	16 
2859	63 
2860	34 
2861	63 
2862	21 
2863	72 
2864	50 
2865	17 
2866	70 
2867	80 
2868	100 
2869	76 
2870	104 
2871	2 
2872	14 
2873	38 
2874	92 
2875	51 
2876	66 
2877	71 
2878	45 
2879	77 
2880	7 
2881	54 
2882	65 
2883	102 
2884	69 
2885	6 
2886	80 
2887	50 
2888	97 
2889	22 
2890	93 
2891	67 
2892	56 
2893	102 
2894	104 
2895	94 
2896	69 
2897	71 
2898	10 
2899	38 
2900	14 
2901	72 
2902	57 
2903	10 
2904	12 
2905	25 
2906	60 
2907	101 
2908	12 
2909	53 
2910	3 
2911	75 
2912	102 
2913	14 
2914	12 
2915	21 
2916	15 
2917	69 
2918	91 
2919	28 
2920	31 
2921	43 
2922	79 
2923	71 
2924	15 
2925	51 
2926	34 
2927	79 
2928	15 
2929	78 
2930	64 
2931	61 
2932	49 
2933	26 
2934	54 
2935	49 
2936	43 
2937	38 
2938	21 
2939	38 
2940	91 
2941	87 
2942	80 
2943	54 
2944	63 
2945	99 
2946	32 
2947	80 
2948	63 
2949	72 
2950	84 
2951	46 
2952	63 
2953	53 
2954	57 
2955	30 
2956	104 
2957	80 
2958	8 
2959	52 
2960	66 
2961	58 
2962	56 
2963	23 
2964	81 
2965	6 
2966	98 
2967	101 
2968	16 
2969	26 
2970	28 
2971	13 
2972	35 
2973	50 
2974	53 
2975	49 
2976	102 
2977	31 
2978	9 
2979	25 
2980	8 
2981	88 
2982	16 
2983	25 
2984	72 
2985	7 
2986	39 
2987	19 
2988	48 
2989	5 
2990	95 
2991	82 
2992	22 
2993	1 
2994	104 
2995	69 
2996	96 
2997	61 
2998	52 
2999	78 
3000	13 
3001	66 
3002	65 
3003	41 
3004	57 
3005	14 
3006	34 
3007	69 
3008	41 
3009	103 
3010	103 
3011	42 
3012	47 
3013	63 
3014	88 
3015	70 
3016	72 
3017	90 
3018	28 
3019	79 
3020	53 
3021	61 
3022	86 
3023	48 
3024	34 
3025	47 
3026	20 
3027	3 
3028	54 
3029	35 
3030	31 
3031	90 
3032	49 
3033	84 
3034	45 
3035	15 
3036	14 
3037	70 
3038	53 
3039	68 
3040	74 
3041	47 
3042	55 
3043	38 
3044	55 
3045	90 
3046	72 
3047	21 
3048	38 
3049	58 
3050	64 
3051	49 
3052	52 
3053	10 
3054	28 
3055	83 
3056	56 
3057	13 
3058	3 
3059	17 
3060	34 
3061	37 
3062	51 
3063	34 
3064	73 
3065	71 
3066	71 
3067	55 
3068	64 
3069	14 
3070	79 
3071	97 
3072	45 
3073	64 
3074	51 
3075	104 
3076	18 
3077	72 
3078	66 
3079	11 
3080	81 
3081	28 
3082	21 
3083	58 
3084	55 
3085	84 
3086	8 
3087	95 
3088	64 
3089	49 
3090	41 
3091	74 
3092	64 
3093	80 
3094	12 
3095	80 
3096	64 
3097	89 
3098	6 
3099	24 
3100	6 
3101	39 
3102	50 
3103	49 
3104	61 
3105	34 
3106	56 
3107	17 
3108	3 
3109	91 
3110	19 
3111	69 
3112	86 
3113	50 
3114	82 
3115	2 
3116	46 
3117	26 
3118	49 
3119	95 
3120	101 
3121	57 
3122	27 
3123	55 
3124	18 
3125	89 
3126	55 
3127	17 
3128	65 
3129	72 
3130	13 
3131	3 
3132	85 
3133	21 
3134	64 
3135	84 
3136	67 
3137	56 
3138	9 
3139	59 
3140	65 
3141	91 
3142	33 
3143	35 
3144	27 
3145	2 
3146	2 
3147	30 
3148	81 
3149	59 
3150	88 
3151	82 
3152	55 
3153	23 
3154	89 
3155	49 
3156	55 
3157	6 
3158	31 
3159	80 
3160	95 
3161	90 
3162	18 
3163	21 
3164	84 
3165	66 
3166	103 
3167	21 
3168	49 
3169	44 
3170	6 
3171	34 
3172	83 
3173	53 
3174	92 
3175	60 
3176	19 
3177	71 
3178	22 
3179	23 
3180	93 
3181	10 
3182	78 
3183	40 
3184	55 
3185	56 
3186	95 
3187	104 
3188	81 
3189	18 
3190	35 
3191	33 
3192	100 
3193	50 
3194	89 
3195	19 
3196	63 
3197	103 
3198	94 
3199	41 
3200	40 
3201	46 
3202	75 
3203	103 
3204	45 
3205	69 
3206	16 
3207	88 
3208	35 
3209	37 
3210	54 
3211	92 
3212	85 
3213	87 
3214	9 
3215	88 
3216	1 
3217	49 
3218	59 
3219	26 
3220	45 
3221	17 
3222	45 
3223	83 
3224	28 
3225	17 
3226	90 
3227	14 
3228	77 
3229	48 
3230	21 
3231	53 
3232	40 
3233	2 
3234	90 
3235	26 
3236	74 
3237	19 
3238	19 
3239	86 
3240	62 
3241	31 
3242	15 
3243	63 
3244	43 
3245	85 
3246	45 
3247	102 
3248	30 
3249	82 
3250	79 
3251	57 
3252	50 
3253	77 
3254	45 
3255	21 
3256	15 
3257	30 
3258	31 
3259	41 
3260	102 
3261	11 
3262	45 
3263	19 
3264	90 
3265	85 
3266	22 
3267	89 
3268	102 
3269	97 
3270	73 
3271	88 
3272	45 
3273	16 
3274	17 
3275	87 
3276	94 
3277	72 
3278	23 
3279	101 
3280	86 
3281	58 
3282	93 
3283	28 
3284	11 
3285	28 
3286	49 
3287	60 
3288	20 
3289	74 
3290	53 
3291	53 
3292	89 
3293	17 
3294	52 
3295	53 
3296	63 
3297	7 
3298	65 
3299	85 
3300	34 
3301	1 
3302	23 
3303	15 
3304	75 
3305	10 
3306	85 
3307	101 
3308	71 
3309	20 
3310	24 
3311	103 
3312	98 
3313	7 
3314	80 
3315	90 
3316	52 
3317	63 
3318	10 
3319	66 
3320	46 
3321	34 
3322	26 
3323	35 
3324	88 
3325	59 
3326	41 
3327	75 
3328	15 
3329	14 
3330	60 
3331	69 
3332	9 
3333	42 
3334	44 
3335	98 
3336	2 
3337	30 
3338	16 
3339	19 
3340	30 
3341	71 
3342	68 
3343	3 
3344	33 
3345	2 
3346	55 
3347	102 
3348	61 
3349	28 
3350	43 
3351	55 
3352	69 
3353	33 
3354	25 
3355	38 
3356	57 
3357	8 
3358	69 
3359	45 
3360	98 
3361	43 
3362	85 
3363	58 
3364	8 
3365	5 
3366	27 
3367	84 
3368	12 
3369	22 
3370	56 
3371	47 
3372	15 
3373	80 
3374	63 
3375	68 
3376	50 
3377	85 
3378	23 
3379	64 
3380	58 
3381	28 
3382	1 
3383	15 
3384	68 
3385	74 
3386	99 
3387	39 
3388	46 
3389	26 
3390	66 
3391	49 
3392	73 
3393	31 
3394	68 
3395	38 
3396	71 
3397	61 
3398	30 
3399	30 
3400	84 
3401	81 
3402	37 
3403	15 
3404	66 
3405	23 
3406	43 
3407	71 
3408	50 
3409	37 
3410	46 
3411	12 
3412	52 
3413	74 
3414	53 
3415	19 
3416	61 
3417	14 
3418	82 
3419	60 
3420	50 
3421	90 
3422	19 
3423	98 
3424	97 
3425	82 
3426	31 
3427	79 
3428	45 
3429	73 
3430	82 
3431	75 
3432	53 
3433	44 
3434	16 
3435	86 
3436	76 
3437	6 
3438	6 
3439	42 
3440	21 
3441	100 
3442	83 
3443	52 
3444	78 
3445	40 
3446	14 
3447	104 
3448	88 
3449	71 
3450	33 
3451	57 
3452	67 
3453	59 
3454	91 
3455	1 
3456	15 
3457	46 
3458	89 
3459	43 
3460	11 
3461	58 
3462	38 
3463	50 
3464	72 
3465	56 
3466	88 
3467	84 
3468	85 
3469	90 
3470	62 
3471	30 
3472	73 
3473	53 
3474	4 
3475	86 
3476	30 
3477	67 
3478	48 
3479	55 
3480	92 
3481	83 
3482	75 
3483	66 
3484	14 
3485	45 
3486	59 
3487	6 
3488	83 
3489	84 
3490	100 
3491	90 
3492	9 
3493	59 
3494	69 
3495	79 
3496	60 
3497	53 
3498	5 
3499	91 
3500	80 
3501	71 
3502	62 
3503	90 
3504	99 
3505	65 
3506	30 
3507	77 
3508	15 
3509	77 
3510	76 
3511	71 
3512	66 
3513	73 
3514	83 
3515	87 
3516	90 
3517	33 
3518	47 
3519	31 
3520	21 
3521	34 
3522	102 
3523	45 
3524	39 
3525	64 
3526	92 
3527	17 
3528	100 
3529	64 
3530	10 
3531	67 
3532	83 
3533	16 
3534	82 
3535	13 
3536	85 
3537	51 
3538	104 
3539	91 
3540	37 
3541	41 
3542	54 
3543	80 
3544	22 
3545	32 
3546	34 
3547	64 
3548	11 
3549	73 
3550	81 
3551	32 
3552	74 
3553	78 
3554	45 
3555	12 
3556	43 
3557	71 
3558	24 
3559	49 
3560	80 
3561	27 
3562	99 
3563	8 
3564	52 
3565	68 
3566	9 
3567	2 
3568	85 
3569	83 
3570	74 
3571	85 
3572	54 
3573	34 
3574	51 
3575	88 
3576	58 
3577	86 
3578	14 
3579	30 
3580	21 
3581	90 
3582	22 
3583	70 
3584	87 
3585	67 
3586	90 
3587	18 
3588	31 
3589	49 
3590	38 
3591	45 
3592	9 
3593	89 
3594	64 
3595	23 
3596	103 
3597	4 
3598	53 
3599	98 
3600	69 
3601	80 
3602	73 
3603	23 
3604	96 
3605	100 
3606	82 
3607	56 
3608	47 
3609	48 
3610	31 
3611	30 
3612	30 
3613	103 
3614	9 
3615	102 
3616	101 
3617	23 
3618	51 
3619	5 
3620	43 
3621	23 
3622	50 
3623	89 
3624	49 
3625	72 
3626	91 
3627	102 
3628	30 
3629	38 
3630	81 
3631	57 
3632	61 
3633	14 
3634	87 
3635	102 
3636	79 
3637	95 
3638	92 
3639	101 
3640	35 
3641	59 
3642	41 
3643	86 
3644	20 
3645	48 
3646	15 
3647	69 
3648	26 
3649	30 
3650	98 
3651	87 
3652	57 
3653	63 
3654	57 
3655	60 
3656	45 
3657	35 
3658	76 
3659	54 
3660	76 
3661	80 
3662	20 
3663	18 
3664	98 
3665	50 
3666	28 
3667	33 
3668	46 
3669	68 
3670	62 
3671	61 
3672	21 
3673	35 
3674	21 
3675	37 
3676	42 
3677	75 
3678	5 
3679	45 
3680	74 
3681	86 
3682	77 
3683	103 
3684	57 
3685	102 
3686	73 
3687	28 
3688	44 
3689	78 
3690	85 
3691	34 
3692	79 
3693	98 
3694	24 
3695	55 
3696	80 
3697	89 
3698	33 
3699	33 
3700	86 
3701	94 
3702	48 
3703	33 
3704	55 
3705	37 
3706	41 
3707	36 
3708	88 
3709	41 
3710	21 
3711	34 
3712	5 
3713	74 
3714	61 
3715	29 
3716	53 
3717	57 
3718	56 
3719	11 
3720	7 
3721	60 
3722	53 
3723	76 
3724	60 
3725	72 
3726	31 
3727	7 
3728	85 
3729	56 
3730	76 
3731	71 
3732	45 
3733	50 
3734	93 
3735	30 
3736	102 
3737	85 
3738	72 
3739	46 
3740	69 
3741	22 
3742	21 
3743	16 
3744	14 
3745	83 
3746	46 
3747	92 
3748	92 
3749	15 
3750	45 
3751	70 
3752	30 
3753	72 
3754	27 
3755	71 
3756	48 
3757	13 
3758	99 
3759	90 
3760	66 
3761	33 
3762	20 
3763	18 
3764	56 
3765	57 
3766	64 
3767	15 
3768	60 
3769	19 
3770	74 
3771	37 
3772	17 
3773	74 
3774	61 
3775	12 
3776	79 
3777	97 
3778	101 
3779	57 
3780	69 
3781	66 
3782	48 
3783	55 
3784	46 
3785	62 
3786	90 
3787	53 
3788	81 
3789	87 
3790	14 
3791	41 
3792	71 
3793	61 
3794	56 
3795	49 
3796	20 
3797	102 
3798	69 
3799	45 
3800	62 
3801	56 
3802	46 
3803	93 
3804	55 
3805	74 
3806	82 
3807	60 
3808	27 
3809	103 
3810	47 
3811	57 
3812	41 
3813	82 
3814	12 
3815	8 
3816	49 
3817	21 
3818	77 
3819	74 
3820	5 
3821	34 
3822	102 
3823	99 
3824	6 
3825	15 
3826	43 
3827	50 
3828	84 
3829	72 
3830	93 
3831	19 
3832	60 
3833	85 
3834	85 
3835	50 
3836	9 
3837	48 
3838	100 
3839	80 
3840	100 
3841	30 
3842	102 
3843	41 
3844	82 
3845	79 
3846	20 
3847	17 
3848	30 
3849	7 
3850	30 
3851	15 
3852	60 
3853	56 
3854	64 
3855	53 
3856	69 
3857	21 
3858	84 
3859	40 
3860	37 
3861	15 
3862	15 
3863	101 
3864	21 
3865	103 
3866	101 
3867	67 
3868	9 
3869	3 
3870	66 
3871	15 
3872	85 
3873	104 
3874	46 
3875	49 
3876	103 
3877	80 
3878	75 
3879	46 
3880	72 
3881	86 
3882	2 
3883	71 
3884	19 
3885	39 
3886	27 
3887	29 
3888	38 
3889	40 
3890	15 
3891	46 
3892	102 
3893	85 
3894	80 
3895	3 
3896	35 
3897	104 
3898	34 
3899	99 
3900	7 
3901	69 
3902	67 
3903	72 
3904	56 
3905	33 
3906	62 
3907	57 
3908	32 
3909	37 
3910	40 
3911	103 
3912	77 
3913	44 
3914	75 
3915	63 
3916	102 
3917	55 
3918	93 
3919	80 
3920	90 
3921	2 
3922	21 
3923	71 
3924	3 
3925	63 
3926	90 
3927	3 
3928	16 
3929	30 
3930	88 
3931	81 
3932	20 
3933	1 
3934	10 
3935	15 
3936	93 
3937	16 
3938	92 
3939	43 
3940	13 
3941	27 
3942	41 
3943	59 
3944	103 
3945	96 
3946	78 
3947	91 
3948	17 
3949	69 
3950	38 
3951	98 
3952	19 
3953	6 
3954	20 
3955	89 
3956	18 
3957	40 
3958	64 
3959	34 
3960	93 
3961	5 
3962	19 
3963	52 
3964	45 
3965	60 
3966	27 
3967	80 
3968	67 
3969	96 
3970	75 
3971	28 
3972	7 
3973	57 
3974	1 
3975	21 
3976	96 
3977	15 
3978	49 
3979	10 
3980	30 
3981	2 
3982	82 
3983	64 
3984	90 
3985	3 
3986	67 
3987	79 
3988	50 
3989	84 
3990	62 
3991	12 
3992	64 
3993	79 
3994	68 
3995	52 
3996	20 
3997	35 
3998	49 
3999	52 
4000	85 
4001	11 
4002	67 
4003	60 
4004	33 
4005	50 
4006	52 
4007	87 
4008	51 
4009	18 
4010	11 
4011	59 
4012	54 
4013	42 
4014	10 
4015	13 
4016	14 
4017	23 
4018	72 
4019	89 
4020	52 
4021	15 
4022	47 
4023	14 
4024	45 
4025	87 
4026	55 
4027	55 
4028	69 
4029	64 
4030	19 
4031	84 
4032	2 
4033	84 
4034	3 
4035	14 
4036	82 
4037	49 
4038	15 
4039	53 
4040	92 
4041	17 
4042	74 
4043	11 
4044	44 
4045	96 
4046	37 
4047	95 
4048	45 
4049	16 
4050	63 
4051	23 
4052	57 
4053	17 
4054	4 
4055	10 
4056	34 
4057	58 
4058	54 
4059	16 
4060	45 
4061	66 
4062	39 
4063	50 
4064	72 
4065	6 
4066	80 
4067	17 
4068	5 
4069	77 
4070	79 
4071	61 
4072	14 
4073	97 
4074	81 
4075	91 
4076	55 
4077	18 
4078	104 
4079	51 
4080	80 
4081	85 
4082	67 
4083	85 
4084	17 
4085	5 
4086	4 
4087	79 
4088	62 
4089	57 
4090	49 
4091	45 
4092	57 
4093	46 
4094	88 
4095	26 
4096	75 
4097	34 
4098	12 
4099	30 
4100	15 
4101	96 
4102	72 
4103	53 
4104	60 
4105	22 
4106	90 
4107	92 
4108	2 
4109	101 
4110	85 
4111	78 
4112	83 
4113	97 
4114	30 
4115	38 
4116	49 
4117	13 
4118	53 
4119	14 
4120	13 
4121	55 
4122	51 
4123	16 
4124	82 
4125	21 
4126	43 
4127	87 
4128	98 
4129	19 
4130	68 
4131	62 
4132	52 
4133	64 
4134	33 
4135	73 
4136	11 
4137	51 
4138	69 
4139	21 
4140	56 
4141	91 
4142	45 
4143	50 
4144	28 
4145	53 
4146	71 
4147	5 
4148	46 
4149	50 
4150	41 
4151	103 
4152	3 
4153	4 
4154	13 
4155	60 
4156	66 
4157	66 
4158	13 
4159	37 
4160	80 
4161	8 
4162	17 
4163	102 
4164	45 
4165	56 
4166	4 
4167	34 
4168	81 
4169	35 
4170	3 
4171	17 
4172	38 
4173	78 
4174	84 
4175	14 
4176	69 
4177	30 
4178	92 
4179	79 
4180	76 
4181	10 
4182	38 
4183	18 
4184	19 
4185	66 
4186	74 
4187	92 
4188	49 
4189	85 
4190	84 
4191	1 
4192	2 
4193	93 
4194	46 
4195	74 
4196	44 
4197	31 
4198	69 
4199	77 
4200	74 
4201	7 
4202	28 
4203	17 
4204	31 
4205	5 
4206	55 
4207	17 
4208	34 
4209	43 
4210	89 
4211	16 
4212	83 
4213	93 
4214	38 
4215	70 
4216	76 
4217	77 
4218	8 
4219	30 
4220	21 
4221	2 
4222	13 
4223	6 
4224	66 
4225	82 
4226	72 
4227	7 
4228	39 
4229	26 
4230	101 
4231	101 
4232	1 
4233	69 
4234	47 
4235	34 
4236	78 
4237	30 
4238	90 
4239	28 
4240	45 
4241	84 
4242	55 
4243	104 
4244	45 
4245	4 
4246	98 
4247	97 
4248	50 
4249	79 
4250	67 
4251	41 
4252	93 
4253	72 
4254	92 
4255	63 
4256	89 
4257	38 
4258	77 
4259	83 
4260	83 
4261	50 
4262	74 
4263	21 
4264	76 
4265	60 
4266	68 
4267	2 
4268	104 
4269	78 
4270	60 
4271	85 
4272	89 
4273	56 
4274	15 
4275	85 
4276	66 
4277	14 
4278	18 
4279	16 
4280	92 
4281	84 
4282	34 
4283	3 
4284	38 
4285	19 
4286	59 
4287	38 
4288	69 
4289	5 
4290	53 
4291	18 
4292	75 
4293	84 
4294	83 
4295	38 
4296	103 
4297	79 
4298	60 
4299	104 
4300	61 
4301	79 
4302	5 
4303	56 
4304	58 
4305	31 
4306	104 
4307	16 
4308	31 
4309	66 
4310	5 
4311	97 
4312	72 
4313	13 
4314	81 
4315	30 
4316	53 
4317	44 
4318	8 
4319	78 
4320	3 
4321	7 
4322	64 
4323	103 
4324	15 
4325	55 
4326	47 
4327	64 
4328	45 
4329	68 
4330	30 
4331	103 
4332	93 
4333	88 
4334	33 
4335	2 
4336	71 
4337	11 
4338	19 
4339	83 
4340	95 
4341	21 
4342	50 
4343	84 
4344	98 
4345	21 
4346	45 
4347	31 
4348	69 
4349	55 
4350	76 
4351	82 
4352	43 
4353	18 
4354	71 
4355	53 
4356	58 
4357	30 
4358	80 
4359	66 
4360	76 
4361	98 
4362	59 
4363	80 
4364	62 
4365	92 
4366	81 
4367	63 
4368	69 
4369	7 
4370	17 
4371	55 
4372	58 
4373	66 
4374	4 
4375	41 
4376	88 
4377	14 
4378	88 
4379	55 
4380	66 
4381	53 
4382	63 
4383	59 
4384	44 
4385	45 
4386	43 
4387	44 
4388	21 
4389	46 
4390	68 
4391	4 
4392	69 
4393	57 
4394	90 
4395	56 
4396	50 
4397	34 
4398	47 
4399	61 
4400	101 
4401	82 
4402	56 
4403	64 
4404	43 
4405	101 
4406	13 
4407	71 
4408	21 
4409	61 
4410	89 
4411	5 
4412	46 
4413	104 
4414	84 
4415	58 
4416	50 
4417	39 
4418	46 
4419	31 
4420	83 
4421	90 
4422	60 
4423	76 
4424	66 
4425	15 
4426	55 
4427	61 
4428	79 
4429	78 
4430	9 
4431	32 
4432	43 
4433	80 
4434	78 
4435	52 
4436	38 
4437	92 
4438	90 
4439	30 
4440	97 
4441	102 
4442	84 
4443	101 
4444	31 
4445	34 
4446	21 
4447	8 
4448	9 
4449	71 
4450	15 
4451	18 
4452	58 
4453	84 
4454	46 
4455	2 
4456	41 
4457	69 
4458	58 
4459	17 
4460	44 
4461	102 
4462	90 
4463	15 
4464	21 
4465	64 
4466	89 
4467	19 
4468	31 
4469	89 
4470	76 
4471	17 
4472	89 
4473	82 
4474	79 
4475	19 
4476	71 
4477	21 
4478	30 
4479	53 
4480	57 
4481	50 
4482	74 
4483	56 
4484	82 
4485	51 
4486	3 
4487	101 
4488	83 
4489	41 
4490	82 
4491	21 
4492	16 
4493	85 
4494	63 
4495	74 
4496	57 
4497	71 
4498	2 
4499	83 
4500	56 
4501	81 
4502	38 
4503	18 
4504	15 
4505	5 
4506	33 
4507	14 
4508	28 
4509	101 
4510	58 
4511	51 
4512	8 
4513	90 
4514	66 
4515	80 
4516	6 
4517	92 
4518	56 
4519	50 
4520	74 
4521	35 
4522	35 
4523	103 
4524	34 
4525	51 
4526	98 
4527	44 
4528	2 
4529	21 
4530	44 
4531	56 
4532	49 
4533	61 
4534	8 
4535	66 
4536	15 
4537	8 
4538	84 
4539	92 
4540	81 
4541	103 
4542	45 
4543	83 
4544	102 
4545	88 
4546	85 
4547	46 
4548	56 
4549	79 
4550	15 
4551	19 
4552	55 
4553	92 
4554	60 
4555	44 
4556	30 
4557	88 
4558	71 
4559	103 
4560	69 
4561	7 
4562	7 
4563	57 
4564	103 
4565	58 
4566	60 
4567	19 
4568	69 
4569	15 
4570	80 
4571	11 
4572	82 
4573	63 
4574	55 
4575	45 
4576	104 
4577	41 
4578	57 
4579	38 
4580	84 
4581	104 
4582	61 
4583	19 
4584	6 
4585	17 
4586	34 
4587	50 
4588	58 
4589	43 
4590	38 
4591	46 
4592	45 
4593	32 
4594	18 
4595	76 
4596	104 
4597	58 
4598	19 
4599	30 
4600	46 
4601	50 
4602	103 
4603	51 
4604	85 
4605	84 
4606	45 
4607	38 
4608	55 
4609	38 
4610	81 
4611	75 
4612	38 
4613	90 
4614	63 
4615	30 
4616	90 
4617	61 
4618	19 
4619	85 
4620	71 
4621	46 
4622	7 
4623	74 
4624	58 
4625	35 
4626	57 
4627	74 
4628	50 
4629	63 
4630	61 
4631	59 
4632	41 
4633	69 
4634	76 
4635	2 
4636	85 
4637	79 
4638	15 
4639	28 
4640	72 
4641	44 
4642	56 
4643	88 
4644	64 
4645	85 
4646	34 
4647	102 
4648	44 
4649	30 
4650	34 
4651	32 
4652	38 
4653	59 
4654	19 
4655	38 
4656	104 
4657	44 
4658	53 
4659	41 
4660	30 
4661	30 
4662	14 
4663	55 
4664	103 
4665	89 
4666	61 
4667	19 
4668	15 
4669	7 
4670	7 
4671	56 
4672	33 
4673	11 
4674	71 
4675	46 
4676	21 
4677	72 
4678	19 
4679	56 
4680	84 
4681	38 
4682	15 
4683	45 
4684	60 
4685	53 
4686	60 
4687	76 
4688	19 
4689	102 
4690	53 
4691	34 
4692	66 
4693	45 
4694	69 
4695	83 
4696	60 
4697	103 
4698	75 
4699	41 
4700	102 
4701	57 
4702	64 
4703	31 
4704	53 
4705	63 
4706	14 
4707	21 
4708	59 
4709	90 
4710	103 
4711	16 
4712	11 
4713	63 
4714	79 
4715	41 
4716	85 
4717	21 
4718	72 
4719	80 
4720	80 
4721	30 
4722	41 
4723	64 
4724	13 
4725	103 
4726	41 
4727	58 
4728	66 
4729	53 
4730	63 
4731	59 
4732	58 
4733	88 
4734	64 
4735	43 
4736	34 
4737	15 
4738	79 
4739	21 
4740	55 
4741	71 
4742	80 
4743	58 
4744	84 
4745	55 
4746	60 
4747	79 
4748	83 
4749	45 
4750	90 
4751	69 
4752	58 
4753	44 
4754	41 
4755	72 
4756	89 
4757	84 
4758	89 
4759	57 
4760	82 
4761	56 
4762	13 
4763	60 
4764	13 
4765	85 
4766	64 
4767	103 
4768	56 
4769	17 
4770	38 
4771	50 
4772	50 
4773	21 
4774	103 
4775	15 
4776	60 
4777	64 
4778	83 
4779	55 
4780	90 
4781	56 
4782	61 
4783	80 
4784	53 
4785	16 
4786	80 
4787	41 
4788	102 
4789	57 
4790	60 
4791	64 
4792	45 
4793	13 
4794	80 
4795	66 
4796	103 
4797	84 
4798	63 
4799	84 
4800	45 
4801	83 
4802	16 
4803	64 
4804	46 
4805	16 
4806	31 
4807	71 
4808	13 
4809	13 
4810	17 
4811	58 
4812	66 
4813	55 
4814	66 
4815	13 
4816	34 
4817	17 
4818	60 
4819	13 
4820	16 
4821	55 
4822	53 
4823	15 
4824	38 
4825	13 
4826	71 
4827	21 
4828	58 
4829	85 
4830	64 
4831	21 
4832	58 
4833	19 
4834	21 
4835	84 
4836	71 
4837	21 
4838	83 
4839	64 
4840	80 
4841	43 
4842	90 
4843	80 
4844	61 
4845	83 
4846	15 
4847	102 
4848	16 
4849	71 
4850	55 
4851	58 
4852	14 
4853	90 
4854	102 
4855	21 
4856	38 
4857	46 
4858	34 
4859	84 
4860	61 
4861	13 
4862	43 
4863	50 
4864	34 
4865	64 
4866	19 
4867	34 
4868	30 
4869	17 
4870	21 
4871	61 
4872	14 
4873	102 
4874	15 
4875	88 
4876	55 
4877	60 
4878	19 
4879	21 
4880	14 
4881	38 
4882	53 
4883	41 
4884	66 
4885	45 
4886	31 
4887	38 
4888	38 
4889	85 
4890	53 
4891	13 
4892	71 
4893	83 
4894	60 
4895	14 
4896	30 
4897	14 
4898	53 
4899	53 
4900	13 
4901	84 
4902	38 
4903	15 
4904	69 
4905	46 
4906	58 
4907	55 
4908	69 
4909	13 
4910	17 
4911	90 
4912	69 
4913	46 
4914	38 
4915	34 
4916	34 
4917	69 
4918	31 
4919	66 
4920	69 
4921	55 
4922	45 
4923	85 
4924	84 
4925	38 
4926	34 
4927	21 
4928	71 
4929	61 
4930	53 
4931	71 
4932	31 
4933	80 
4934	55 
4935	41 
4936	13 
4937	85 
4938	50 
4939	45 
4940	71 
4941	50 
4942	84 
4943	84 
4944	53 
4945	55 
4946	56 
4947	21 
4948	31 
4949	84 
4950	84 
4951	19 
4952	71 
4953	15 
4954	21 
4955	21 
4956	46 
4957	71 
4958	31 
4959	31 
4960	53 
4961	85 
4962	38 
4963	19 
4964	38 
4965	53 
4966	38 
4967	84 
4968	85 
4969	71 
4970	15 
4971	30 
4972	38 
4973	56 
4974	21 
4975	53 
4976	56 
4977	45 
4978	53 
4979	45 
4980	46 
4981	85 
4982	46 
4983	15 
4984	34 
4985	34 
4986	71 
4987	15 
4988	19 
4989	21 
4990	34 
4991	38 
4992	85 
4993	85 
4994	56 
4995	84 
4996	30 
4997	53 
4998	15 
4999	71 
5000	71 
